id,type,urgency,status,assigned_machine,arrival_time,execution_time,energy_usage,start_time,completion_time,missed_time,deadline,extended_deadline
0,TT1,BESTEFFORT,COMPLETED,m4-1,0.189,"{'m1-1': 2.319, 'm2-1': 1.877, 'm3-1': 4.596, 'm4-1': 0.667}",1.0005000000000002,0.189,0.8560000000000001,inf,5.189,5.189
1,TT2,BESTEFFORT,COMPLETED,m4-1,0.257,"{'m1-1': 2.409, 'm2-1': 1.979, 'm3-1': 3.852, 'm4-1': 0.844}",1.266,0.8560000000000001,1.7000000000000002,inf,5.356999999999999,5.356999999999999
2,TT4,BESTEFFORT,COMPLETED,m4-1,0.302,"{'m1-1': 2.219, 'm2-1': 1.404, 'm3-1': 4.899, 'm4-1': 1.02}",1.53,1.7000000000000002,2.72,inf,5.302,5.302
3,TT1,BESTEFFORT,COMPLETED,m4-1,0.645,"{'m1-1': 1.921, 'm2-1': 1.622, 'm3-1': 4.523, 'm4-1': 0.656}",0.984,2.72,3.3760000000000003,inf,5.645,5.645
4,TT4,BESTEFFORT,COMPLETED,m4-1,1.037,"{'m1-1': 2.208, 'm2-1': 1.496, 'm3-1': 4.664, 'm4-1': 0.86}",1.29,3.3760000000000003,4.236000000000001,inf,6.037,6.037
5,TT1,BESTEFFORT,COMPLETED,m1-1,1.086,"{'m1-1': 1.967, 'm2-1': 1.682, 'm3-1': 3.984, 'm4-1': 0.651}",3.1472,1.086,3.053,inf,6.086,6.086
6,TT1,BESTEFFORT,COMPLETED,m1-1,1.155,"{'m1-1': 2.595, 'm2-1': 1.725, 'm3-1': 3.633, 'm4-1': 0.724}",4.152,3.053,5.648,inf,6.155,6.155
7,TT1,BESTEFFORT,COMPLETED,m2-1,1.693,"{'m1-1': 2.009, 'm2-1': 1.952, 'm3-1': 4.727, 'm4-1': 0.751}",5.856,1.693,3.645,inf,6.693,6.693
8,TT4,BESTEFFORT,COMPLETED,m4-1,1.991,"{'m1-1': 1.95, 'm2-1': 1.426, 'm3-1': 4.879, 'm4-1': 0.905}",1.3575,4.236000000000001,5.141000000000001,inf,6.991,6.991
9,TT3,BESTEFFORT,COMPLETED,m2-1,2.124,"{'m1-1': 2.423, 'm2-1': 1.326, 'm3-1': 5.046, 'm4-1': 0.803}",3.978,3.645,4.971,inf,7.324,7.324
10,TT2,BESTEFFORT,COMPLETED,m2-1,2.417,"{'m1-1': 2.035, 'm2-1': 1.98, 'm3-1': 4.597, 'm4-1': 0.884}",5.9399999999999995,4.971,6.9510000000000005,inf,7.5169999999999995,7.5169999999999995
11,TT3,BESTEFFORT,MISSED,m3-1,2.461,"{'m1-1': 1.741, 'm2-1': 1.748, 'm3-1': 5.415, 'm4-1': 0.915}",9.36,2.461,inf,7.661,7.661,7.661
12,TT1,BESTEFFORT,CANCELLED,,2.589,"{'m1-1': 1.865, 'm2-1': 1.549, 'm3-1': 4.456, 'm4-1': 0.751}",0.0,inf,inf,inf,7.589,7.589
13,TT1,BESTEFFORT,CANCELLED,,2.628,"{'m1-1': 1.999, 'm2-1': 1.836, 'm3-1': 4.031, 'm4-1': 0.734}",0.0,inf,inf,inf,7.628,7.628
14,TT1,BESTEFFORT,CANCELLED,,2.686,"{'m1-1': 2.244, 'm2-1': 1.853, 'm3-1': 4.725, 'm4-1': 0.736}",0.0,inf,inf,inf,7.686,7.686
15,TT1,BESTEFFORT,CANCELLED,,2.707,"{'m1-1': 2.223, 'm2-1': 1.867, 'm3-1': 3.776, 'm4-1': 0.746}",0.0,inf,inf,inf,7.707,7.707
16,TT4,BESTEFFORT,COMPLETED,m4-1,2.996,"{'m1-1': 1.957, 'm2-1': 1.819, 'm3-1': 4.274, 'm4-1': 0.878}",1.317,5.141000000000001,6.019000000000001,inf,7.996,7.996
17,TT1,BESTEFFORT,MISSED,m1-1,3.064,"{'m1-1': 2.502, 'm2-1': 1.838, 'm3-1': 4.888, 'm4-1': 0.859}",3.8656000000000006,5.648,inf,8.064,8.064,8.064
18,TT3,BESTEFFORT,MISSED,m2-1,3.232,"{'m1-1': 1.944, 'm2-1': 1.622, 'm3-1': 5.7, 'm4-1': 0.985}",4.443,6.9510000000000005,inf,8.432,8.432,8.432
19,TT4,BESTEFFORT,COMPLETED,m4-1,3.363,"{'m1-1': 2.035, 'm2-1': 1.402, 'm3-1': 4.886, 'm4-1': 1.015}",1.5225,6.019000000000001,7.034000000000001,inf,8.363,8.363
20,TT2,BESTEFFORT,CANCELLED,,3.423,"{'m1-1': 2.644, 'm2-1': 2.066, 'm3-1': 4.44, 'm4-1': 0.924}",0.0,inf,inf,inf,8.523,8.523
21,TT2,BESTEFFORT,CANCELLED,,3.635,"{'m1-1': 2.157, 'm2-1': 1.856, 'm3-1': 4.248, 'm4-1': 0.965}",0.0,inf,inf,inf,8.735,8.735
22,TT1,BESTEFFORT,CANCELLED,,3.773,"{'m1-1': 2.025, 'm2-1': 1.565, 'm3-1': 4.936, 'm4-1': 0.75}",0.0,inf,inf,inf,8.773,8.773
23,TT1,BESTEFFORT,CANCELLED,,3.87,"{'m1-1': 2.528, 'm2-1': 1.755, 'm3-1': 4.613, 'm4-1': 0.621}",0.0,inf,inf,inf,8.870000000000001,8.870000000000001
24,TT1,BESTEFFORT,CANCELLED,,3.954,"{'m1-1': 2.269, 'm2-1': 1.622, 'm3-1': 3.806, 'm4-1': 0.695}",0.0,inf,inf,inf,8.954,8.954
25,TT3,BESTEFFORT,CANCELLED,,4.122,"{'m1-1': 2.26, 'm2-1': 1.731, 'm3-1': 5.502, 'm4-1': 0.778}",0.0,inf,inf,inf,9.322,9.322
26,TT1,BESTEFFORT,COMPLETED,m4-1,4.346,"{'m1-1': 2.312, 'm2-1': 1.663, 'm3-1': 4.019, 'm4-1': 0.682}",1.0230000000000001,7.034000000000001,7.716000000000001,inf,9.346,9.346
27,TT2,BESTEFFORT,CANCELLED,,4.39,"{'m1-1': 2.213, 'm2-1': 2.035, 'm3-1': 4.25, 'm4-1': 0.878}",0.0,inf,inf,inf,9.489999999999998,9.489999999999998
28,TT3,BESTEFFORT,CANCELLED,,4.473,"{'m1-1': 1.763, 'm2-1': 1.391, 'm3-1': 4.592, 'm4-1': 0.833}",0.0,inf,inf,inf,9.673,9.673
29,TT3,BESTEFFORT,CANCELLED,,4.506,"{'m1-1': 2.22, 'm2-1': 1.444, 'm3-1': 4.247, 'm4-1': 0.919}",0.0,inf,inf,inf,9.706,9.706
30,TT2,BESTEFFORT,CANCELLED,,4.532,"{'m1-1': 2.427, 'm2-1': 1.528, 'm3-1': 4.098, 'm4-1': 0.724}",0.0,inf,inf,inf,9.632,9.632
31,TT2,BESTEFFORT,CANCELLED,,4.564,"{'m1-1': 2.332, 'm2-1': 1.908, 'm3-1': 4.137, 'm4-1': 0.858}",0.0,inf,inf,inf,9.664,9.664
32,TT2,BESTEFFORT,COMPLETED,m4-1,5.602,"{'m1-1': 2.529, 'm2-1': 2.04, 'm3-1': 4.838, 'm4-1': 0.934}",1.401,7.716000000000001,8.65,inf,10.702,10.702
33,TT1,BESTEFFORT,COMPLETED,m1-1,5.86,"{'m1-1': 2.091, 'm2-1': 1.902, 'm3-1': 4.225, 'm4-1': 0.684}",3.3456000000000006,8.064,10.155000000000001,inf,10.86,10.86
34,TT4,BESTEFFORT,COMPLETED,m2-1,5.965,"{'m1-1': 1.89, 'm2-1': 1.783, 'm3-1': 3.709, 'm4-1': 0.891}",5.349,8.432,10.215,inf,10.965,10.965
35,TT1,BESTEFFORT,COMPLETED,m4-1,6.377,"{'m1-1': 1.964, 'm2-1': 1.79, 'm3-1': 4.441, 'm4-1': 0.664}",0.996,8.65,9.314,inf,11.376999999999999,11.376999999999999
36,TT1,BESTEFFORT,CANCELLED,,6.655,"{'m1-1': 2.318, 'm2-1': 1.866, 'm3-1': 4.614, 'm4-1': 0.716}",0.0,inf,inf,inf,11.655000000000001,11.655000000000001
37,TT3,BESTEFFORT,COMPLETED,m4-1,7.13,"{'m1-1': 2.344, 'm2-1': 1.471, 'm3-1': 4.261, 'm4-1': 0.773}",1.1595,9.314,10.087,inf,12.33,12.33
38,TT1,BESTEFFORT,COMPLETED,m2-1,7.442,"{'m1-1': 2.101, 'm2-1': 1.951, 'm3-1': 4.357, 'm4-1': 0.61}",5.853,10.215,12.166,inf,12.442,12.442
39,TT4,BESTEFFORT,COMPLETED,m4-1,7.846,"{'m1-1': 2.199, 'm2-1': 1.827, 'm3-1': 4.886, 'm4-1': 0.83}",1.2449999999999999,10.087,10.917,inf,12.846,12.846
40,TT4,BESTEFFORT,COMPLETED,m1-1,7.981,"{'m1-1': 1.747, 'm2-1': 1.646, 'm3-1': 4.377, 'm4-1': 0.93}",2.7952000000000004,10.155000000000001,11.902000000000001,inf,12.981,12.981
41,TT1,BESTEFFORT,COMPLETED,m3-1,8.071,"{'m1-1': 2.306, 'm2-1': 1.828, 'm3-1': 3.979, 'm4-1': 0.641}",7.1622,8.071,12.05,inf,13.071,13.071
42,TT2,BESTEFFORT,MISSED,m2-1,8.581,"{'m1-1': 2.409, 'm2-1': 1.626, 'm3-1': 4.768, 'm4-1': 0.867}",4.544999999999996,12.166,inf,13.681,13.681,13.681
43,TT3,BESTEFFORT,COMPLETED,m4-1,8.659,"{'m1-1': 2.323, 'm2-1': 1.787, 'm3-1': 4.791, 'm4-1': 0.905}",1.3575,10.917,11.822,inf,13.859000000000002,13.859000000000002
44,TT1,BESTEFFORT,CANCELLED,,9.228,"{'m1-1': 2.466, 'm2-1': 1.419, 'm3-1': 3.729, 'm4-1': 0.643}",0.0,inf,inf,inf,14.228,14.228
45,TT1,BESTEFFORT,CANCELLED,,9.3,"{'m1-1': 1.94, 'm2-1': 1.653, 'm3-1': 3.628, 'm4-1': 0.849}",0.0,inf,inf,inf,14.3,14.3
46,TT4,BESTEFFORT,COMPLETED,m4-1,9.707,"{'m1-1': 2.063, 'm2-1': 1.894, 'm3-1': 4.498, 'm4-1': 0.958}",1.4369999999999998,11.822,12.78,inf,14.707,14.707
47,TT3,BESTEFFORT,COMPLETED,m1-1,9.837,"{'m1-1': 2.286, 'm2-1': 1.625, 'm3-1': 4.942, 'm4-1': 0.801}",3.6576000000000004,11.902000000000001,14.188,inf,15.036999999999999,15.036999999999999
48,TT1,BESTEFFORT,COMPLETED,m4-1,9.997,"{'m1-1': 2.526, 'm2-1': 1.728, 'm3-1': 4.53, 'm4-1': 0.667}",1.0005000000000002,12.78,13.447,inf,14.997,14.997
49,TT1,BESTEFFORT,CANCELLED,,10.238,"{'m1-1': 1.852, 'm2-1': 1.433, 'm3-1': 4.167, 'm4-1': 0.847}",0.0,inf,inf,inf,15.238,15.238
50,TT3,BESTEFFORT,COMPLETED,m2-1,10.34,"{'m1-1': 1.723, 'm2-1': 1.751, 'm3-1': 5.888, 'm4-1': 0.865}",5.253,13.681,15.431999999999999,inf,15.54,15.54
51,TT1,BESTEFFORT,CANCELLED,,10.774,"{'m1-1': 2.009, 'm2-1': 1.486, 'm3-1': 4.483, 'm4-1': 0.642}",0.0,inf,inf,inf,15.774,15.774
52,TT2,BESTEFFORT,CANCELLED,,10.861,"{'m1-1': 2.523, 'm2-1': 2.127, 'm3-1': 4.213, 'm4-1': 0.873}",0.0,inf,inf,inf,15.961,15.961
53,TT2,BESTEFFORT,COMPLETED,m4-1,11.261,"{'m1-1': 1.881, 'm2-1': 2.056, 'm3-1': 4.838, 'm4-1': 0.967}",1.4505,13.447,14.414,inf,16.360999999999997,16.360999999999997
54,TT2,BESTEFFORT,COMPLETED,m3-1,11.448,"{'m1-1': 2.03, 'm2-1': 1.63, 'm3-1': 4.444, 'm4-1': 0.956}",7.9992,12.05,16.494,inf,16.548000000000002,16.548000000000002
55,TT1,BESTEFFORT,MISSED,m2-1,11.64,"{'m1-1': 2.254, 'm2-1': 1.48, 'm3-1': 4.916, 'm4-1': 0.715}",3.624000000000006,15.431999999999999,inf,16.64,16.64,16.64
56,TT3,BESTEFFORT,COMPLETED,m4-1,11.765,"{'m1-1': 1.952, 'm2-1': 1.444, 'm3-1': 5.577, 'm4-1': 0.865}",1.2974999999999999,14.414,15.279,inf,16.965,16.965
57,TT2,BESTEFFORT,COMPLETED,m1-1,11.991,"{'m1-1': 2.64, 'm2-1': 1.612, 'm3-1': 4.444, 'm4-1': 0.825}",4.224,14.188,16.828,inf,17.091,17.091
58,TT2,BESTEFFORT,CANCELLED,,12.017,"{'m1-1': 2.496, 'm2-1': 1.61, 'm3-1': 4.861, 'm4-1': 0.966}",0.0,inf,inf,inf,17.116999999999997,17.116999999999997
59,TT3,BESTEFFORT,CANCELLED,,12.335,"{'m1-1': 1.993, 'm2-1': 1.477, 'm3-1': 5.615, 'm4-1': 0.984}",0.0,inf,inf,inf,17.535,17.535
60,TT3,BESTEFFORT,CANCELLED,,12.393,"{'m1-1': 1.941, 'm2-1': 1.46, 'm3-1': 4.692, 'm4-1': 0.851}",0.0,inf,inf,inf,17.593,17.593
61,TT3,BESTEFFORT,CANCELLED,,12.516,"{'m1-1': 2.294, 'm2-1': 1.329, 'm3-1': 4.73, 'm4-1': 0.871}",0.0,inf,inf,inf,17.716,17.716
62,TT3,BESTEFFORT,CANCELLED,,12.747,"{'m1-1': 2.203, 'm2-1': 1.698, 'm3-1': 5.275, 'm4-1': 0.752}",0.0,inf,inf,inf,17.947,17.947
63,TT4,BESTEFFORT,COMPLETED,m4-1,12.818,"{'m1-1': 2.454, 'm2-1': 1.805, 'm3-1': 3.965, 'm4-1': 0.944}",1.416,15.279,16.223,inf,17.817999999999998,17.817999999999998
64,TT2,BESTEFFORT,CANCELLED,,12.896,"{'m1-1': 1.971, 'm2-1': 1.557, 'm3-1': 4.881, 'm4-1': 0.873}",0.0,inf,inf,inf,17.996000000000002,17.996000000000002
65,TT1,BESTEFFORT,CANCELLED,,12.988,"{'m1-1': 1.939, 'm2-1': 1.959, 'm3-1': 4.563, 'm4-1': 0.723}",0.0,inf,inf,inf,17.988,17.988
66,TT4,BESTEFFORT,MISSED,m2-1,13.096,"{'m1-1': 1.769, 'm2-1': 1.784, 'm3-1': 4.734, 'm4-1': 0.955}",4.3679999999999986,16.64,inf,18.096,18.096,18.096
67,TT1,BESTEFFORT,COMPLETED,m4-1,13.658,"{'m1-1': 2.334, 'm2-1': 1.824, 'm3-1': 4.019, 'm4-1': 0.742}",1.113,16.223,16.965,inf,18.658,18.658
68,TT2,BESTEFFORT,CANCELLED,,13.679,"{'m1-1': 1.897, 'm2-1': 1.684, 'm3-1': 4.965, 'm4-1': 0.719}",0.0,inf,inf,inf,18.779,18.779
69,TT1,BESTEFFORT,COMPLETED,m1-1,14.089,"{'m1-1': 2.234, 'm2-1': 1.729, 'm3-1': 3.753, 'm4-1': 0.738}",3.5744000000000002,16.828,19.061999999999998,inf,19.089,19.089
70,TT3,BESTEFFORT,CANCELLED,,14.105,"{'m1-1': 1.956, 'm2-1': 1.783, 'm3-1': 4.838, 'm4-1': 0.922}",0.0,inf,inf,inf,19.305,19.305
71,TT4,BESTEFFORT,COMPLETED,m4-1,14.429,"{'m1-1': 2.268, 'm2-1': 1.609, 'm3-1': 4.046, 'm4-1': 1.032}",1.548,16.965,17.997,inf,19.429000000000002,19.429000000000002
72,TT4,BESTEFFORT,CANCELLED,,14.687,"{'m1-1': 2.167, 'm2-1': 1.788, 'm3-1': 4.555, 'm4-1': 0.917}",0.0,inf,inf,inf,19.686999999999998,19.686999999999998
73,TT1,BESTEFFORT,COMPLETED,m2-1,14.998,"{'m1-1': 1.886, 'm2-1': 1.516, 'm3-1': 4.418, 'm4-1': 0.682}",4.548,18.096,19.612000000000002,inf,19.997999999999998,19.997999999999998
74,TT1,BESTEFFORT,MISSED,m3-1,15.146,"{'m1-1': 2.197, 'm2-1': 1.896, 'm3-1': 4.498, 'm4-1': 0.746}",6.573600000000002,16.494,inf,20.146,20.146,20.146
75,TT3,BESTEFFORT,COMPLETED,m4-1,15.689,"{'m1-1': 2.235, 'm2-1': 1.274, 'm3-1': 5.91, 'm4-1': 0.758}",1.137,17.997,18.755,inf,20.889,20.889
76,TT2,BESTEFFORT,COMPLETED,m4-1,15.841,"{'m1-1': 1.904, 'm2-1': 1.792, 'm3-1': 4.658, 'm4-1': 0.954}",1.431,18.755,19.709,inf,20.941,20.941
77,TT2,BESTEFFORT,MISSED,m1-1,16.257,"{'m1-1': 2.513, 'm2-1': 1.692, 'm3-1': 3.936, 'm4-1': 0.937}",3.672000000000003,19.061999999999998,inf,21.357,21.357,21.357
78,TT4,BESTEFFORT,COMPLETED,m2-1,16.371,"{'m1-1': 2.118, 'm2-1': 1.716, 'm3-1': 4.249, 'm4-1': 0.837}",5.148,19.612000000000002,21.328000000000003,inf,21.371,21.371
79,TT3,BESTEFFORT,CANCELLED,,16.452,"{'m1-1': 2.149, 'm2-1': 1.431, 'm3-1': 4.901, 'm4-1': 0.786}",0.0,inf,inf,inf,21.652,21.652
80,TT4,BESTEFFORT,CANCELLED,,16.579,"{'m1-1': 2.18, 'm2-1': 1.636, 'm3-1': 4.378, 'm4-1': 0.819}",0.0,inf,inf,inf,21.579,21.579
81,TT3,BESTEFFORT,CANCELLED,,16.595,"{'m1-1': 2.323, 'm2-1': 1.71, 'm3-1': 5.202, 'm4-1': 0.985}",0.0,inf,inf,inf,21.794999999999998,21.794999999999998
82,TT2,BESTEFFORT,CANCELLED,,16.667,"{'m1-1': 2.457, 'm2-1': 1.585, 'm3-1': 3.898, 'm4-1': 0.836}",0.0,inf,inf,inf,21.767000000000003,21.767000000000003
83,TT2,BESTEFFORT,CANCELLED,,16.767,"{'m1-1': 2.276, 'm2-1': 1.775, 'm3-1': 4.871, 'm4-1': 1.005}",0.0,inf,inf,inf,21.866999999999997,21.866999999999997
84,TT3,BESTEFFORT,COMPLETED,m4-1,16.993,"{'m1-1': 1.744, 'm2-1': 1.427, 'm3-1': 4.972, 'm4-1': 0.955}",1.4324999999999999,19.709,20.663999999999998,inf,22.192999999999998,22.192999999999998
85,TT4,BESTEFFORT,CANCELLED,,17.351,"{'m1-1': 1.959, 'm2-1': 1.66, 'm3-1': 4.234, 'm4-1': 0.793}",0.0,inf,inf,inf,22.351,22.351
86,TT2,BESTEFFORT,CANCELLED,,17.597,"{'m1-1': 2.253, 'm2-1': 1.901, 'm3-1': 4.529, 'm4-1': 0.964}",0.0,inf,inf,inf,22.697000000000003,22.697000000000003
87,TT4,BESTEFFORT,COMPLETED,m4-1,18.031,"{'m1-1': 1.852, 'm2-1': 1.833, 'm3-1': 4.352, 'm4-1': 0.835}",1.2525,20.663999999999998,21.499,inf,23.031,23.031
88,TT3,BESTEFFORT,COMPLETED,m1-1,18.127,"{'m1-1': 1.96, 'm2-1': 1.27, 'm3-1': 5.47, 'm4-1': 0.735}",3.136,21.357,23.317,inf,23.326999999999998,23.326999999999998
89,TT4,BESTEFFORT,COMPLETED,m2-1,18.37,"{'m1-1': 1.974, 'm2-1': 1.452, 'm3-1': 4.961, 'm4-1': 0.931}",4.356,21.328000000000003,22.78,inf,23.37,23.37
90,TT4,BESTEFFORT,CANCELLED,,18.447,"{'m1-1': 2.007, 'm2-1': 1.721, 'm3-1': 3.863, 'm4-1': 0.853}",0.0,inf,inf,inf,23.447,23.447
91,TT3,BESTEFFORT,CANCELLED,,18.522,"{'m1-1': 1.923, 'm2-1': 1.7, 'm3-1': 4.676, 'm4-1': 0.88}",0.0,inf,inf,inf,23.721999999999998,23.721999999999998
92,TT2,BESTEFFORT,COMPLETED,m4-1,19.11,"{'m1-1': 2.611, 'm2-1': 1.831, 'm3-1': 4.658, 'm4-1': 0.926}",1.389,21.499,22.424999999999997,inf,24.21,24.21
93,TT2,BESTEFFORT,COMPLETED,m4-1,19.938,"{'m1-1': 2.186, 'm2-1': 1.933, 'm3-1': 5.127, 'm4-1': 0.995}",1.4925,22.424999999999997,23.419999999999998,inf,25.037999999999997,25.037999999999997
94,TT2,BESTEFFORT,COMPLETED,m2-1,20.01,"{'m1-1': 2.191, 'm2-1': 1.583, 'm3-1': 4.331, 'm4-1': 0.732}",4.749,22.78,24.363,inf,25.11,25.11
95,TT3,BESTEFFORT,COMPLETED,m1-1,20.519,"{'m1-1': 1.726, 'm2-1': 1.704, 'm3-1': 5.399, 'm4-1': 0.954}",2.7616,23.317,25.043,inf,25.718999999999998,25.718999999999998
96,TT2,BESTEFFORT,COMPLETED,m3-1,20.59,"{'m1-1': 2.39, 'm2-1': 2.064, 'm3-1': 4.666, 'm4-1': 0.763}",8.398800000000001,20.59,25.256,inf,25.689999999999998,25.689999999999998
97,TT1,BESTEFFORT,COMPLETED,m4-1,20.835,"{'m1-1': 2.013, 'm2-1': 1.523, 'm3-1': 4.326, 'm4-1': 0.78}",1.17,23.419999999999998,24.2,inf,25.835,25.835
98,TT3,BESTEFFORT,COMPLETED,m2-1,21.145,"{'m1-1': 2.191, 'm2-1': 1.713, 'm3-1': 4.473, 'm4-1': 0.808}",5.139,24.363,26.076,inf,26.345,26.345
99,TT4,BESTEFFORT,CANCELLED,,21.179,"{'m1-1': 1.773, 'm2-1': 1.701, 'm3-1': 4.323, 'm4-1': 1.067}",0.0,inf,inf,inf,26.179,26.179
100,TT2,BESTEFFORT,CANCELLED,,21.322,"{'m1-1': 2.481, 'm2-1': 1.768, 'm3-1': 4.543, 'm4-1': 1.01}",0.0,inf,inf,inf,26.421999999999997,26.421999999999997
101,TT3,BESTEFFORT,CANCELLED,,21.334,"{'m1-1': 2.13, 'm2-1': 1.792, 'm3-1': 5.203, 'm4-1': 0.874}",0.0,inf,inf,inf,26.534,26.534
102,TT1,BESTEFFORT,COMPLETED,m4-1,21.478,"{'m1-1': 2.565, 'm2-1': 1.661, 'm3-1': 4.541, 'm4-1': 0.86}",1.29,24.2,25.06,inf,26.478,26.478
103,TT4,BESTEFFORT,CANCELLED,,21.519,"{'m1-1': 2.083, 'm2-1': 1.85, 'm3-1': 4.925, 'm4-1': 0.786}",0.0,inf,inf,inf,26.519,26.519
104,TT1,BESTEFFORT,CANCELLED,,21.712,"{'m1-1': 2.076, 'm2-1': 1.451, 'm3-1': 4.301, 'm4-1': 0.724}",0.0,inf,inf,inf,26.712,26.712
105,TT3,BESTEFFORT,COMPLETED,m4-1,21.973,"{'m1-1': 1.732, 'm2-1': 1.338, 'm3-1': 4.237, 'm4-1': 0.981}",1.4715,25.06,26.041,inf,27.173,27.173
106,TT3,BESTEFFORT,COMPLETED,m1-1,22.737,"{'m1-1': 2.306, 'm2-1': 1.345, 'm3-1': 4.62, 'm4-1': 0.738}",3.6896000000000004,25.043,27.349,inf,27.936999999999998,27.936999999999998
107,TT2,BESTEFFORT,CANCELLED,,22.778,"{'m1-1': 2.005, 'm2-1': 2.034, 'm3-1': 4.024, 'm4-1': 0.907}",0.0,inf,inf,inf,27.878,27.878
108,TT3,BESTEFFORT,COMPLETED,m2-1,22.946,"{'m1-1': 2.034, 'm2-1': 1.733, 'm3-1': 5.541, 'm4-1': 0.951}",5.199,26.076,27.809,inf,28.146,28.146
109,TT1,BESTEFFORT,CANCELLED,,23.144,"{'m1-1': 2.559, 'm2-1': 1.69, 'm3-1': 4.046, 'm4-1': 0.672}",0.0,inf,inf,inf,28.144,28.144
110,TT3,BESTEFFORT,COMPLETED,m4-1,23.414,"{'m1-1': 1.817, 'm2-1': 1.412, 'm3-1': 5.488, 'm4-1': 0.931}",1.3965,26.041,26.972,inf,28.614,28.614
111,TT1,BESTEFFORT,CANCELLED,,23.437,"{'m1-1': 2.615, 'm2-1': 1.565, 'm3-1': 3.837, 'm4-1': 0.76}",0.0,inf,inf,inf,28.437,28.437
112,TT4,BESTEFFORT,CANCELLED,,23.441,"{'m1-1': 1.885, 'm2-1': 1.513, 'm3-1': 4.064, 'm4-1': 0.793}",0.0,inf,inf,inf,28.441,28.441
113,TT1,BESTEFFORT,COMPLETED,m4-1,23.575,"{'m1-1': 2.43, 'm2-1': 1.872, 'm3-1': 5.07, 'm4-1': 0.765}",1.1475,26.972,27.737000000000002,inf,28.575,28.575
114,TT4,BESTEFFORT,CANCELLED,,24.202,"{'m1-1': 2.233, 'm2-1': 1.601, 'm3-1': 4.641, 'm4-1': 0.953}",0.0,inf,inf,inf,29.202,29.202
115,TT3,BESTEFFORT,COMPLETED,m4-1,25.22,"{'m1-1': 2.271, 'm2-1': 1.751, 'm3-1': 5.0, 'm4-1': 0.922}",1.383,27.737000000000002,28.659000000000002,inf,30.419999999999998,30.419999999999998
116,TT2,BESTEFFORT,COMPLETED,m1-1,25.38,"{'m1-1': 2.339, 'm2-1': 1.636, 'm3-1': 4.788, 'm4-1': 0.803}",3.7424,27.349,29.688,inf,30.479999999999997,30.479999999999997
117,TT1,BESTEFFORT,COMPLETED,m4-1,26.42,"{'m1-1': 2.553, 'm2-1': 1.639, 'm3-1': 4.076, 'm4-1': 0.849}",1.2734999999999999,28.659000000000002,29.508000000000003,inf,31.42,31.42
118,TT2,BESTEFFORT,MISSED,m1-1,26.655,"{'m1-1': 2.319, 'm2-1': 1.545, 'm3-1': 5.052, 'm4-1': 0.823}",3.307200000000006,29.688,inf,31.755000000000003,31.755000000000003,31.755000000000003
119,TT1,BESTEFFORT,COMPLETED,m4-1,27.443,"{'m1-1': 2.087, 'm2-1': 1.809, 'm3-1': 4.028, 'm4-1': 0.704}",1.056,29.508000000000003,30.212000000000003,inf,32.443,32.443
120,TT4,BESTEFFORT,COMPLETED,m2-1,27.73,"{'m1-1': 2.06, 'm2-1': 1.703, 'm3-1': 4.61, 'm4-1': 0.883}",5.109,27.809,29.512,inf,32.730000000000004,32.730000000000004
121,TT3,BESTEFFORT,COMPLETED,m4-1,28.056,"{'m1-1': 2.202, 'm2-1': 1.641, 'm3-1': 4.735, 'm4-1': 0.829}",1.2435,30.212000000000003,31.041000000000004,inf,33.256,33.256
122,TT4,BESTEFFORT,COMPLETED,m2-1,28.216,"{'m1-1': 2.087, 'm2-1': 1.829, 'm3-1': 4.066, 'm4-1': 0.806}",5.487,29.512,31.341,inf,33.216,33.216
123,TT2,BESTEFFORT,COMPLETED,m4-1,29.055,"{'m1-1': 2.605, 'm2-1': 1.892, 'm3-1': 3.807, 'm4-1': 0.778}",1.167,31.041000000000004,31.819000000000003,inf,34.155,34.155
124,TT1,BESTEFFORT,COMPLETED,m1-1,29.476,"{'m1-1': 2.244, 'm2-1': 1.598, 'm3-1': 4.338, 'm4-1': 0.674}",3.5904000000000007,31.755000000000003,33.999,inf,34.476,34.476
125,TT1,BESTEFFORT,COMPLETED,m4-1,29.687,"{'m1-1': 2.466, 'm2-1': 1.618, 'm3-1': 4.412, 'm4-1': 0.685}",1.0275,31.819000000000003,32.504000000000005,inf,34.687,34.687
126,TT1,BESTEFFORT,COMPLETED,m2-1,29.936,"{'m1-1': 2.539, 'm2-1': 1.618, 'm3-1': 4.138, 'm4-1': 0.848}",4.854,31.341,32.959,inf,34.936,34.936
127,TT4,BESTEFFORT,COMPLETED,m2-1,30.026,"{'m1-1': 1.986, 'm2-1': 1.898, 'm3-1': 5.06, 'm4-1': 0.879}",5.694,32.959,34.857000000000006,inf,35.025999999999996,35.025999999999996
128,TT1,BESTEFFORT,COMPLETED,m3-1,30.036,"{'m1-1': 1.991, 'm2-1': 1.467, 'm3-1': 3.693, 'm4-1': 0.818}",6.6474,30.036,33.729,inf,35.036,35.036
129,TT2,BESTEFFORT,COMPLETED,m4-1,30.555,"{'m1-1': 2.073, 'm2-1': 1.792, 'm3-1': 4.406, 'm4-1': 0.756}",1.134,32.504000000000005,33.260000000000005,inf,35.655,35.655
130,TT2,BESTEFFORT,CANCELLED,,30.699,"{'m1-1': 2.529, 'm2-1': 1.618, 'm3-1': 4.999, 'm4-1': 0.978}",0.0,inf,inf,inf,35.799,35.799
131,TT1,BESTEFFORT,CANCELLED,,31.019,"{'m1-1': 2.305, 'm2-1': 1.463, 'm3-1': 4.978, 'm4-1': 0.76}",0.0,inf,inf,inf,36.019,36.019
132,TT1,BESTEFFORT,CANCELLED,,31.026,"{'m1-1': 2.22, 'm2-1': 1.438, 'm3-1': 3.638, 'm4-1': 0.675}",0.0,inf,inf,inf,36.025999999999996,36.025999999999996
133,TT2,BESTEFFORT,CANCELLED,,31.041,"{'m1-1': 2.041, 'm2-1': 1.635, 'm3-1': 3.658, 'm4-1': 0.809}",0.0,inf,inf,inf,36.141,36.141
134,TT4,BESTEFFORT,COMPLETED,m4-1,31.342,"{'m1-1': 2.016, 'm2-1': 1.875, 'm3-1': 3.826, 'm4-1': 0.918}",1.377,33.260000000000005,34.178000000000004,inf,36.342,36.342
135,TT3,BESTEFFORT,COMPLETED,m1-1,31.584,"{'m1-1': 2.157, 'm2-1': 1.421, 'm3-1': 5.229, 'm4-1': 0.769}",3.4512,33.999,36.156000000000006,inf,36.784,36.784
136,TT1,BESTEFFORT,COMPLETED,m2-1,31.805,"{'m1-1': 2.146, 'm2-1': 1.702, 'm3-1': 4.042, 'm4-1': 0.687}",5.106,34.857000000000006,36.559000000000005,inf,36.805,36.805
137,TT1,BESTEFFORT,COMPLETED,m4-1,32.117,"{'m1-1': 1.982, 'm2-1': 1.631, 'm3-1': 3.64, 'm4-1': 0.703}",1.0545,34.178000000000004,34.88100000000001,inf,37.117,37.117
138,TT1,BESTEFFORT,CANCELLED,,32.202,"{'m1-1': 2.464, 'm2-1': 1.702, 'm3-1': 3.673, 'm4-1': 0.736}",0.0,inf,inf,inf,37.202,37.202
139,TT2,BESTEFFORT,CANCELLED,,32.326,"{'m1-1': 2.257, 'm2-1': 1.757, 'm3-1': 5.05, 'm4-1': 0.795}",0.0,inf,inf,inf,37.426,37.426
140,TT4,BESTEFFORT,COMPLETED,m4-1,32.424,"{'m1-1': 2.28, 'm2-1': 1.808, 'm3-1': 3.657, 'm4-1': 0.835}",1.2525,34.88100000000001,35.71600000000001,inf,37.424,37.424
141,TT1,BESTEFFORT,COMPLETED,m4-1,33.352,"{'m1-1': 2.321, 'm2-1': 1.518, 'm3-1': 4.216, 'm4-1': 0.682}",1.0230000000000001,35.71600000000001,36.39800000000001,inf,38.352,38.352
142,TT2,BESTEFFORT,MISSED,m1-1,33.425,"{'m1-1': 2.607, 'm2-1': 1.839, 'm3-1': 3.752, 'm4-1': 0.823}",3.7903999999999884,36.156000000000006,inf,38.525,38.525,38.525
143,TT2,BESTEFFORT,COMPLETED,m2-1,33.803,"{'m1-1': 1.88, 'm2-1': 1.944, 'm3-1': 4.851, 'm4-1': 0.888}",5.832,36.559000000000005,38.50300000000001,inf,38.903,38.903
144,TT2,BESTEFFORT,COMPLETED,m3-1,33.873,"{'m1-1': 2.569, 'm2-1': 1.823, 'm3-1': 4.331, 'm4-1': 0.753}",7.795800000000001,33.873,38.204,inf,38.973,38.973
145,TT2,BESTEFFORT,COMPLETED,m4-1,34.101,"{'m1-1': 2.36, 'm2-1': 1.557, 'm3-1': 4.112, 'm4-1': 0.834}",1.251,36.39800000000001,37.23200000000001,inf,39.201,39.201
146,TT2,BESTEFFORT,MISSED,m2-1,34.594,"{'m1-1': 2.35, 'm2-1': 1.628, 'm3-1': 5.056, 'm4-1': 0.839}",3.572999999999986,38.50300000000001,inf,39.694,39.694,39.694
147,TT2,BESTEFFORT,CANCELLED,,34.834,"{'m1-1': 1.969, 'm2-1': 1.856, 'm3-1': 4.313, 'm4-1': 0.876}",0.0,inf,inf,inf,39.934000000000005,39.934000000000005
148,TT1,BESTEFFORT,COMPLETED,m4-1,34.917,"{'m1-1': 1.988, 'm2-1': 1.406, 'm3-1': 3.653, 'm4-1': 0.75}",1.125,37.23200000000001,37.98200000000001,inf,39.917,39.917
149,TT1,BESTEFFORT,CANCELLED,,34.979,"{'m1-1': 2.453, 'm2-1': 1.882, 'm3-1': 3.727, 'm4-1': 0.786}",0.0,inf,inf,inf,39.979,39.979
150,TT1,BESTEFFORT,CANCELLED,,35.211,"{'m1-1': 2.354, 'm2-1': 1.806, 'm3-1': 4.706, 'm4-1': 0.709}",0.0,inf,inf,inf,40.211,40.211
151,TT3,BESTEFFORT,MISSED,m1-1,35.216,"{'m1-1': 1.902, 'm2-1': 1.683, 'm3-1': 4.54, 'm4-1': 0.74}",3.0256000000000087,38.525,inf,40.416000000000004,40.416000000000004,40.416000000000004
152,TT1,BESTEFFORT,CANCELLED,,35.338,"{'m1-1': 2.491, 'm2-1': 1.434, 'm3-1': 4.352, 'm4-1': 0.723}",0.0,inf,inf,inf,40.338,40.338
153,TT2,BESTEFFORT,CANCELLED,,35.555,"{'m1-1': 1.989, 'm2-1': 1.858, 'm3-1': 4.268, 'm4-1': 0.766}",0.0,inf,inf,inf,40.655,40.655
154,TT4,BESTEFFORT,COMPLETED,m4-1,35.988,"{'m1-1': 2.208, 'm2-1': 1.826, 'm3-1': 4.356, 'm4-1': 0.998}",1.4969999999999999,37.98200000000001,38.98000000000001,inf,40.988,40.988
155,TT3,BESTEFFORT,CANCELLED,,35.994,"{'m1-1': 1.953, 'm2-1': 1.783, 'm3-1': 5.67, 'm4-1': 0.893}",0.0,inf,inf,inf,41.194,41.194
156,TT3,BESTEFFORT,MISSED,m2-1,36.092,"{'m1-1': 1.863, 'm2-1': 1.71, 'm3-1': 4.528, 'm4-1': 0.802}",4.793999999999997,39.694,inf,41.292,41.292,41.292
157,TT2,BESTEFFORT,CANCELLED,,36.109,"{'m1-1': 2.437, 'm2-1': 2.115, 'm3-1': 4.37, 'm4-1': 0.934}",0.0,inf,inf,inf,41.209,41.209
158,TT4,BESTEFFORT,COMPLETED,m4-1,36.363,"{'m1-1': 1.834, 'm2-1': 1.652, 'm3-1': 4.742, 'm4-1': 0.918}",1.377,38.98000000000001,39.89800000000001,inf,41.363,41.363
159,TT1,BESTEFFORT,CANCELLED,,36.507,"{'m1-1': 1.882, 'm2-1': 1.716, 'm3-1': 3.668, 'm4-1': 0.784}",0.0,inf,inf,inf,41.507,41.507
160,TT3,BESTEFFORT,CANCELLED,,36.592,"{'m1-1': 1.82, 'm2-1': 1.739, 'm3-1': 5.748, 'm4-1': 0.869}",0.0,inf,inf,inf,41.792,41.792
161,TT4,BESTEFFORT,CANCELLED,,36.847,"{'m1-1': 2.049, 'm2-1': 1.762, 'm3-1': 4.997, 'm4-1': 0.809}",0.0,inf,inf,inf,41.847,41.847
162,TT4,BESTEFFORT,CANCELLED,,37.008,"{'m1-1': 2.063, 'm2-1': 1.747, 'm3-1': 4.997, 'm4-1': 1.066}",0.0,inf,inf,inf,42.008,42.008
163,TT4,BESTEFFORT,CANCELLED,,37.128,"{'m1-1': 2.359, 'm2-1': 1.662, 'm3-1': 4.581, 'm4-1': 1.024}",0.0,inf,inf,inf,42.128,42.128
164,TT2,BESTEFFORT,COMPLETED,m4-1,37.276,"{'m1-1': 2.447, 'm2-1': 1.541, 'm3-1': 5.098, 'm4-1': 0.84}",1.26,39.89800000000001,40.738000000000014,inf,42.376000000000005,42.376000000000005
165,TT2,BESTEFFORT,MISSED,m1-1,37.481,"{'m1-1': 2.278, 'm2-1': 1.829, 'm3-1': 4.383, 'm4-1': 1.007}",3.4639999999999986,40.416000000000004,inf,42.581,42.581,42.581
166,TT2,BESTEFFORT,CANCELLED,,37.704,"{'m1-1': 2.094, 'm2-1': 1.734, 'm3-1': 3.628, 'm4-1': 0.75}",0.0,inf,inf,inf,42.804,42.804
167,TT2,BESTEFFORT,COMPLETED,m3-1,37.791,"{'m1-1': 2.447, 'm2-1': 1.555, 'm3-1': 4.466, 'm4-1': 0.93}",8.0388,38.204,42.67,inf,42.891,42.891
168,TT3,BESTEFFORT,COMPLETED,m2-1,37.799,"{'m1-1': 1.982, 'm2-1': 1.628, 'm3-1': 5.586, 'm4-1': 0.736}",4.8839999999999995,41.292,42.92,inf,42.999,42.999
169,TT4,BESTEFFORT,COMPLETED,m4-1,38.426,"{'m1-1': 1.837, 'm2-1': 1.38, 'm3-1': 4.815, 'm4-1': 0.83}",1.2449999999999999,40.738000000000014,41.56800000000001,inf,43.426,43.426
170,TT2,BESTEFFORT,COMPLETED,m4-1,38.755,"{'m1-1': 2.297, 'm2-1': 1.649, 'm3-1': 4.229, 'm4-1': 0.769}",1.1535,41.56800000000001,42.33700000000001,inf,43.855000000000004,43.855000000000004
171,TT3,BESTEFFORT,MISSED,m2-1,39.029,"{'m1-1': 2.035, 'm2-1': 1.471, 'm3-1': 4.634, 'm4-1': 0.783}",3.927000000000014,42.92,inf,44.229000000000006,44.229000000000006,44.229000000000006
172,TT3,BESTEFFORT,MISSED,m1-1,39.215,"{'m1-1': 2.013, 'm2-1': 1.788, 'm3-1': 4.675, 'm4-1': 0.886}",2.9344000000000054,42.581,inf,44.415000000000006,44.415000000000006,44.415000000000006
173,TT2,BESTEFFORT,CANCELLED,,39.505,"{'m1-1': 1.983, 'm2-1': 1.82, 'm3-1': 4.055, 'm4-1': 0.764}",0.0,inf,inf,inf,44.605000000000004,44.605000000000004
174,TT4,BESTEFFORT,COMPLETED,m4-1,39.711,"{'m1-1': 2.428, 'm2-1': 1.562, 'm3-1': 3.765, 'm4-1': 0.766}",1.149,42.33700000000001,43.10300000000001,inf,44.711,44.711
175,TT4,BESTEFFORT,CANCELLED,,40.328,"{'m1-1': 2.28, 'm2-1': 1.357, 'm3-1': 4.88, 'm4-1': 0.837}",0.0,inf,inf,inf,45.328,45.328
176,TT1,BESTEFFORT,CANCELLED,,40.351,"{'m1-1': 2.109, 'm2-1': 1.697, 'm3-1': 4.873, 'm4-1': 0.63}",0.0,inf,inf,inf,45.351,45.351
177,TT2,BESTEFFORT,CANCELLED,,40.394,"{'m1-1': 1.944, 'm2-1': 1.74, 'm3-1': 4.936, 'm4-1': 0.742}",0.0,inf,inf,inf,45.494,45.494
178,TT2,BESTEFFORT,COMPLETED,m4-1,41.094,"{'m1-1': 2.622, 'm2-1': 1.985, 'm3-1': 4.306, 'm4-1': 1.016}",1.524,43.10300000000001,44.11900000000001,inf,46.194,46.194
179,TT1,BESTEFFORT,COMPLETED,m2-1,41.18,"{'m1-1': 1.998, 'm2-1': 1.892, 'm3-1': 4.756, 'm4-1': 0.713}",5.676,44.229000000000006,46.12100000000001,inf,46.18,46.18
180,TT4,BESTEFFORT,COMPLETED,m4-1,41.429,"{'m1-1': 1.834, 'm2-1': 1.347, 'm3-1': 4.334, 'm4-1': 0.866}",1.299,44.11900000000001,44.98500000000001,inf,46.429,46.429
181,TT1,BESTEFFORT,COMPLETED,m1-1,41.655,"{'m1-1': 1.868, 'm2-1': 1.885, 'm3-1': 3.633, 'm4-1': 0.694}",2.9888000000000003,44.415000000000006,46.28300000000001,inf,46.655,46.655
182,TT4,BESTEFFORT,COMPLETED,m4-1,42.156,"{'m1-1': 2.263, 'm2-1': 1.365, 'm3-1': 4.011, 'm4-1': 0.879}",1.3185,44.98500000000001,45.864000000000004,inf,47.156,47.156
183,TT1,BESTEFFORT,MISSED,m2-1,42.364,"{'m1-1': 2.59, 'm2-1': 1.445, 'm3-1': 4.864, 'm4-1': 0.611}",3.7289999999999637,46.12100000000001,inf,47.364,47.364,47.364
184,TT3,BESTEFFORT,MISSED,m3-1,42.515,"{'m1-1': 1.976, 'm2-1': 1.583, 'm3-1': 5.919, 'm4-1': 0.793}",9.081000000000003,42.67,inf,47.715,47.715,47.715
185,TT1,BESTEFFORT,CANCELLED,,42.587,"{'m1-1': 1.954, 'm2-1': 1.8, 'm3-1': 4.737, 'm4-1': 0.774}",0.0,inf,inf,inf,47.587,47.587
186,TT2,BESTEFFORT,CANCELLED,,42.871,"{'m1-1': 2.55, 'm2-1': 1.544, 'm3-1': 3.675, 'm4-1': 0.928}",0.0,inf,inf,inf,47.971000000000004,47.971000000000004
187,TT1,BESTEFFORT,COMPLETED,m4-1,43.12,"{'m1-1': 2.494, 'm2-1': 1.844, 'm3-1': 4.044, 'm4-1': 0.732}",1.0979999999999999,45.864000000000004,46.596000000000004,inf,48.12,48.12
188,TT2,BESTEFFORT,CANCELLED,,43.148,"{'m1-1': 1.875, 'm2-1': 1.812, 'm3-1': 4.097, 'm4-1': 0.815}",0.0,inf,inf,inf,48.248000000000005,48.248000000000005
189,TT1,BESTEFFORT,CANCELLED,,43.167,"{'m1-1': 2.113, 'm2-1': 1.921, 'm3-1': 3.888, 'm4-1': 0.662}",0.0,inf,inf,inf,48.167,48.167
190,TT2,BESTEFFORT,CANCELLED,,43.184,"{'m1-1': 2.314, 'm2-1': 1.74, 'm3-1': 4.317, 'm4-1': 0.996}",0.0,inf,inf,inf,48.284,48.284
191,TT3,BESTEFFORT,COMPLETED,m1-1,43.56,"{'m1-1': 1.717, 'm2-1': 1.337, 'm3-1': 4.393, 'm4-1': 0.875}",2.7472000000000003,46.28300000000001,48.00000000000001,inf,48.760000000000005,48.760000000000005
192,TT2,BESTEFFORT,COMPLETED,m4-1,43.788,"{'m1-1': 2.25, 'm2-1': 1.665, 'm3-1': 4.674, 'm4-1': 0.787}",1.1805,46.596000000000004,47.383,inf,48.888,48.888
193,TT4,BESTEFFORT,COMPLETED,m2-1,44.232,"{'m1-1': 2.114, 'm2-1': 1.396, 'm3-1': 3.877, 'm4-1': 1.044}",4.188,47.364,48.76,inf,49.232,49.232
194,TT1,BESTEFFORT,CANCELLED,,44.446,"{'m1-1': 2.144, 'm2-1': 1.735, 'm3-1': 4.84, 'm4-1': 0.768}",0.0,inf,inf,inf,49.446,49.446
195,TT4,BESTEFFORT,CANCELLED,,44.541,"{'m1-1': 1.731, 'm2-1': 1.648, 'm3-1': 3.872, 'm4-1': 0.918}",0.0,inf,inf,inf,49.541,49.541
196,TT1,BESTEFFORT,CANCELLED,,44.612,"{'m1-1': 1.912, 'm2-1': 1.684, 'm3-1': 4.003, 'm4-1': 0.863}",0.0,inf,inf,inf,49.612,49.612
197,TT4,BESTEFFORT,CANCELLED,,44.623,"{'m1-1': 2.371, 'm2-1': 1.784, 'm3-1': 4.795, 'm4-1': 0.966}",0.0,inf,inf,inf,49.623,49.623
198,TT2,BESTEFFORT,COMPLETED,m4-1,44.995,"{'m1-1': 1.87, 'm2-1': 1.894, 'm3-1': 4.038, 'm4-1': 0.843}",1.2645,47.383,48.226,inf,50.095,50.095
199,TT4,BESTEFFORT,CANCELLED,,45.333,"{'m1-1': 1.934, 'm2-1': 1.706, 'm3-1': 4.903, 'm4-1': 0.842}",0.0,inf,inf,inf,50.333,50.333
200,TT3,BESTEFFORT,CANCELLED,,45.367,"{'m1-1': 1.944, 'm2-1': 1.511, 'm3-1': 5.201, 'm4-1': 0.856}",0.0,inf,inf,inf,50.567,50.567
201,TT1,BESTEFFORT,COMPLETED,m4-1,45.401,"{'m1-1': 1.9, 'm2-1': 1.542, 'm3-1': 4.411, 'm4-1': 0.847}",1.2705,48.226,49.073,inf,50.401,50.401
202,TT3,BESTEFFORT,COMPLETED,m1-1,45.889,"{'m1-1': 1.774, 'm2-1': 1.504, 'm3-1': 5.93, 'm4-1': 0.938}",2.8384,48.00000000000001,49.77400000000001,inf,51.089000000000006,51.089000000000006
203,TT4,BESTEFFORT,COMPLETED,m2-1,46.148,"{'m1-1': 1.901, 'm2-1': 1.365, 'm3-1': 4.522, 'm4-1': 0.759}",4.095,48.76,50.125,inf,51.148,51.148
204,TT4,BESTEFFORT,CANCELLED,,46.161,"{'m1-1': 2.399, 'm2-1': 1.473, 'm3-1': 4.288, 'm4-1': 0.807}",0.0,inf,inf,inf,51.161,51.161
205,TT4,BESTEFFORT,COMPLETED,m4-1,46.539,"{'m1-1': 2.369, 'm2-1': 1.645, 'm3-1': 5.041, 'm4-1': 0.834}",1.251,49.073,49.907000000000004,inf,51.539,51.539
206,TT3,BESTEFFORT,MISSED,m3-1,46.757,"{'m1-1': 1.875, 'm2-1': 1.709, 'm3-1': 5.795, 'm4-1': 0.814}",7.635599999999996,47.715,inf,51.957,51.957,51.957
207,TT3,BESTEFFORT,CANCELLED,,46.765,"{'m1-1': 1.813, 'm2-1': 1.795, 'm3-1': 4.877, 'm4-1': 0.889}",0.0,inf,inf,inf,51.965,51.965
208,TT3,BESTEFFORT,CANCELLED,,46.801,"{'m1-1': 2.257, 'm2-1': 1.526, 'm3-1': 5.937, 'm4-1': 0.844}",0.0,inf,inf,inf,52.001000000000005,52.001000000000005
209,TT1,BESTEFFORT,CANCELLED,,46.99,"{'m1-1': 2.206, 'm2-1': 1.426, 'm3-1': 4.131, 'm4-1': 0.676}",0.0,inf,inf,inf,51.99,51.99
210,TT3,BESTEFFORT,COMPLETED,m1-1,47.044,"{'m1-1': 2.43, 'm2-1': 1.458, 'm3-1': 5.406, 'm4-1': 0.962}",3.8880000000000003,49.77400000000001,52.20400000000001,inf,52.244,52.244
211,TT4,BESTEFFORT,CANCELLED,,47.152,"{'m1-1': 2.204, 'm2-1': 1.353, 'm3-1': 4.397, 'm4-1': 1.055}",0.0,inf,inf,inf,52.152,52.152
212,TT2,BESTEFFORT,CANCELLED,,47.18,"{'m1-1': 2.127, 'm2-1': 2.036, 'm3-1': 4.572, 'm4-1': 0.889}",0.0,inf,inf,inf,52.28,52.28
213,TT4,BESTEFFORT,COMPLETED,m4-1,47.611,"{'m1-1': 2.07, 'm2-1': 1.851, 'm3-1': 3.684, 'm4-1': 0.883}",1.3245,49.907000000000004,50.790000000000006,inf,52.611,52.611
214,TT4,BESTEFFORT,COMPLETED,m2-1,47.951,"{'m1-1': 2.242, 'm2-1': 1.89, 'm3-1': 4.662, 'm4-1': 0.924}",5.67,50.125,52.015,inf,52.951,52.951
215,TT3,BESTEFFORT,CANCELLED,,47.968,"{'m1-1': 2.245, 'm2-1': 1.497, 'm3-1': 4.51, 'm4-1': 0.718}",0.0,inf,inf,inf,53.168000000000006,53.168000000000006
216,TT3,BESTEFFORT,COMPLETED,m4-1,48.059,"{'m1-1': 2.28, 'm2-1': 1.723, 'm3-1': 5.507, 'm4-1': 0.93}",1.395,50.790000000000006,51.720000000000006,inf,53.259,53.259
217,TT3,BESTEFFORT,CANCELLED,,48.297,"{'m1-1': 1.96, 'm2-1': 1.526, 'm3-1': 4.727, 'm4-1': 0.736}",0.0,inf,inf,inf,53.497,53.497
218,TT3,BESTEFFORT,CANCELLED,,48.474,"{'m1-1': 2.156, 'm2-1': 1.446, 'm3-1': 5.835, 'm4-1': 0.958}",0.0,inf,inf,inf,53.674,53.674
219,TT2,BESTEFFORT,CANCELLED,,48.658,"{'m1-1': 2.118, 'm2-1': 1.514, 'm3-1': 4.86, 'm4-1': 0.801}",0.0,inf,inf,inf,53.758,53.758
220,TT1,BESTEFFORT,CANCELLED,,48.669,"{'m1-1': 1.998, 'm2-1': 1.782, 'm3-1': 3.605, 'm4-1': 0.63}",0.0,inf,inf,inf,53.669,53.669
221,TT3,BESTEFFORT,COMPLETED,m2-1,48.946,"{'m1-1': 1.792, 'm2-1': 1.783, 'm3-1': 4.803, 'm4-1': 0.846}",5.349,52.015,53.798,inf,54.146,54.146
222,TT3,BESTEFFORT,COMPLETED,m4-1,49.219,"{'m1-1': 1.799, 'm2-1': 1.712, 'm3-1': 5.792, 'm4-1': 0.907}",1.3605,51.720000000000006,52.62700000000001,inf,54.419000000000004,54.419000000000004
223,TT3,BESTEFFORT,COMPLETED,m4-1,50.149,"{'m1-1': 1.792, 'm2-1': 1.748, 'm3-1': 5.477, 'm4-1': 0.864}",1.296,52.62700000000001,53.49100000000001,inf,55.349000000000004,55.349000000000004
224,TT4,BESTEFFORT,COMPLETED,m1-1,50.776,"{'m1-1': 2.136, 'm2-1': 1.805, 'm3-1': 4.107, 'm4-1': 0.786}",3.4176,52.20400000000001,54.34000000000001,inf,55.776,55.776
225,TT4,BESTEFFORT,COMPLETED,m4-1,50.894,"{'m1-1': 2.099, 'm2-1': 1.762, 'm3-1': 4.118, 'm4-1': 0.802}",1.203,53.49100000000001,54.293000000000006,inf,55.894,55.894
226,TT4,BESTEFFORT,MISSED,m1-1,50.917,"{'m1-1': 2.184, 'm2-1': 1.861, 'm3-1': 4.528, 'm4-1': 0.79}",2.523199999999986,54.34000000000001,inf,55.917,55.917,55.917
227,TT4,BESTEFFORT,COMPLETED,m2-1,51.018,"{'m1-1': 1.837, 'm2-1': 1.867, 'm3-1': 4.291, 'm4-1': 0.856}",5.601,53.798,55.665,inf,56.018,56.018
228,TT2,BESTEFFORT,COMPLETED,m4-1,51.195,"{'m1-1': 2.434, 'm2-1': 1.821, 'm3-1': 3.675, 'm4-1': 0.839}",1.2585,54.293000000000006,55.132000000000005,inf,56.295,56.295
229,TT1,BESTEFFORT,COMPLETED,m2-1,52.321,"{'m1-1': 2.07, 'm2-1': 1.505, 'm3-1': 3.877, 'm4-1': 0.842}",4.515,55.665,57.17,inf,57.321,57.321
230,TT1,BESTEFFORT,COMPLETED,m3-1,52.466,"{'m1-1': 1.983, 'm2-1': 1.451, 'm3-1': 3.881, 'm4-1': 0.671}",6.985799999999999,52.466,56.347,inf,57.466,57.466
231,TT1,BESTEFFORT,COMPLETED,m4-1,52.629,"{'m1-1': 2.219, 'm2-1': 1.86, 'm3-1': 3.913, 'm4-1': 0.751}",1.1265,55.132000000000005,55.883,inf,57.629,57.629
232,TT3,BESTEFFORT,COMPLETED,m1-1,53.023,"{'m1-1': 2.081, 'm2-1': 1.49, 'm3-1': 5.044, 'm4-1': 0.832}",3.3296,55.917,57.998000000000005,inf,58.223000000000006,58.223000000000006
233,TT1,BESTEFFORT,CANCELLED,,53.11,"{'m1-1': 2.225, 'm2-1': 1.655, 'm3-1': 4.19, 'm4-1': 0.734}",0.0,inf,inf,inf,58.11,58.11
234,TT4,BESTEFFORT,MISSED,m2-1,53.153,"{'m1-1': 1.981, 'm2-1': 1.489, 'm3-1': 4.606, 'm4-1': 0.846}",2.948999999999991,57.17,inf,58.153,58.153,58.153
235,TT4,BESTEFFORT,COMPLETED,m4-1,53.707,"{'m1-1': 1.851, 'm2-1': 1.623, 'm3-1': 4.664, 'm4-1': 0.937}",1.4055,55.883,56.82,inf,58.707,58.707
236,TT1,BESTEFFORT,CANCELLED,,54.24,"{'m1-1': 2.402, 'm2-1': 1.685, 'm3-1': 4.292, 'm4-1': 0.799}",0.0,inf,inf,inf,59.24,59.24
237,TT1,BESTEFFORT,CANCELLED,,54.291,"{'m1-1': 1.981, 'm2-1': 1.787, 'm3-1': 4.538, 'm4-1': 0.729}",0.0,inf,inf,inf,59.291,59.291
238,TT3,BESTEFFORT,COMPLETED,m4-1,54.419,"{'m1-1': 1.808, 'm2-1': 1.413, 'm3-1': 5.64, 'm4-1': 0.77}",1.155,56.82,57.59,inf,59.619,59.619
239,TT1,BESTEFFORT,COMPLETED,m4-1,54.709,"{'m1-1': 2.614, 'm2-1': 1.827, 'm3-1': 4.121, 'm4-1': 0.834}",1.251,57.59,58.42400000000001,inf,59.709,59.709
240,TT1,BESTEFFORT,COMPLETED,m1-1,55.623,"{'m1-1': 2.61, 'm2-1': 1.703, 'm3-1': 4.414, 'm4-1': 0.863}",4.176,57.998000000000005,60.608000000000004,inf,60.623,60.623
241,TT3,BESTEFFORT,COMPLETED,m2-1,55.759,"{'m1-1': 2.161, 'm2-1': 1.66, 'm3-1': 5.47, 'm4-1': 0.985}",4.9799999999999995,58.153,59.812999999999995,inf,60.959,60.959
242,TT2,BESTEFFORT,COMPLETED,m4-1,56.164,"{'m1-1': 2.329, 'm2-1': 1.748, 'm3-1': 5.05, 'm4-1': 0.848}",1.272,58.42400000000001,59.272000000000006,inf,61.264,61.264
243,TT3,BESTEFFORT,COMPLETED,m2-1,56.625,"{'m1-1': 1.955, 'm2-1': 1.617, 'm3-1': 4.702, 'm4-1': 0.826}",4.851,59.812999999999995,61.42999999999999,inf,61.825,61.825
244,TT2,BESTEFFORT,COMPLETED,m4-1,56.878,"{'m1-1': 2.497, 'm2-1': 1.919, 'm3-1': 4.677, 'm4-1': 0.843}",1.2645,59.272000000000006,60.11500000000001,inf,61.978,61.978
245,TT1,BESTEFFORT,COMPLETED,m3-1,57.052,"{'m1-1': 2.553, 'm2-1': 1.895, 'm3-1': 4.455, 'm4-1': 0.678}",8.019,57.052,61.507,inf,62.052,62.052
246,TT2,BESTEFFORT,CANCELLED,,57.094,"{'m1-1': 2.601, 'm2-1': 2.089, 'm3-1': 3.692, 'm4-1': 0.99}",0.0,inf,inf,inf,62.194,62.194
247,TT1,BESTEFFORT,COMPLETED,m4-1,57.776,"{'m1-1': 2.59, 'm2-1': 1.806, 'm3-1': 4.083, 'm4-1': 0.703}",1.0545,60.11500000000001,60.81800000000001,inf,62.776,62.776
248,TT1,BESTEFFORT,COMPLETED,m1-1,58.269,"{'m1-1': 2.146, 'm2-1': 1.482, 'm3-1': 4.402, 'm4-1': 0.732}",3.4336,60.608000000000004,62.754000000000005,inf,63.269,63.269
249,TT4,BESTEFFORT,COMPLETED,m4-1,58.867,"{'m1-1': 1.807, 'm2-1': 1.657, 'm3-1': 4.913, 'm4-1': 1.015}",1.5225,60.81800000000001,61.83300000000001,inf,63.867,63.867
250,TT3,BESTEFFORT,COMPLETED,m2-1,58.99,"{'m1-1': 2.293, 'm2-1': 1.759, 'm3-1': 5.016, 'm4-1': 0.723}",5.276999999999999,61.42999999999999,63.18899999999999,inf,64.19,64.19
251,TT3,BESTEFFORT,CANCELLED,,59.046,"{'m1-1': 1.817, 'm2-1': 1.681, 'm3-1': 5.676, 'm4-1': 0.73}",0.0,inf,inf,inf,64.246,64.246
252,TT4,BESTEFFORT,MISSED,m2-1,59.218,"{'m1-1': 2.304, 'm2-1': 1.817, 'm3-1': 4.787, 'm4-1': 0.959}",3.0870000000000317,63.18899999999999,inf,64.218,64.218,64.218
253,TT4,BESTEFFORT,COMPLETED,m4-1,59.594,"{'m1-1': 2.318, 'm2-1': 1.833, 'm3-1': 3.79, 'm4-1': 0.896}",1.344,61.83300000000001,62.72900000000001,inf,64.594,64.594
254,TT3,BESTEFFORT,COMPLETED,m1-1,59.649,"{'m1-1': 1.807, 'm2-1': 1.589, 'm3-1': 4.579, 'm4-1': 0.954}",2.8912,62.754000000000005,64.561,inf,64.849,64.849
255,TT4,BESTEFFORT,CANCELLED,,59.755,"{'m1-1': 1.747, 'm2-1': 1.599, 'm3-1': 4.922, 'm4-1': 0.884}",0.0,inf,inf,inf,64.755,64.755
256,TT3,BESTEFFORT,COMPLETED,m4-1,60.388,"{'m1-1': 2.218, 'm2-1': 1.725, 'm3-1': 4.273, 'm4-1': 0.856}",1.284,62.72900000000001,63.585000000000015,inf,65.588,65.588
257,TT1,BESTEFFORT,COMPLETED,m4-1,61.447,"{'m1-1': 2.235, 'm2-1': 1.86, 'm3-1': 4.54, 'm4-1': 0.819}",1.2285,63.585000000000015,64.40400000000001,inf,66.447,66.447
258,TT1,BESTEFFORT,COMPLETED,m2-1,61.482,"{'m1-1': 2.082, 'm2-1': 1.543, 'm3-1': 4.326, 'm4-1': 0.759}",4.629,64.218,65.76100000000001,inf,66.482,66.482
259,TT1,BESTEFFORT,COMPLETED,m3-1,61.55,"{'m1-1': 2.512, 'm2-1': 1.443, 'm3-1': 3.765, 'm4-1': 0.784}",6.777,61.55,65.315,inf,66.55,66.55
260,TT3,BESTEFFORT,COMPLETED,m1-1,61.653,"{'m1-1': 2.111, 'm2-1': 1.307, 'm3-1': 4.866, 'm4-1': 0.8}",3.3776000000000006,64.561,66.67200000000001,inf,66.853,66.853
261,TT4,BESTEFFORT,COMPLETED,m4-1,61.959,"{'m1-1': 2.202, 'm2-1': 1.514, 'm3-1': 4.162, 'm4-1': 0.81}",1.215,64.40400000000001,65.21400000000001,inf,66.959,66.959
262,TT1,BESTEFFORT,CANCELLED,,62.279,"{'m1-1': 1.95, 'm2-1': 1.544, 'm3-1': 3.854, 'm4-1': 0.813}",0.0,inf,inf,inf,67.279,67.279
263,TT1,BESTEFFORT,CANCELLED,,62.381,"{'m1-1': 1.906, 'm2-1': 1.875, 'm3-1': 3.863, 'm4-1': 0.611}",0.0,inf,inf,inf,67.381,67.381
264,TT2,BESTEFFORT,COMPLETED,m2-1,62.565,"{'m1-1': 2.035, 'm2-1': 1.694, 'm3-1': 4.01, 'm4-1': 0.737}",5.082,65.76100000000001,67.45500000000001,inf,67.66499999999999,67.66499999999999
265,TT1,BESTEFFORT,COMPLETED,m4-1,62.804,"{'m1-1': 1.856, 'm2-1': 1.448, 'm3-1': 3.877, 'm4-1': 0.776}",1.1640000000000001,65.21400000000001,65.99000000000001,inf,67.804,67.804
266,TT1,BESTEFFORT,CANCELLED,,62.821,"{'m1-1': 2.044, 'm2-1': 1.761, 'm3-1': 4.246, 'm4-1': 0.704}",0.0,inf,inf,inf,67.821,67.821
267,TT1,BESTEFFORT,CANCELLED,,62.973,"{'m1-1': 2.541, 'm2-1': 1.951, 'm3-1': 3.765, 'm4-1': 0.854}",0.0,inf,inf,inf,67.973,67.973
268,TT2,BESTEFFORT,CANCELLED,,63.077,"{'m1-1': 2.368, 'm2-1': 1.891, 'm3-1': 3.752, 'm4-1': 0.738}",0.0,inf,inf,inf,68.17699999999999,68.17699999999999
269,TT2,BESTEFFORT,CANCELLED,,63.243,"{'m1-1': 2.438, 'm2-1': 1.592, 'm3-1': 3.624, 'm4-1': 0.911}",0.0,inf,inf,inf,68.343,68.343
270,TT2,BESTEFFORT,CANCELLED,,63.332,"{'m1-1': 2.408, 'm2-1': 1.935, 'm3-1': 4.409, 'm4-1': 0.848}",0.0,inf,inf,inf,68.432,68.432
271,TT1,BESTEFFORT,COMPLETED,m4-1,63.62,"{'m1-1': 2.034, 'm2-1': 1.774, 'm3-1': 4.967, 'm4-1': 0.746}",1.119,65.99000000000001,66.736,inf,68.62,68.62
272,TT3,BESTEFFORT,COMPLETED,m1-1,63.766,"{'m1-1': 1.959, 'm2-1': 1.299, 'm3-1': 4.901, 'm4-1': 0.878}",3.1344000000000003,66.67200000000001,68.63100000000001,inf,68.966,68.966
273,TT4,BESTEFFORT,CANCELLED,,63.913,"{'m1-1': 1.925, 'm2-1': 1.358, 'm3-1': 4.555, 'm4-1': 0.864}",0.0,inf,inf,inf,68.913,68.913
274,TT1,BESTEFFORT,CANCELLED,,64.221,"{'m1-1': 1.939, 'm2-1': 1.774, 'm3-1': 4.529, 'm4-1': 0.66}",0.0,inf,inf,inf,69.221,69.221
275,TT4,BESTEFFORT,CANCELLED,,64.356,"{'m1-1': 1.899, 'm2-1': 1.799, 'm3-1': 4.751, 'm4-1': 0.871}",0.0,inf,inf,inf,69.356,69.356
276,TT4,BESTEFFORT,COMPLETED,m4-1,64.438,"{'m1-1': 1.911, 'm2-1': 1.737, 'm3-1': 4.673, 'm4-1': 0.917}",1.3755000000000002,66.736,67.653,inf,69.438,69.438
277,TT3,BESTEFFORT,COMPLETED,m2-1,64.549,"{'m1-1': 2.231, 'm2-1': 1.489, 'm3-1': 4.827, 'm4-1': 0.75}",4.4670000000000005,67.45500000000001,68.94400000000002,inf,69.74900000000001,69.74900000000001
278,TT3,BESTEFFORT,CANCELLED,,64.567,"{'m1-1': 1.784, 'm2-1': 1.466, 'm3-1': 5.852, 'm4-1': 0.854}",0.0,inf,inf,inf,69.767,69.767
279,TT4,BESTEFFORT,COMPLETED,m3-1,64.699,"{'m1-1': 1.934, 'm2-1': 1.761, 'm3-1': 3.695, 'm4-1': 0.965}",6.651,65.315,69.00999999999999,inf,69.699,69.699
280,TT2,BESTEFFORT,COMPLETED,m4-1,65.27,"{'m1-1': 2.414, 'm2-1': 1.768, 'm3-1': 4.37, 'm4-1': 0.752}",1.1280000000000001,67.653,68.405,inf,70.36999999999999,70.36999999999999
281,TT3,BESTEFFORT,COMPLETED,m4-1,66.115,"{'m1-1': 2.046, 'm2-1': 1.444, 'm3-1': 5.849, 'm4-1': 0.845}",1.2675,68.405,69.25,inf,71.315,71.315
282,TT2,BESTEFFORT,COMPLETED,m1-1,66.261,"{'m1-1': 2.249, 'm2-1': 1.62, 'm3-1': 4.235, 'm4-1': 0.808}",3.5984000000000003,68.63100000000001,70.88000000000001,inf,71.36099999999999,71.36099999999999
283,TT2,BESTEFFORT,COMPLETED,m2-1,66.406,"{'m1-1': 2.092, 'm2-1': 1.913, 'm3-1': 3.681, 'm4-1': 0.815}",5.739,68.94400000000002,70.85700000000001,inf,71.506,71.506
284,TT4,BESTEFFORT,CANCELLED,,66.489,"{'m1-1': 1.876, 'm2-1': 1.409, 'm3-1': 4.975, 'm4-1': 0.879}",0.0,inf,inf,inf,71.489,71.489
285,TT3,BESTEFFORT,CANCELLED,,66.517,"{'m1-1': 1.844, 'm2-1': 1.683, 'm3-1': 4.55, 'm4-1': 0.977}",0.0,inf,inf,inf,71.717,71.717
286,TT3,BESTEFFORT,CANCELLED,,66.572,"{'m1-1': 1.914, 'm2-1': 1.69, 'm3-1': 4.68, 'm4-1': 0.749}",0.0,inf,inf,inf,71.772,71.772
287,TT2,BESTEFFORT,COMPLETED,m4-1,66.732,"{'m1-1': 1.898, 'm2-1': 1.99, 'm3-1': 4.268, 'm4-1': 0.765}",1.1475,69.25,70.015,inf,71.832,71.832
288,TT4,BESTEFFORT,CANCELLED,,66.862,"{'m1-1': 2.394, 'm2-1': 1.833, 'm3-1': 4.769, 'm4-1': 0.828}",0.0,inf,inf,inf,71.862,71.862
289,TT3,BESTEFFORT,CANCELLED,,66.975,"{'m1-1': 1.818, 'm2-1': 1.658, 'm3-1': 5.962, 'm4-1': 0.736}",0.0,inf,inf,inf,72.175,72.175
290,TT4,BESTEFFORT,COMPLETED,m4-1,67.566,"{'m1-1': 1.902, 'm2-1': 1.667, 'm3-1': 4.629, 'm4-1': 0.88}",1.32,70.015,70.895,inf,72.566,72.566
291,TT1,BESTEFFORT,CANCELLED,,67.663,"{'m1-1': 2.478, 'm2-1': 1.845, 'm3-1': 4.042, 'm4-1': 0.671}",0.0,inf,inf,inf,72.663,72.663
292,TT2,BESTEFFORT,COMPLETED,m2-1,68.233,"{'m1-1': 2.341, 'm2-1': 2.032, 'm3-1': 4.002, 'm4-1': 0.933}",6.096,70.85700000000001,72.88900000000001,inf,73.333,73.333
293,TT3,BESTEFFORT,COMPLETED,m4-1,68.983,"{'m1-1': 1.852, 'm2-1': 1.347, 'm3-1': 5.399, 'm4-1': 0.828}",1.242,70.895,71.723,inf,74.183,74.183
294,TT2,BESTEFFORT,COMPLETED,m1-1,69.211,"{'m1-1': 2.231, 'm2-1': 1.669, 'm3-1': 4.464, 'm4-1': 0.883}",3.5696,70.88000000000001,73.111,inf,74.31099999999999,74.31099999999999
295,TT4,BESTEFFORT,COMPLETED,m4-1,69.366,"{'m1-1': 2.121, 'm2-1': 1.858, 'm3-1': 3.702, 'm4-1': 1.015}",1.5225,71.723,72.738,inf,74.366,74.366
296,TT4,BESTEFFORT,MISSED,m2-1,69.414,"{'m1-1': 2.405, 'm2-1': 1.898, 'm3-1': 3.807, 'm4-1': 0.792}",4.574999999999974,72.88900000000001,inf,74.414,74.414,74.414
297,TT4,BESTEFFORT,MISSED,m3-1,69.647,"{'m1-1': 2.413, 'm2-1': 1.624, 'm3-1': 5.071, 'm4-1': 0.894}",9.0,69.647,inf,74.647,74.647,74.647
298,TT2,BESTEFFORT,CANCELLED,,69.739,"{'m1-1': 2.491, 'm2-1': 1.758, 'm3-1': 4.245, 'm4-1': 0.998}",0.0,inf,inf,inf,74.839,74.839
299,TT2,BESTEFFORT,CANCELLED,,69.897,"{'m1-1': 2.552, 'm2-1': 2.132, 'm3-1': 4.308, 'm4-1': 0.772}",0.0,inf,inf,inf,74.997,74.997
300,TT1,BESTEFFORT,COMPLETED,m4-1,70.003,"{'m1-1': 2.408, 'm2-1': 1.986, 'm3-1': 3.837, 'm4-1': 0.775}",1.1625,72.738,73.513,inf,75.003,75.003
301,TT2,BESTEFFORT,MISSED,m1-1,70.318,"{'m1-1': 2.481, 'm2-1': 1.892, 'm3-1': 4.094, 'm4-1': 0.916}",3.6911999999999807,73.111,inf,75.41799999999999,75.41799999999999,75.41799999999999
302,TT1,BESTEFFORT,MISSED,m2-1,70.649,"{'m1-1': 2.475, 'm2-1': 1.737, 'm3-1': 4.258, 'm4-1': 0.632}",3.7049999999999983,74.414,inf,75.649,75.649,75.649
303,TT3,BESTEFFORT,COMPLETED,m4-1,71.338,"{'m1-1': 2.18, 'm2-1': 1.758, 'm3-1': 5.203, 'm4-1': 0.919}",1.3785,73.513,74.432,inf,76.538,76.538
304,TT2,BESTEFFORT,COMPLETED,m4-1,71.529,"{'m1-1': 2.334, 'm2-1': 2.06, 'm3-1': 5.06, 'm4-1': 1.01}",1.5150000000000001,74.432,75.44200000000001,inf,76.62899999999999,76.62899999999999
305,TT3,BESTEFFORT,COMPLETED,m2-1,72.078,"{'m1-1': 1.763, 'm2-1': 1.396, 'm3-1': 5.18, 'm4-1': 0.84}",4.188,75.649,77.045,inf,77.278,77.278
306,TT3,BESTEFFORT,MISSED,m1-1,72.208,"{'m1-1': 2.394, 'm2-1': 1.311, 'm3-1': 5.46, 'm4-1': 0.987}",3.184000000000015,75.41799999999999,inf,77.408,77.408,77.408
307,TT1,BESTEFFORT,COMPLETED,m4-1,72.895,"{'m1-1': 2.244, 'm2-1': 1.432, 'm3-1': 4.275, 'm4-1': 0.789}",1.1835,75.44200000000001,76.23100000000001,inf,77.895,77.895
308,TT3,BESTEFFORT,CANCELLED,,73.013,"{'m1-1': 2.101, 'm2-1': 1.283, 'm3-1': 4.41, 'm4-1': 0.91}",0.0,inf,inf,inf,78.21300000000001,78.21300000000001
309,TT2,BESTEFFORT,COMPLETED,m4-1,73.87,"{'m1-1': 2.251, 'm2-1': 1.888, 'm3-1': 4.887, 'm4-1': 0.83}",1.2449999999999999,76.23100000000001,77.061,inf,78.97,78.97
310,TT4,BESTEFFORT,COMPLETED,m4-1,74.715,"{'m1-1': 2.015, 'm2-1': 1.68, 'm3-1': 4.765, 'm4-1': 0.939}",1.4084999999999999,77.061,78.0,inf,79.715,79.715
311,TT2,BESTEFFORT,COMPLETED,m1-1,75.271,"{'m1-1': 2.26, 'm2-1': 1.974, 'm3-1': 3.775, 'm4-1': 0.918}",3.6159999999999997,77.408,79.668,inf,80.371,80.371
312,TT3,BESTEFFORT,COMPLETED,m4-1,75.574,"{'m1-1': 1.893, 'm2-1': 1.671, 'm3-1': 5.977, 'm4-1': 0.967}",1.4505,78.0,78.967,inf,80.774,80.774
313,TT4,BESTEFFORT,COMPLETED,m4-1,76.37,"{'m1-1': 2.07, 'm2-1': 1.737, 'm3-1': 3.824, 'm4-1': 0.964}",1.446,78.967,79.931,inf,81.37,81.37
314,TT3,BESTEFFORT,COMPLETED,m1-1,76.556,"{'m1-1': 1.722, 'm2-1': 1.347, 'm3-1': 4.3, 'm4-1': 0.997}",2.7552000000000003,79.668,81.39,inf,81.756,81.756
315,TT4,BESTEFFORT,COMPLETED,m2-1,76.718,"{'m1-1': 2.215, 'm2-1': 1.518, 'm3-1': 4.88, 'm4-1': 0.824}",4.554,77.045,78.563,inf,81.718,81.718
316,TT1,BESTEFFORT,COMPLETED,m4-1,77.381,"{'m1-1': 2.541, 'm2-1': 1.827, 'm3-1': 4.955, 'm4-1': 0.798}",1.197,79.931,80.729,inf,82.381,82.381
317,TT2,BESTEFFORT,COMPLETED,m2-1,77.462,"{'m1-1': 2.103, 'm2-1': 2.011, 'm3-1': 3.642, 'm4-1': 0.94}",6.033,78.563,80.574,inf,82.562,82.562
318,TT3,BESTEFFORT,COMPLETED,m2-1,77.579,"{'m1-1': 1.721, 'm2-1': 1.467, 'm3-1': 5.667, 'm4-1': 0.946}",4.401,80.574,82.041,inf,82.779,82.779
319,TT2,BESTEFFORT,COMPLETED,m4-1,77.654,"{'m1-1': 1.87, 'm2-1': 1.861, 'm3-1': 4.677, 'm4-1': 0.769}",1.1535,80.729,81.498,inf,82.75399999999999,82.75399999999999
320,TT3,BESTEFFORT,COMPLETED,m3-1,78.034,"{'m1-1': 1.726, 'm2-1': 1.434, 'm3-1': 4.93, 'm4-1': 0.956}",8.874,78.034,82.964,inf,83.23400000000001,83.23400000000001
321,TT2,BESTEFFORT,CANCELLED,,78.089,"{'m1-1': 2.398, 'm2-1': 1.736, 'm3-1': 4.279, 'm4-1': 0.813}",0.0,inf,inf,inf,83.189,83.189
322,TT3,BESTEFFORT,COMPLETED,m2-1,78.323,"{'m1-1': 2.101, 'm2-1': 1.308, 'm3-1': 4.579, 'm4-1': 0.838}",3.9240000000000004,82.041,83.349,inf,83.523,83.523
323,TT3,BESTEFFORT,CANCELLED,,78.409,"{'m1-1': 1.722, 'm2-1': 1.413, 'm3-1': 4.862, 'm4-1': 0.866}",0.0,inf,inf,inf,83.60900000000001,83.60900000000001
324,TT4,BESTEFFORT,MISSED,m1-1,78.41,"{'m1-1': 2.327, 'm2-1': 1.589, 'm3-1': 4.342, 'm4-1': 0.898}",3.231999999999994,81.39,inf,83.41,83.41,83.41
325,TT3,BESTEFFORT,COMPLETED,m4-1,78.794,"{'m1-1': 2.208, 'm2-1': 1.6, 'm3-1': 4.381, 'm4-1': 0.983}",1.4745,81.498,82.48100000000001,inf,83.994,83.994
326,TT2,BESTEFFORT,CANCELLED,,79.076,"{'m1-1': 2.063, 'm2-1': 1.897, 'm3-1': 5.096, 'm4-1': 0.967}",0.0,inf,inf,inf,84.17599999999999,84.17599999999999
327,TT4,BESTEFFORT,CANCELLED,,79.216,"{'m1-1': 2.237, 'm2-1': 1.487, 'm3-1': 4.324, 'm4-1': 0.989}",0.0,inf,inf,inf,84.216,84.216
328,TT4,BESTEFFORT,CANCELLED,,79.231,"{'m1-1': 1.745, 'm2-1': 1.707, 'm3-1': 3.767, 'm4-1': 0.918}",0.0,inf,inf,inf,84.231,84.231
329,TT1,BESTEFFORT,CANCELLED,,79.317,"{'m1-1': 2.435, 'm2-1': 1.743, 'm3-1': 4.053, 'm4-1': 0.745}",0.0,inf,inf,inf,84.317,84.317
330,TT1,BESTEFFORT,CANCELLED,,79.384,"{'m1-1': 2.597, 'm2-1': 1.656, 'm3-1': 4.978, 'm4-1': 0.672}",0.0,inf,inf,inf,84.384,84.384
331,TT4,BESTEFFORT,MISSED,m2-1,79.578,"{'m1-1': 2.109, 'm2-1': 1.564, 'm3-1': 4.995, 'm4-1': 0.771}",3.6869999999999976,83.349,inf,84.578,84.578,84.578
332,TT4,BESTEFFORT,COMPLETED,m4-1,79.745,"{'m1-1': 2.383, 'm2-1': 1.52, 'm3-1': 4.747, 'm4-1': 0.793}",1.1895,82.48100000000001,83.27400000000002,inf,84.745,84.745
333,TT4,BESTEFFORT,CANCELLED,,80.083,"{'m1-1': 2.314, 'm2-1': 1.611, 'm3-1': 4.353, 'm4-1': 0.835}",0.0,inf,inf,inf,85.083,85.083
334,TT4,BESTEFFORT,COMPLETED,m4-1,80.58,"{'m1-1': 2.102, 'm2-1': 1.621, 'm3-1': 4.277, 'm4-1': 0.777}",1.1655,83.27400000000002,84.05100000000002,inf,85.58,85.58
335,TT2,BESTEFFORT,COMPLETED,m1-1,80.768,"{'m1-1': 2.14, 'm2-1': 1.736, 'm3-1': 4.545, 'm4-1': 0.926}",3.4240000000000004,83.41,85.55,inf,85.868,85.868
336,TT2,BESTEFFORT,CANCELLED,,80.803,"{'m1-1': 2.377, 'm2-1': 1.519, 'm3-1': 4.975, 'm4-1': 0.891}",0.0,inf,inf,inf,85.90299999999999,85.90299999999999
337,TT2,BESTEFFORT,CANCELLED,,80.948,"{'m1-1': 2.438, 'm2-1': 1.836, 'm3-1': 3.983, 'm4-1': 0.821}",0.0,inf,inf,inf,86.04799999999999,86.04799999999999
338,TT2,BESTEFFORT,CANCELLED,,81.196,"{'m1-1': 1.905, 'm2-1': 2.07, 'm3-1': 3.869, 'm4-1': 0.931}",0.0,inf,inf,inf,86.29599999999999,86.29599999999999
339,TT3,BESTEFFORT,COMPLETED,m2-1,81.231,"{'m1-1': 1.823, 'm2-1': 1.6, 'm3-1': 5.936, 'm4-1': 0.995}",4.800000000000001,84.578,86.178,inf,86.431,86.431
340,TT1,BESTEFFORT,COMPLETED,m4-1,81.982,"{'m1-1': 2.546, 'm2-1': 1.776, 'm3-1': 4.067, 'm4-1': 0.705}",1.0574999999999999,84.05100000000002,84.75600000000001,inf,86.982,86.982
341,TT4,BESTEFFORT,CANCELLED,,82.074,"{'m1-1': 2.434, 'm2-1': 1.431, 'm3-1': 3.895, 'm4-1': 0.765}",0.0,inf,inf,inf,87.074,87.074
342,TT4,BESTEFFORT,MISSED,m1-1,82.408,"{'m1-1': 1.996, 'm2-1': 1.38, 'm3-1': 4.133, 'm4-1': 0.919}",2.9728000000000065,85.55,inf,87.408,87.408,87.408
343,TT3,BESTEFFORT,MISSED,m3-1,82.417,"{'m1-1': 1.963, 'm2-1': 1.685, 'm3-1': 5.954, 'm4-1': 0.911}",8.375400000000012,82.964,inf,87.617,87.617,87.617
344,TT2,BESTEFFORT,COMPLETED,m4-1,82.528,"{'m1-1': 2.404, 'm2-1': 1.657, 'm3-1': 4.515, 'm4-1': 0.926}",1.389,84.75600000000001,85.68200000000002,inf,87.628,87.628
345,TT2,BESTEFFORT,CANCELLED,,82.553,"{'m1-1': 2.348, 'm2-1': 1.677, 'm3-1': 3.709, 'm4-1': 0.839}",0.0,inf,inf,inf,87.65299999999999,87.65299999999999
346,TT4,BESTEFFORT,MISSED,m2-1,82.624,"{'m1-1': 2.007, 'm2-1': 1.799, 'm3-1': 4.747, 'm4-1': 0.841}",4.337999999999994,86.178,inf,87.624,87.624,87.624
347,TT4,BESTEFFORT,CANCELLED,,82.65,"{'m1-1': 2.318, 'm2-1': 1.584, 'm3-1': 4.851, 'm4-1': 0.952}",0.0,inf,inf,inf,87.65,87.65
348,TT4,BESTEFFORT,CANCELLED,,82.711,"{'m1-1': 1.966, 'm2-1': 1.584, 'm3-1': 3.869, 'm4-1': 1.006}",0.0,inf,inf,inf,87.711,87.711
349,TT1,BESTEFFORT,CANCELLED,,82.729,"{'m1-1': 2.374, 'm2-1': 1.513, 'm3-1': 4.369, 'm4-1': 0.671}",0.0,inf,inf,inf,87.729,87.729
350,TT2,BESTEFFORT,COMPLETED,m4-1,83.221,"{'m1-1': 2.617, 'm2-1': 2.088, 'm3-1': 4.894, 'm4-1': 0.745}",1.1175,85.68200000000002,86.42700000000002,inf,88.321,88.321
351,TT3,BESTEFFORT,MISSED,m2-1,83.847,"{'m1-1': 2.406, 'm2-1': 1.454, 'm3-1': 4.702, 'm4-1': 0.972}",4.2690000000000055,87.624,inf,89.047,89.047,89.047
352,TT4,BESTEFFORT,CANCELLED,,83.889,"{'m1-1': 1.981, 'm2-1': 1.892, 'm3-1': 4.604, 'm4-1': 0.986}",0.0,inf,inf,inf,88.889,88.889
353,TT4,BESTEFFORT,CANCELLED,,83.896,"{'m1-1': 2.406, 'm2-1': 1.354, 'm3-1': 4.4, 'm4-1': 1.02}",0.0,inf,inf,inf,88.896,88.896
354,TT4,BESTEFFORT,COMPLETED,m4-1,83.979,"{'m1-1': 1.878, 'm2-1': 1.877, 'm3-1': 4.581, 'm4-1': 0.859}",1.2885,86.42700000000002,87.28600000000002,inf,88.979,88.979
355,TT4,BESTEFFORT,CANCELLED,,84.182,"{'m1-1': 2.15, 'm2-1': 1.762, 'm3-1': 4.907, 'm4-1': 0.756}",0.0,inf,inf,inf,89.182,89.182
356,TT2,BESTEFFORT,COMPLETED,m4-1,85.157,"{'m1-1': 2.314, 'm2-1': 1.6, 'm3-1': 4.399, 'm4-1': 0.933}",1.3995000000000002,87.28600000000002,88.21900000000002,inf,90.25699999999999,90.25699999999999
357,TT1,BESTEFFORT,COMPLETED,m1-1,85.216,"{'m1-1': 2.013, 'm2-1': 1.426, 'm3-1': 4.961, 'm4-1': 0.706}",3.2208,87.408,89.421,inf,90.216,90.216
358,TT2,BESTEFFORT,CANCELLED,,85.234,"{'m1-1': 2.571, 'm2-1': 1.856, 'm3-1': 4.739, 'm4-1': 0.975}",0.0,inf,inf,inf,90.33399999999999,90.33399999999999
359,TT3,BESTEFFORT,COMPLETED,m2-1,85.627,"{'m1-1': 2.335, 'm2-1': 1.316, 'm3-1': 5.229, 'm4-1': 0.956}",3.9480000000000004,89.047,90.363,inf,90.827,90.827
360,TT4,BESTEFFORT,COMPLETED,m4-1,86.056,"{'m1-1': 1.842, 'm2-1': 1.736, 'm3-1': 3.726, 'm4-1': 0.907}",1.3605,88.21900000000002,89.12600000000002,inf,91.056,91.056
361,TT2,BESTEFFORT,COMPLETED,m4-1,86.254,"{'m1-1': 2.197, 'm2-1': 2.028, 'm3-1': 3.859, 'm4-1': 0.719}",1.0785,89.12600000000002,89.84500000000001,inf,91.354,91.354
362,TT4,BESTEFFORT,MISSED,m1-1,86.701,"{'m1-1': 2.289, 'm2-1': 1.386, 'm3-1': 3.757, 'm4-1': 0.94}",3.6479999999999793,89.421,inf,91.701,91.701,91.701
363,TT4,BESTEFFORT,MISSED,m2-1,87.015,"{'m1-1': 2.153, 'm2-1': 1.737, 'm3-1': 4.242, 'm4-1': 0.826}",4.956000000000003,90.363,inf,92.015,92.015,92.015
364,TT2,BESTEFFORT,COMPLETED,m3-1,87.024,"{'m1-1': 2.26, 'm2-1': 2.025, 'm3-1': 3.779, 'm4-1': 0.98}",6.8022,87.617,91.396,inf,92.124,92.124
365,TT2,BESTEFFORT,COMPLETED,m4-1,87.103,"{'m1-1': 2.272, 'm2-1': 2.006, 'm3-1': 4.366, 'm4-1': 0.866}",1.299,89.84500000000001,90.71100000000001,inf,92.20299999999999,92.20299999999999
366,TT1,BESTEFFORT,CANCELLED,,87.458,"{'m1-1': 2.167, 'm2-1': 1.689, 'm3-1': 4.013, 'm4-1': 0.709}",0.0,inf,inf,inf,92.458,92.458
367,TT2,BESTEFFORT,CANCELLED,,87.818,"{'m1-1': 2.491, 'm2-1': 1.906, 'm3-1': 5.056, 'm4-1': 0.839}",0.0,inf,inf,inf,92.91799999999999,92.91799999999999
368,TT3,BESTEFFORT,CANCELLED,,87.822,"{'m1-1': 2.091, 'm2-1': 1.715, 'm3-1': 5.4, 'm4-1': 0.774}",0.0,inf,inf,inf,93.022,93.022
369,TT3,BESTEFFORT,CANCELLED,,87.848,"{'m1-1': 2.028, 'm2-1': 1.609, 'm3-1': 4.552, 'm4-1': 0.74}",0.0,inf,inf,inf,93.048,93.048
370,TT1,BESTEFFORT,CANCELLED,,88.006,"{'m1-1': 2.576, 'm2-1': 1.616, 'm3-1': 5.078, 'm4-1': 0.765}",0.0,inf,inf,inf,93.006,93.006
371,TT3,BESTEFFORT,CANCELLED,,88.113,"{'m1-1': 2.253, 'm2-1': 1.641, 'm3-1': 5.721, 'm4-1': 0.99}",0.0,inf,inf,inf,93.313,93.313
372,TT4,BESTEFFORT,CANCELLED,,88.171,"{'m1-1': 2.021, 'm2-1': 1.641, 'm3-1': 3.876, 'm4-1': 0.886}",0.0,inf,inf,inf,93.171,93.171
373,TT1,BESTEFFORT,COMPLETED,m4-1,88.357,"{'m1-1': 2.269, 'm2-1': 1.939, 'm3-1': 3.633, 'm4-1': 0.802}",1.203,90.71100000000001,91.51300000000002,inf,93.357,93.357
374,TT3,BESTEFFORT,COMPLETED,m1-1,89.095,"{'m1-1': 1.836, 'm2-1': 1.388, 'm3-1': 5.475, 'm4-1': 0.785}",2.9376,91.701,93.53699999999999,inf,94.295,94.295
375,TT3,BESTEFFORT,COMPLETED,m4-1,89.181,"{'m1-1': 2.392, 'm2-1': 1.426, 'm3-1': 5.138, 'm4-1': 0.888}",1.332,91.51300000000002,92.40100000000002,inf,94.381,94.381
376,TT3,BESTEFFORT,COMPLETED,m2-1,89.318,"{'m1-1': 2.397, 'm2-1': 1.725, 'm3-1': 5.521, 'm4-1': 0.889}",5.175000000000001,92.015,93.74,inf,94.518,94.518
377,TT4,BESTEFFORT,CANCELLED,,89.371,"{'m1-1': 2.328, 'm2-1': 1.889, 'm3-1': 4.012, 'm4-1': 0.808}",0.0,inf,inf,inf,94.371,94.371
378,TT4,BESTEFFORT,CANCELLED,,89.593,"{'m1-1': 2.207, 'm2-1': 1.435, 'm3-1': 4.005, 'm4-1': 0.981}",0.0,inf,inf,inf,94.593,94.593
379,TT1,BESTEFFORT,CANCELLED,,89.673,"{'m1-1': 1.956, 'm2-1': 1.495, 'm3-1': 3.929, 'm4-1': 0.61}",0.0,inf,inf,inf,94.673,94.673
380,TT4,BESTEFFORT,CANCELLED,,89.681,"{'m1-1': 1.961, 'm2-1': 1.359, 'm3-1': 4.966, 'm4-1': 0.926}",0.0,inf,inf,inf,94.681,94.681
381,TT2,BESTEFFORT,CANCELLED,,89.773,"{'m1-1': 1.944, 'm2-1': 1.681, 'm3-1': 4.58, 'm4-1': 0.834}",0.0,inf,inf,inf,94.87299999999999,94.87299999999999
382,TT4,BESTEFFORT,MISSED,m2-1,89.844,"{'m1-1': 2.049, 'm2-1': 1.498, 'm3-1': 4.88, 'm4-1': 0.897}",3.3119999999999976,93.74,inf,94.844,94.844,94.844
383,TT4,BESTEFFORT,COMPLETED,m4-1,90.153,"{'m1-1': 2.349, 'm2-1': 1.888, 'm3-1': 4.879, 'm4-1': 1.06}",1.59,92.40100000000002,93.46100000000003,inf,95.153,95.153
384,TT4,BESTEFFORT,CANCELLED,,90.208,"{'m1-1': 2.039, 'm2-1': 1.649, 'm3-1': 4.554, 'm4-1': 0.774}",0.0,inf,inf,inf,95.208,95.208
385,TT2,BESTEFFORT,CANCELLED,,90.237,"{'m1-1': 1.971, 'm2-1': 1.871, 'm3-1': 4.441, 'm4-1': 0.748}",0.0,inf,inf,inf,95.33699999999999,95.33699999999999
386,TT2,BESTEFFORT,CANCELLED,,90.318,"{'m1-1': 2.144, 'm2-1': 1.992, 'm3-1': 4.764, 'm4-1': 0.921}",0.0,inf,inf,inf,95.41799999999999,95.41799999999999
387,TT4,BESTEFFORT,MISSED,m1-1,90.537,"{'m1-1': 2.083, 'm2-1': 1.366, 'm3-1': 4.244, 'm4-1': 0.828}",3.200000000000023,93.53699999999999,inf,95.537,95.537,95.537
388,TT4,BESTEFFORT,COMPLETED,m4-1,90.887,"{'m1-1': 2.258, 'm2-1': 1.467, 'm3-1': 4.816, 'm4-1': 0.985}",1.4775,93.46100000000003,94.44600000000003,inf,95.887,95.887
389,TT4,BESTEFFORT,COMPLETED,m3-1,91.345,"{'m1-1': 1.988, 'm2-1': 1.572, 'm3-1': 3.751, 'm4-1': 1.028}",6.7518,91.396,95.147,inf,96.345,96.345
390,TT4,BESTEFFORT,COMPLETED,m2-1,91.444,"{'m1-1': 1.939, 'm2-1': 1.446, 'm3-1': 4.289, 'm4-1': 0.939}",4.338,94.844,96.28999999999999,inf,96.444,96.444
391,TT3,BESTEFFORT,COMPLETED,m4-1,91.792,"{'m1-1': 1.873, 'm2-1': 1.75, 'm3-1': 4.416, 'm4-1': 0.868}",1.302,94.44600000000003,95.31400000000002,inf,96.992,96.992
392,TT4,BESTEFFORT,CANCELLED,,92.206,"{'m1-1': 1.924, 'm2-1': 1.792, 'm3-1': 4.886, 'm4-1': 0.94}",0.0,inf,inf,inf,97.206,97.206
393,TT3,BESTEFFORT,MISSED,m1-1,92.381,"{'m1-1': 2.119, 'm2-1': 1.593, 'm3-1': 5.783, 'm4-1': 0.95}",3.270399999999995,95.537,inf,97.581,97.581,97.581
394,TT2,BESTEFFORT,COMPLETED,m4-1,92.563,"{'m1-1': 2.024, 'm2-1': 1.96, 'm3-1': 4.788, 'm4-1': 0.952}",1.428,95.31400000000002,96.26600000000002,inf,97.663,97.663
395,TT2,BESTEFFORT,CANCELLED,,92.572,"{'m1-1': 2.386, 'm2-1': 1.765, 'm3-1': 3.731, 'm4-1': 0.967}",0.0,inf,inf,inf,97.672,97.672
396,TT1,BESTEFFORT,CANCELLED,,92.688,"{'m1-1': 2.45, 'm2-1': 1.522, 'm3-1': 5.073, 'm4-1': 0.729}",0.0,inf,inf,inf,97.688,97.688
397,TT4,BESTEFFORT,MISSED,m2-1,92.961,"{'m1-1': 1.834, 'm2-1': 1.759, 'm3-1': 4.808, 'm4-1': 0.923}",5.013000000000019,96.28999999999999,inf,97.961,97.961,97.961
398,TT3,BESTEFFORT,CANCELLED,,93.183,"{'m1-1': 1.882, 'm2-1': 1.561, 'm3-1': 5.332, 'm4-1': 0.883}",0.0,inf,inf,inf,98.38300000000001,98.38300000000001
399,TT2,BESTEFFORT,CANCELLED,,93.204,"{'m1-1': 2.015, 'm2-1': 1.965, 'm3-1': 4.631, 'm4-1': 1.011}",0.0,inf,inf,inf,98.30399999999999,98.30399999999999
400,TT3,BESTEFFORT,COMPLETED,m4-1,93.527,"{'m1-1': 2.386, 'm2-1': 1.41, 'm3-1': 5.567, 'm4-1': 0.968}",1.452,96.26600000000002,97.23400000000002,inf,98.727,98.727
401,TT3,BESTEFFORT,CANCELLED,,93.728,"{'m1-1': 1.957, 'm2-1': 1.654, 'm3-1': 4.637, 'm4-1': 1.011}",0.0,inf,inf,inf,98.928,98.928
402,TT1,BESTEFFORT,CANCELLED,,93.792,"{'m1-1': 2.557, 'm2-1': 1.872, 'm3-1': 3.987, 'm4-1': 0.843}",0.0,inf,inf,inf,98.792,98.792
403,TT3,BESTEFFORT,CANCELLED,,93.912,"{'m1-1': 2.124, 'm2-1': 1.681, 'm3-1': 5.28, 'm4-1': 0.872}",0.0,inf,inf,inf,99.11200000000001,99.11200000000001
404,TT3,BESTEFFORT,CANCELLED,,94.224,"{'m1-1': 1.968, 'm2-1': 1.626, 'm3-1': 4.473, 'm4-1': 0.85}",0.0,inf,inf,inf,99.424,99.424
405,TT4,BESTEFFORT,MISSED,m2-1,94.326,"{'m1-1': 1.911, 'm2-1': 1.893, 'm3-1': 4.838, 'm4-1': 0.854}",4.094999999999985,97.961,inf,99.326,99.326,99.326
406,TT3,BESTEFFORT,COMPLETED,m1-1,94.359,"{'m1-1': 1.878, 'm2-1': 1.295, 'm3-1': 4.591, 'm4-1': 0.744}",3.0048,97.581,99.459,inf,99.559,99.559
407,TT1,BESTEFFORT,COMPLETED,m4-1,94.638,"{'m1-1': 2.557, 'm2-1': 1.806, 'm3-1': 4.82, 'm4-1': 0.801}",1.2015,97.23400000000002,98.03500000000003,inf,99.638,99.638
408,TT1,BESTEFFORT,CANCELLED,,95.145,"{'m1-1': 2.277, 'm2-1': 1.886, 'm3-1': 4.505, 'm4-1': 0.79}",0.0,inf,inf,inf,100.145,100.145
409,TT1,BESTEFFORT,COMPLETED,m4-1,95.632,"{'m1-1': 1.883, 'm2-1': 1.854, 'm3-1': 3.69, 'm4-1': 0.651}",0.9765,98.03500000000003,98.68600000000002,inf,100.632,100.632
410,TT2,BESTEFFORT,COMPLETED,m3-1,95.679,"{'m1-1': 2.183, 'm2-1': 1.979, 'm3-1': 4.743, 'm4-1': 0.994}",8.537400000000002,95.679,100.422,inf,100.779,100.779
411,TT4,BESTEFFORT,MISSED,m2-1,95.715,"{'m1-1': 2.359, 'm2-1': 1.404, 'm3-1': 4.764, 'm4-1': 0.876}",4.16700000000003,99.326,inf,100.715,100.715,100.715
412,TT3,BESTEFFORT,COMPLETED,m4-1,96.047,"{'m1-1': 1.992, 'm2-1': 1.6, 'm3-1': 4.561, 'm4-1': 0.866}",1.299,98.68600000000002,99.55200000000002,inf,101.247,101.247
413,TT3,BESTEFFORT,CANCELLED,,96.283,"{'m1-1': 1.836, 'm2-1': 1.442, 'm3-1': 4.93, 'm4-1': 0.916}",0.0,inf,inf,inf,101.483,101.483
414,TT4,BESTEFFORT,CANCELLED,,96.317,"{'m1-1': 1.818, 'm2-1': 1.363, 'm3-1': 4.189, 'm4-1': 0.824}",0.0,inf,inf,inf,101.317,101.317
415,TT3,BESTEFFORT,MISSED,m1-1,96.432,"{'m1-1': 2.293, 'm2-1': 1.558, 'm3-1': 5.937, 'm4-1': 0.811}",3.476800000000003,99.459,inf,101.632,101.632,101.632
416,TT1,BESTEFFORT,CANCELLED,,96.587,"{'m1-1': 2.498, 'm2-1': 1.727, 'm3-1': 5.044, 'm4-1': 0.647}",0.0,inf,inf,inf,101.587,101.587
417,TT4,BESTEFFORT,CANCELLED,,96.595,"{'m1-1': 2.109, 'm2-1': 1.864, 'm3-1': 5.086, 'm4-1': 0.842}",0.0,inf,inf,inf,101.595,101.595
418,TT1,BESTEFFORT,COMPLETED,m4-1,97.343,"{'m1-1': 2.479, 'm2-1': 1.498, 'm3-1': 4.747, 'm4-1': 0.828}",1.242,99.55200000000002,100.38000000000002,inf,102.343,102.343
419,TT3,BESTEFFORT,COMPLETED,m2-1,97.352,"{'m1-1': 2.118, 'm2-1': 1.587, 'm3-1': 5.217, 'm4-1': 0.825}",4.761,100.715,102.302,inf,102.552,102.552
420,TT3,BESTEFFORT,CANCELLED,,97.442,"{'m1-1': 2.388, 'm2-1': 1.583, 'm3-1': 5.23, 'm4-1': 0.934}",0.0,inf,inf,inf,102.642,102.642
421,TT4,BESTEFFORT,CANCELLED,,97.609,"{'m1-1': 1.925, 'm2-1': 1.806, 'm3-1': 4.381, 'm4-1': 0.941}",0.0,inf,inf,inf,102.609,102.609
422,TT2,BESTEFFORT,CANCELLED,,97.698,"{'m1-1': 2.307, 'm2-1': 2.127, 'm3-1': 4.472, 'm4-1': 0.94}",0.0,inf,inf,inf,102.79799999999999,102.79799999999999
423,TT3,BESTEFFORT,CANCELLED,,97.875,"{'m1-1': 1.863, 'm2-1': 1.578, 'm3-1': 5.217, 'm4-1': 0.887}",0.0,inf,inf,inf,103.075,103.075
424,TT3,BESTEFFORT,CANCELLED,,97.881,"{'m1-1': 1.92, 'm2-1': 1.791, 'm3-1': 5.004, 'm4-1': 0.884}",0.0,inf,inf,inf,103.081,103.081
425,TT3,BESTEFFORT,COMPLETED,m4-1,98.072,"{'m1-1': 2.348, 'm2-1': 1.335, 'm3-1': 4.575, 'm4-1': 0.958}",1.4369999999999998,100.38000000000002,101.33800000000002,inf,103.272,103.272
426,TT2,BESTEFFORT,CANCELLED,,98.087,"{'m1-1': 2.114, 'm2-1': 1.883, 'm3-1': 4.774, 'm4-1': 0.998}",0.0,inf,inf,inf,103.187,103.187
427,TT1,BESTEFFORT,CANCELLED,,98.196,"{'m1-1': 1.878, 'm2-1': 1.432, 'm3-1': 4.585, 'm4-1': 0.71}",0.0,inf,inf,inf,103.196,103.196
428,TT4,BESTEFFORT,CANCELLED,,98.21,"{'m1-1': 1.97, 'm2-1': 1.772, 'm3-1': 4.65, 'm4-1': 0.805}",0.0,inf,inf,inf,103.21,103.21
429,TT4,BESTEFFORT,MISSED,m1-1,98.395,"{'m1-1': 2.423, 'm2-1': 1.47, 'm3-1': 4.602, 'm4-1': 0.796}",2.820799999999986,101.632,inf,103.395,103.395,103.395
430,TT1,BESTEFFORT,COMPLETED,m4-1,98.699,"{'m1-1': 2.145, 'm2-1': 1.444, 'm3-1': 4.146, 'm4-1': 0.817}",1.2254999999999998,101.33800000000002,102.15500000000002,inf,103.699,103.699
431,TT1,BESTEFFORT,CANCELLED,,98.756,"{'m1-1': 2.558, 'm2-1': 1.988, 'm3-1': 4.371, 'm4-1': 0.725}",0.0,inf,inf,inf,103.756,103.756
432,TT1,BESTEFFORT,CANCELLED,,98.806,"{'m1-1': 2.566, 'm2-1': 1.674, 'm3-1': 3.672, 'm4-1': 0.724}",0.0,inf,inf,inf,103.806,103.806
433,TT3,BESTEFFORT,COMPLETED,m2-1,99.409,"{'m1-1': 2.01, 'm2-1': 1.464, 'm3-1': 5.502, 'm4-1': 0.845}",4.3919999999999995,102.302,103.766,inf,104.60900000000001,104.60900000000001
434,TT1,BESTEFFORT,COMPLETED,m4-1,99.578,"{'m1-1': 2.362, 'm2-1': 1.558, 'm3-1': 5.113, 'm4-1': 0.863}",1.2945,102.15500000000002,103.01800000000001,inf,104.578,104.578
435,TT4,BESTEFFORT,CANCELLED,,99.59,"{'m1-1': 2.304, 'm2-1': 1.405, 'm3-1': 3.929, 'm4-1': 0.812}",0.0,inf,inf,inf,104.59,104.59
436,TT2,BESTEFFORT,CANCELLED,,99.721,"{'m1-1': 1.929, 'm2-1': 2.073, 'm3-1': 5.046, 'm4-1': 0.899}",0.0,inf,inf,inf,104.821,104.821
437,TT2,BESTEFFORT,MISSED,m3-1,99.753,"{'m1-1': 2.589, 'm2-1': 1.97, 'm3-1': 4.861, 'm4-1': 0.941}",7.975799999999995,100.422,inf,104.853,104.853,104.853
438,TT1,BESTEFFORT,CANCELLED,,100.18,"{'m1-1': 2.428, 'm2-1': 1.434, 'm3-1': 4.013, 'm4-1': 0.652}",0.0,inf,inf,inf,105.18,105.18
439,TT3,BESTEFFORT,MISSED,m1-1,100.3,"{'m1-1': 2.143, 'm2-1': 1.477, 'm3-1': 5.697, 'm4-1': 0.931}",3.3680000000000065,103.395,inf,105.5,105.5,105.5
440,TT3,BESTEFFORT,COMPLETED,m4-1,100.863,"{'m1-1': 2.292, 'm2-1': 1.371, 'm3-1': 5.33, 'm4-1': 0.785}",1.1775,103.01800000000001,103.80300000000001,inf,106.063,106.063
441,TT1,BESTEFFORT,COMPLETED,m4-1,101.443,"{'m1-1': 1.878, 'm2-1': 1.554, 'm3-1': 4.296, 'm4-1': 0.699}",1.0485,103.80300000000001,104.50200000000001,inf,106.443,106.443
442,TT4,BESTEFFORT,COMPLETED,m2-1,101.681,"{'m1-1': 1.753, 'm2-1': 1.666, 'm3-1': 4.016, 'm4-1': 0.973}",4.997999999999999,103.766,105.432,inf,106.681,106.681
443,TT3,BESTEFFORT,MISSED,m1-1,101.801,"{'m1-1': 2.092, 'm2-1': 1.748, 'm3-1': 5.233, 'm4-1': 0.79}",2.4016000000000077,105.5,inf,107.001,107.001,107.001
444,TT2,BESTEFFORT,COMPLETED,m4-1,102.053,"{'m1-1': 2.325, 'm2-1': 1.601, 'm3-1': 3.709, 'm4-1': 0.729}",1.0935,104.50200000000001,105.23100000000001,inf,107.15299999999999,107.15299999999999
445,TT4,BESTEFFORT,COMPLETED,m2-1,102.867,"{'m1-1': 1.911, 'm2-1': 1.822, 'm3-1': 5.013, 'm4-1': 0.852}",5.466,105.432,107.254,inf,107.867,107.867
446,TT3,BESTEFFORT,COMPLETED,m4-1,102.893,"{'m1-1': 2.008, 'm2-1': 1.7, 'm3-1': 5.301, 'm4-1': 0.885}",1.3275000000000001,105.23100000000001,106.11600000000001,inf,108.093,108.093
447,TT2,BESTEFFORT,CANCELLED,,103.299,"{'m1-1': 2.257, 'm2-1': 1.786, 'm3-1': 4.759, 'm4-1': 0.954}",0.0,inf,inf,inf,108.399,108.399
448,TT4,BESTEFFORT,MISSED,m3-1,103.352,"{'m1-1': 2.213, 'm2-1': 1.745, 'm3-1': 4.986, 'm4-1': 0.777}",6.298200000000017,104.853,inf,108.352,108.352,108.352
449,TT1,BESTEFFORT,CANCELLED,,103.51,"{'m1-1': 2.185, 'm2-1': 1.737, 'm3-1': 3.613, 'm4-1': 0.833}",0.0,inf,inf,inf,108.51,108.51
450,TT1,BESTEFFORT,CANCELLED,,103.561,"{'m1-1': 2.485, 'm2-1': 1.842, 'm3-1': 4.249, 'm4-1': 0.757}",0.0,inf,inf,inf,108.561,108.561
451,TT3,BESTEFFORT,MISSED,m1-1,103.727,"{'m1-1': 1.985, 'm2-1': 1.582, 'm3-1': 4.41, 'm4-1': 0.744}",3.0816000000000034,107.001,inf,108.927,108.927,108.927
452,TT3,BESTEFFORT,COMPLETED,m2-1,103.766,"{'m1-1': 2.285, 'm2-1': 1.404, 'm3-1': 4.82, 'm4-1': 0.957}",4.212,107.254,108.658,inf,108.96600000000001,108.96600000000001
453,TT2,BESTEFFORT,COMPLETED,m4-1,104.131,"{'m1-1': 2.117, 'm2-1': 1.789, 'm3-1': 3.925, 'm4-1': 0.892}",1.338,106.11600000000001,107.00800000000001,inf,109.231,109.231
454,TT2,BESTEFFORT,COMPLETED,m4-1,104.384,"{'m1-1': 2.169, 'm2-1': 2.028, 'm3-1': 4.602, 'm4-1': 0.863}",1.2945,107.00800000000001,107.87100000000001,inf,109.484,109.484
455,TT4,BESTEFFORT,CANCELLED,,104.703,"{'m1-1': 2.304, 'm2-1': 1.79, 'm3-1': 4.367, 'm4-1': 0.898}",0.0,inf,inf,inf,109.703,109.703
456,TT3,BESTEFFORT,CANCELLED,,104.848,"{'m1-1': 2.367, 'm2-1': 1.642, 'm3-1': 4.987, 'm4-1': 0.924}",0.0,inf,inf,inf,110.048,110.048
457,TT2,BESTEFFORT,COMPLETED,m4-1,105.178,"{'m1-1': 2.103, 'm2-1': 1.967, 'm3-1': 3.898, 'm4-1': 1.003}",1.5044999999999997,107.87100000000001,108.87400000000001,inf,110.27799999999999,110.27799999999999
458,TT3,BESTEFFORT,COMPLETED,m2-1,105.268,"{'m1-1': 2.206, 'm2-1': 1.509, 'm3-1': 4.243, 'm4-1': 1.008}",4.526999999999999,108.658,110.167,inf,110.468,110.468
459,TT1,BESTEFFORT,COMPLETED,m4-1,106.021,"{'m1-1': 2.24, 'm2-1': 1.956, 'm3-1': 4.131, 'm4-1': 0.646}",0.9690000000000001,108.87400000000001,109.52000000000001,inf,111.021,111.021
460,TT4,BESTEFFORT,COMPLETED,m1-1,106.128,"{'m1-1': 1.87, 'm2-1': 1.896, 'm3-1': 3.82, 'm4-1': 0.931}",2.9920000000000004,108.927,110.79700000000001,inf,111.128,111.128
461,TT1,BESTEFFORT,CANCELLED,,106.155,"{'m1-1': 2.623, 'm2-1': 1.463, 'm3-1': 4.941, 'm4-1': 0.724}",0.0,inf,inf,inf,111.155,111.155
462,TT3,BESTEFFORT,COMPLETED,m2-1,106.653,"{'m1-1': 2.417, 'm2-1': 1.375, 'm3-1': 5.77, 'm4-1': 0.884}",4.125,110.167,111.542,inf,111.85300000000001,111.85300000000001
463,TT4,BESTEFFORT,CANCELLED,,106.749,"{'m1-1': 2.339, 'm2-1': 1.521, 'm3-1': 3.637, 'm4-1': 0.889}",0.0,inf,inf,inf,111.749,111.749
464,TT4,BESTEFFORT,CANCELLED,,106.867,"{'m1-1': 1.809, 'm2-1': 1.829, 'm3-1': 4.356, 'm4-1': 0.984}",0.0,inf,inf,inf,111.867,111.867
465,TT1,BESTEFFORT,CANCELLED,,106.958,"{'m1-1': 1.899, 'm2-1': 1.473, 'm3-1': 4.182, 'm4-1': 0.793}",0.0,inf,inf,inf,111.958,111.958
466,TT3,BESTEFFORT,COMPLETED,m4-1,107.338,"{'m1-1': 2.193, 'm2-1': 1.27, 'm3-1': 5.776, 'm4-1': 0.923}",1.3845,109.52000000000001,110.44300000000001,inf,112.538,112.538
467,TT4,BESTEFFORT,CANCELLED,,107.526,"{'m1-1': 2.432, 'm2-1': 1.347, 'm3-1': 4.712, 'm4-1': 0.971}",0.0,inf,inf,inf,112.526,112.526
468,TT4,BESTEFFORT,CANCELLED,,107.648,"{'m1-1': 2.436, 'm2-1': 1.706, 'm3-1': 3.657, 'm4-1': 0.987}",0.0,inf,inf,inf,112.648,112.648
469,TT4,BESTEFFORT,COMPLETED,m4-1,108.179,"{'m1-1': 2.28, 'm2-1': 1.453, 'm3-1': 4.274, 'm4-1': 0.891}",1.3365,110.44300000000001,111.33400000000002,inf,113.179,113.179
470,TT4,BESTEFFORT,COMPLETED,m1-1,108.257,"{'m1-1': 2.099, 'm2-1': 1.443, 'm3-1': 5.139, 'm4-1': 1.036}",3.3584000000000005,110.79700000000001,112.89600000000002,inf,113.257,113.257
471,TT4,BESTEFFORT,COMPLETED,m3-1,108.349,"{'m1-1': 2.224, 'm2-1': 1.754, 'm3-1': 4.227, 'm4-1': 0.776}",7.608600000000001,108.352,112.57900000000001,inf,113.349,113.349
472,TT3,BESTEFFORT,COMPLETED,m2-1,108.381,"{'m1-1': 1.892, 'm2-1': 1.391, 'm3-1': 4.877, 'm4-1': 0.782}",4.173,111.542,112.933,inf,113.581,113.581
473,TT1,BESTEFFORT,CANCELLED,,108.425,"{'m1-1': 2.119, 'm2-1': 1.879, 'm3-1': 4.165, 'm4-1': 0.796}",0.0,inf,inf,inf,113.425,113.425
474,TT2,BESTEFFORT,COMPLETED,m4-1,108.687,"{'m1-1': 2.308, 'm2-1': 1.662, 'm3-1': 4.283, 'm4-1': 0.88}",1.32,111.33400000000002,112.21400000000001,inf,113.78699999999999,113.78699999999999
475,TT4,BESTEFFORT,CANCELLED,,109.178,"{'m1-1': 2.068, 'm2-1': 1.609, 'm3-1': 4.421, 'm4-1': 0.827}",0.0,inf,inf,inf,114.178,114.178
476,TT1,BESTEFFORT,CANCELLED,,109.208,"{'m1-1': 2.53, 'm2-1': 1.402, 'm3-1': 4.104, 'm4-1': 0.751}",0.0,inf,inf,inf,114.208,114.208
477,TT2,BESTEFFORT,CANCELLED,,109.239,"{'m1-1': 2.541, 'm2-1': 1.535, 'm3-1': 4.346, 'm4-1': 0.987}",0.0,inf,inf,inf,114.339,114.339
478,TT2,BESTEFFORT,CANCELLED,,109.254,"{'m1-1': 1.927, 'm2-1': 1.679, 'm3-1': 4.56, 'm4-1': 0.799}",0.0,inf,inf,inf,114.354,114.354
479,TT2,BESTEFFORT,CANCELLED,,109.267,"{'m1-1': 2.076, 'm2-1': 1.548, 'm3-1': 4.062, 'm4-1': 0.732}",0.0,inf,inf,inf,114.36699999999999,114.36699999999999
480,TT3,BESTEFFORT,CANCELLED,,109.335,"{'m1-1': 1.947, 'm2-1': 1.515, 'm3-1': 5.119, 'm4-1': 0.72}",0.0,inf,inf,inf,114.535,114.535
481,TT2,BESTEFFORT,COMPLETED,m4-1,109.422,"{'m1-1': 1.91, 'm2-1': 1.97, 'm3-1': 4.51, 'm4-1': 1.006}",1.509,112.21400000000001,113.22000000000001,inf,114.52199999999999,114.52199999999999
482,TT1,BESTEFFORT,COMPLETED,m2-1,109.893,"{'m1-1': 2.241, 'm2-1': 1.646, 'm3-1': 4.078, 'm4-1': 0.671}",4.938,112.933,114.57900000000001,inf,114.893,114.893
483,TT2,BESTEFFORT,CANCELLED,,109.948,"{'m1-1': 2.256, 'm2-1': 1.865, 'm3-1': 4.416, 'm4-1': 1.014}",0.0,inf,inf,inf,115.04799999999999,115.04799999999999
484,TT3,BESTEFFORT,COMPLETED,m1-1,110.407,"{'m1-1': 1.955, 'm2-1': 1.281, 'm3-1': 5.866, 'm4-1': 0.864}",3.128,112.89600000000002,114.85100000000001,inf,115.607,115.607
485,TT3,BESTEFFORT,COMPLETED,m4-1,110.609,"{'m1-1': 1.979, 'm2-1': 1.593, 'm3-1': 4.346, 'm4-1': 0.991}",1.4865,113.22000000000001,114.21100000000001,inf,115.809,115.809
486,TT1,BESTEFFORT,CANCELLED,,110.842,"{'m1-1': 2.156, 'm2-1': 1.794, 'm3-1': 3.652, 'm4-1': 0.849}",0.0,inf,inf,inf,115.842,115.842
487,TT2,BESTEFFORT,CANCELLED,,111.14,"{'m1-1': 2.207, 'm2-1': 1.667, 'm3-1': 4.614, 'm4-1': 0.987}",0.0,inf,inf,inf,116.24,116.24
488,TT2,BESTEFFORT,COMPLETED,m4-1,111.331,"{'m1-1': 2.042, 'm2-1': 1.658, 'm3-1': 3.77, 'm4-1': 0.806}",1.209,114.21100000000001,115.01700000000001,inf,116.431,116.431
489,TT3,BESTEFFORT,MISSED,m1-1,111.775,"{'m1-1': 2.182, 'm2-1': 1.351, 'm3-1': 4.964, 'm4-1': 0.802}",3.3983999999999925,114.85100000000001,inf,116.97500000000001,116.97500000000001,116.97500000000001
490,TT3,BESTEFFORT,COMPLETED,m2-1,112.206,"{'m1-1': 2.318, 'm2-1': 1.639, 'm3-1': 4.28, 'm4-1': 0.719}",4.917,114.57900000000001,116.218,inf,117.406,117.406
491,TT2,BESTEFFORT,COMPLETED,m4-1,112.37,"{'m1-1': 2.537, 'm2-1': 1.629, 'm3-1': 4.695, 'm4-1': 0.886}",1.329,115.01700000000001,115.903,inf,117.47,117.47
492,TT2,BESTEFFORT,COMPLETED,m3-1,112.539,"{'m1-1': 2.335, 'm2-1': 1.512, 'm3-1': 4.094, 'm4-1': 0.833}",7.369200000000001,112.57900000000001,116.673,inf,117.639,117.639
493,TT4,BESTEFFORT,CANCELLED,,112.705,"{'m1-1': 2.189, 'm2-1': 1.823, 'm3-1': 3.693, 'm4-1': 0.885}",0.0,inf,inf,inf,117.705,117.705
494,TT1,BESTEFFORT,COMPLETED,m4-1,113.528,"{'m1-1': 1.996, 'm2-1': 1.8, 'm3-1': 4.357, 'm4-1': 0.623}",0.9345,115.903,116.52600000000001,inf,118.528,118.528
495,TT1,BESTEFFORT,COMPLETED,m2-1,114.048,"{'m1-1': 2.21, 'm2-1': 1.453, 'm3-1': 4.303, 'm4-1': 0.765}",4.359,116.218,117.671,inf,119.048,119.048
496,TT2,BESTEFFORT,MISSED,m2-1,114.199,"{'m1-1': 2.147, 'm2-1': 1.864, 'm3-1': 3.864, 'm4-1': 0.968}",4.883999999999958,117.671,inf,119.29899999999999,119.29899999999999,119.29899999999999
497,TT1,BESTEFFORT,COMPLETED,m4-1,114.273,"{'m1-1': 2.205, 'm2-1': 1.955, 'm3-1': 5.033, 'm4-1': 0.86}",1.29,116.52600000000001,117.38600000000001,inf,119.273,119.273
498,TT4,BESTEFFORT,COMPLETED,m1-1,114.31,"{'m1-1': 1.922, 'm2-1': 1.754, 'm3-1': 4.351, 'm4-1': 0.877}",3.0752,116.97500000000001,118.897,inf,119.31,119.31
499,TT3,BESTEFFORT,CANCELLED,,114.402,"{'m1-1': 2.341, 'm2-1': 1.383, 'm3-1': 5.057, 'm4-1': 0.964}",0.0,inf,inf,inf,119.602,119.602
500,TT1,BESTEFFORT,CANCELLED,,114.468,"{'m1-1': 2.49, 'm2-1': 1.8, 'm3-1': 4.825, 'm4-1': 0.786}",0.0,inf,inf,inf,119.468,119.468
501,TT2,BESTEFFORT,CANCELLED,,114.509,"{'m1-1': 2.186, 'm2-1': 2.0, 'm3-1': 4.383, 'm4-1': 0.987}",0.0,inf,inf,inf,119.609,119.609
502,TT4,BESTEFFORT,CANCELLED,,114.685,"{'m1-1': 2.015, 'm2-1': 1.387, 'm3-1': 4.442, 'm4-1': 0.904}",0.0,inf,inf,inf,119.685,119.685
503,TT1,BESTEFFORT,CANCELLED,,114.709,"{'m1-1': 2.346, 'm2-1': 1.626, 'm3-1': 3.773, 'm4-1': 0.672}",0.0,inf,inf,inf,119.709,119.709
504,TT1,BESTEFFORT,CANCELLED,,114.789,"{'m1-1': 2.522, 'm2-1': 1.851, 'm3-1': 4.425, 'm4-1': 0.753}",0.0,inf,inf,inf,119.789,119.789
505,TT2,BESTEFFORT,COMPLETED,m4-1,115.095,"{'m1-1': 2.058, 'm2-1': 1.804, 'm3-1': 4.727, 'm4-1': 0.745}",1.1175,117.38600000000001,118.13100000000001,inf,120.195,120.195
506,TT1,BESTEFFORT,CANCELLED,,115.114,"{'m1-1': 1.94, 'm2-1': 1.419, 'm3-1': 4.279, 'm4-1': 0.847}",0.0,inf,inf,inf,120.114,120.114
507,TT4,BESTEFFORT,CANCELLED,,115.424,"{'m1-1': 2.118, 'm2-1': 1.363, 'm3-1': 4.838, 'm4-1': 0.988}",0.0,inf,inf,inf,120.424,120.424
508,TT4,BESTEFFORT,CANCELLED,,115.561,"{'m1-1': 1.89, 'm2-1': 1.887, 'm3-1': 3.684, 'm4-1': 0.897}",0.0,inf,inf,inf,120.561,120.561
509,TT4,BESTEFFORT,CANCELLED,,115.672,"{'m1-1': 2.242, 'm2-1': 1.45, 'm3-1': 3.93, 'm4-1': 0.879}",0.0,inf,inf,inf,120.672,120.672
510,TT2,BESTEFFORT,MISSED,m2-1,115.852,"{'m1-1': 2.351, 'm2-1': 1.767, 'm3-1': 4.769, 'm4-1': 0.953}",4.959000000000017,119.29899999999999,inf,120.952,120.952,120.952
511,TT3,BESTEFFORT,COMPLETED,m4-1,116.525,"{'m1-1': 1.809, 'm2-1': 1.794, 'm3-1': 5.898, 'm4-1': 0.812}",1.218,118.13100000000001,118.94300000000001,inf,121.72500000000001,121.72500000000001
512,TT2,BESTEFFORT,COMPLETED,m4-1,116.685,"{'m1-1': 2.325, 'm2-1': 1.792, 'm3-1': 4.149, 'm4-1': 0.935}",1.4025,118.94300000000001,119.87800000000001,inf,121.785,121.785
513,TT1,BESTEFFORT,COMPLETED,m1-1,116.836,"{'m1-1': 1.968, 'm2-1': 1.465, 'm3-1': 4.44, 'm4-1': 0.687}",3.1488,118.897,120.86500000000001,inf,121.836,121.836
514,TT2,BESTEFFORT,COMPLETED,m3-1,116.934,"{'m1-1': 2.055, 'm2-1': 2.027, 'm3-1': 3.915, 'm4-1': 0.852}",7.047000000000001,116.934,120.849,inf,122.03399999999999,122.03399999999999
515,TT1,BESTEFFORT,COMPLETED,m4-1,117.2,"{'m1-1': 1.9, 'm2-1': 1.696, 'm3-1': 4.901, 'm4-1': 0.675}",1.0125000000000002,119.87800000000001,120.55300000000001,inf,122.2,122.2
516,TT1,BESTEFFORT,MISSED,m2-1,117.45,"{'m1-1': 1.995, 'm2-1': 1.567, 'm3-1': 4.186, 'm4-1': 0.684}",4.494000000000014,120.952,inf,122.45,122.45,122.45
517,TT1,BESTEFFORT,CANCELLED,,117.589,"{'m1-1': 2.149, 'm2-1': 1.934, 'm3-1': 4.57, 'm4-1': 0.622}",0.0,inf,inf,inf,122.589,122.589
518,TT3,BESTEFFORT,CANCELLED,,117.75,"{'m1-1': 2.307, 'm2-1': 1.382, 'm3-1': 4.989, 'm4-1': 0.77}",0.0,inf,inf,inf,122.95,122.95
519,TT4,BESTEFFORT,CANCELLED,,117.758,"{'m1-1': 2.379, 'm2-1': 1.573, 'm3-1': 4.748, 'm4-1': 0.796}",0.0,inf,inf,inf,122.758,122.758
520,TT1,BESTEFFORT,CANCELLED,,117.858,"{'m1-1': 2.069, 'm2-1': 1.512, 'm3-1': 4.624, 'm4-1': 0.769}",0.0,inf,inf,inf,122.858,122.858
521,TT4,BESTEFFORT,CANCELLED,,118.051,"{'m1-1': 2.371, 'm2-1': 1.834, 'm3-1': 4.012, 'm4-1': 0.824}",0.0,inf,inf,inf,123.051,123.051
522,TT2,BESTEFFORT,COMPLETED,m4-1,118.225,"{'m1-1': 2.34, 'm2-1': 1.604, 'm3-1': 3.744, 'm4-1': 1.016}",1.524,120.55300000000001,121.56900000000002,inf,123.32499999999999,123.32499999999999
523,TT3,BESTEFFORT,CANCELLED,,118.231,"{'m1-1': 2.218, 'm2-1': 1.275, 'm3-1': 5.092, 'm4-1': 0.719}",0.0,inf,inf,inf,123.431,123.431
524,TT3,BESTEFFORT,CANCELLED,,118.271,"{'m1-1': 1.851, 'm2-1': 1.759, 'm3-1': 4.428, 'm4-1': 0.745}",0.0,inf,inf,inf,123.471,123.471
525,TT2,BESTEFFORT,CANCELLED,,118.276,"{'m1-1': 2.408, 'm2-1': 2.138, 'm3-1': 4.474, 'm4-1': 0.803}",0.0,inf,inf,inf,123.37599999999999,123.37599999999999
526,TT1,BESTEFFORT,CANCELLED,,118.279,"{'m1-1': 2.351, 'm2-1': 1.577, 'm3-1': 4.11, 'm4-1': 0.809}",0.0,inf,inf,inf,123.279,123.279
527,TT3,BESTEFFORT,COMPLETED,m1-1,118.281,"{'m1-1': 1.782, 'm2-1': 1.284, 'm3-1': 5.815, 'm4-1': 0.983}",2.8512000000000004,120.86500000000001,122.647,inf,123.48100000000001,123.48100000000001
528,TT3,BESTEFFORT,CANCELLED,,118.404,"{'m1-1': 2.075, 'm2-1': 1.324, 'm3-1': 5.762, 'm4-1': 0.723}",0.0,inf,inf,inf,123.604,123.604
529,TT2,BESTEFFORT,CANCELLED,,118.427,"{'m1-1': 2.619, 'm2-1': 1.53, 'm3-1': 4.727, 'm4-1': 0.961}",0.0,inf,inf,inf,123.527,123.527
530,TT2,BESTEFFORT,CANCELLED,,118.588,"{'m1-1': 2.22, 'm2-1': 2.104, 'm3-1': 4.372, 'm4-1': 0.931}",0.0,inf,inf,inf,123.68799999999999,123.68799999999999
531,TT4,BESTEFFORT,CANCELLED,,118.672,"{'m1-1': 2.123, 'm2-1': 1.582, 'm3-1': 4.383, 'm4-1': 0.963}",0.0,inf,inf,inf,123.672,123.672
532,TT3,BESTEFFORT,COMPLETED,m2-1,118.778,"{'m1-1': 2.381, 'm2-1': 1.384, 'm3-1': 4.488, 'm4-1': 0.84}",4.151999999999999,122.45,123.834,inf,123.97800000000001,123.97800000000001
533,TT3,BESTEFFORT,COMPLETED,m4-1,119.6,"{'m1-1': 1.81, 'm2-1': 1.571, 'm3-1': 5.147, 'm4-1': 0.802}",1.203,121.56900000000002,122.37100000000002,inf,124.8,124.8
534,TT1,BESTEFFORT,COMPLETED,m4-1,120.189,"{'m1-1': 1.923, 'm2-1': 1.73, 'm3-1': 4.009, 'm4-1': 0.717}",1.0755,122.37100000000002,123.08800000000002,inf,125.189,125.189
535,TT1,BESTEFFORT,COMPLETED,m1-1,120.382,"{'m1-1': 2.341, 'm2-1': 1.959, 'm3-1': 3.709, 'm4-1': 0.811}",3.7456000000000005,122.647,124.988,inf,125.382,125.382
536,TT1,BESTEFFORT,COMPLETED,m4-1,120.486,"{'m1-1': 2.52, 'm2-1': 1.648, 'm3-1': 3.987, 'm4-1': 0.733}",1.0995,123.08800000000002,123.82100000000003,inf,125.486,125.486
537,TT1,BESTEFFORT,COMPLETED,m2-1,120.634,"{'m1-1': 2.526, 'm2-1': 1.622, 'm3-1': 4.495, 'm4-1': 0.839}",4.8660000000000005,123.834,125.456,inf,125.634,125.634
538,TT4,BESTEFFORT,COMPLETED,m3-1,120.769,"{'m1-1': 2.259, 'm2-1': 1.356, 'm3-1': 3.705, 'm4-1': 0.936}",6.6690000000000005,120.849,124.554,inf,125.769,125.769
539,TT1,BESTEFFORT,CANCELLED,,121.05,"{'m1-1': 2.474, 'm2-1': 1.531, 'm3-1': 4.341, 'm4-1': 0.626}",0.0,inf,inf,inf,126.05,126.05
540,TT3,BESTEFFORT,CANCELLED,,121.41,"{'m1-1': 2.106, 'm2-1': 1.58, 'm3-1': 5.301, 'm4-1': 0.969}",0.0,inf,inf,inf,126.61,126.61
541,TT3,BESTEFFORT,COMPLETED,m4-1,121.667,"{'m1-1': 2.407, 'm2-1': 1.318, 'm3-1': 4.263, 'm4-1': 0.894}",1.341,123.82100000000003,124.71500000000003,inf,126.867,126.867
542,TT3,BESTEFFORT,COMPLETED,m4-1,121.75,"{'m1-1': 1.979, 'm2-1': 1.287, 'm3-1': 5.356, 'm4-1': 0.802}",1.203,124.71500000000003,125.51700000000004,inf,126.95,126.95
543,TT2,BESTEFFORT,COMPLETED,m1-1,122.378,"{'m1-1': 2.008, 'm2-1': 1.935, 'm3-1': 3.79, 'm4-1': 0.794}",3.2128,124.988,126.996,inf,127.478,127.478
544,TT2,BESTEFFORT,COMPLETED,m2-1,122.439,"{'m1-1': 2.632, 'm2-1': 1.714, 'm3-1': 4.56, 'm4-1': 0.954}",5.1419999999999995,125.456,127.17,inf,127.53899999999999,127.53899999999999
545,TT2,BESTEFFORT,CANCELLED,,122.604,"{'m1-1': 2.314, 'm2-1': 1.868, 'm3-1': 3.741, 'm4-1': 0.871}",0.0,inf,inf,inf,127.704,127.704
546,TT3,BESTEFFORT,CANCELLED,,122.633,"{'m1-1': 2.183, 'm2-1': 1.602, 'm3-1': 4.576, 'm4-1': 1.004}",0.0,inf,inf,inf,127.833,127.833
547,TT3,BESTEFFORT,COMPLETED,m4-1,123.25,"{'m1-1': 1.761, 'm2-1': 1.727, 'm3-1': 5.631, 'm4-1': 0.752}",1.1280000000000001,125.51700000000004,126.26900000000003,inf,128.45,128.45
548,TT2,BESTEFFORT,CANCELLED,,123.314,"{'m1-1': 2.258, 'm2-1': 1.801, 'm3-1': 3.972, 'm4-1': 0.904}",0.0,inf,inf,inf,128.414,128.414
549,TT1,BESTEFFORT,CANCELLED,,123.37,"{'m1-1': 2.197, 'm2-1': 1.653, 'm3-1': 4.809, 'm4-1': 0.625}",0.0,inf,inf,inf,128.37,128.37
550,TT2,BESTEFFORT,CANCELLED,,123.379,"{'m1-1': 1.9, 'm2-1': 1.752, 'm3-1': 4.542, 'm4-1': 0.957}",0.0,inf,inf,inf,128.479,128.479
551,TT4,BESTEFFORT,CANCELLED,,123.442,"{'m1-1': 2.433, 'm2-1': 1.728, 'm3-1': 4.939, 'm4-1': 1.063}",0.0,inf,inf,inf,128.442,128.442
552,TT3,BESTEFFORT,MISSED,m1-1,123.633,"{'m1-1': 2.081, 'm2-1': 1.509, 'm3-1': 5.62, 'm4-1': 0.886}",2.9392000000000054,126.996,inf,128.833,128.833,128.833
553,TT2,BESTEFFORT,COMPLETED,m4-1,123.684,"{'m1-1': 1.897, 'm2-1': 1.999, 'm3-1': 4.956, 'm4-1': 0.953}",1.4295,126.26900000000003,127.22200000000004,inf,128.784,128.784
554,TT4,BESTEFFORT,MISSED,m3-1,123.874,"{'m1-1': 2.056, 'm2-1': 1.415, 'm3-1': 4.914, 'm4-1': 0.859}",7.775999999999988,124.554,inf,128.874,128.874,128.874
555,TT1,BESTEFFORT,COMPLETED,m4-1,124.772,"{'m1-1': 2.478, 'm2-1': 1.655, 'm3-1': 4.625, 'm4-1': 0.856}",1.284,127.22200000000004,128.07800000000003,inf,129.772,129.772
556,TT4,BESTEFFORT,COMPLETED,m2-1,124.793,"{'m1-1': 1.907, 'm2-1': 1.898, 'm3-1': 4.887, 'm4-1': 0.79}",5.694,127.17,129.068,inf,129.793,129.793
557,TT1,BESTEFFORT,CANCELLED,,125.001,"{'m1-1': 2.362, 'm2-1': 1.677, 'm3-1': 4.901, 'm4-1': 0.733}",0.0,inf,inf,inf,130.001,130.001
558,TT1,BESTEFFORT,COMPLETED,m4-1,125.604,"{'m1-1': 2.495, 'm2-1': 1.777, 'm3-1': 4.349, 'm4-1': 0.699}",1.0485,128.07800000000003,128.77700000000004,inf,130.60399999999998,130.60399999999998
559,TT2,BESTEFFORT,CANCELLED,,125.643,"{'m1-1': 1.902, 'm2-1': 1.949, 'm3-1': 4.327, 'm4-1': 0.832}",0.0,inf,inf,inf,130.743,130.743
560,TT4,BESTEFFORT,COMPLETED,m1-1,126.049,"{'m1-1': 1.808, 'm2-1': 1.863, 'm3-1': 4.686, 'm4-1': 0.957}",2.8928000000000003,128.833,130.641,inf,131.049,131.049
561,TT3,BESTEFFORT,COMPLETED,m4-1,126.419,"{'m1-1': 2.335, 'm2-1': 1.663, 'm3-1': 4.813, 'm4-1': 0.981}",1.4715,128.77700000000004,129.75800000000004,inf,131.619,131.619
562,TT4,BESTEFFORT,COMPLETED,m2-1,126.534,"{'m1-1': 2.379, 'm2-1': 1.892, 'm3-1': 4.797, 'm4-1': 0.812}",5.676,129.068,130.96,inf,131.534,131.534
563,TT3,BESTEFFORT,MISSED,m2-1,126.905,"{'m1-1': 2.072, 'm2-1': 1.495, 'm3-1': 5.778, 'm4-1': 0.997}",3.4349999999999454,130.96,inf,132.105,132.105,132.105
564,TT2,BESTEFFORT,CANCELLED,,127.142,"{'m1-1': 2.466, 'm2-1': 2.087, 'm3-1': 3.622, 'm4-1': 0.926}",0.0,inf,inf,inf,132.242,132.242
565,TT2,BESTEFFORT,COMPLETED,m4-1,127.297,"{'m1-1': 2.415, 'm2-1': 1.959, 'm3-1': 3.796, 'm4-1': 0.773}",1.1595,129.75800000000004,130.53100000000003,inf,132.397,132.397
566,TT1,BESTEFFORT,MISSED,m3-1,127.732,"{'m1-1': 2.081, 'm2-1': 1.594, 'm3-1': 4.361, 'm4-1': 0.801}",6.944400000000008,128.874,inf,132.732,132.732,132.732
567,TT2,BESTEFFORT,CANCELLED,,127.799,"{'m1-1': 2.003, 'm2-1': 1.636, 'm3-1': 4.149, 'm4-1': 0.771}",0.0,inf,inf,inf,132.899,132.899
568,TT2,BESTEFFORT,CANCELLED,,127.818,"{'m1-1': 1.893, 'm2-1': 1.569, 'm3-1': 3.639, 'm4-1': 0.78}",0.0,inf,inf,inf,132.918,132.918
569,TT1,BESTEFFORT,COMPLETED,m1-1,127.835,"{'m1-1': 2.01, 'm2-1': 1.582, 'm3-1': 4.87, 'm4-1': 0.855}",3.2159999999999997,130.641,132.65099999999998,inf,132.83499999999998,132.83499999999998
570,TT3,BESTEFFORT,COMPLETED,m4-1,128.273,"{'m1-1': 2.006, 'm2-1': 1.653, 'm3-1': 5.29, 'm4-1': 0.74}",1.1099999999999999,130.53100000000003,131.27100000000004,inf,133.47299999999998,133.47299999999998
571,TT2,BESTEFFORT,CANCELLED,,128.386,"{'m1-1': 2.164, 'm2-1': 1.828, 'm3-1': 4.357, 'm4-1': 0.852}",0.0,inf,inf,inf,133.486,133.486
572,TT4,BESTEFFORT,MISSED,m2-1,128.571,"{'m1-1': 1.912, 'm2-1': 1.726, 'm3-1': 3.926, 'm4-1': 0.922}",4.398000000000025,132.105,inf,133.571,133.571,133.571
573,TT1,BESTEFFORT,COMPLETED,m4-1,128.862,"{'m1-1': 1.878, 'm2-1': 1.869, 'm3-1': 4.175, 'm4-1': 0.807}",1.2105000000000001,131.27100000000004,132.07800000000003,inf,133.862,133.862
574,TT2,BESTEFFORT,CANCELLED,,129.095,"{'m1-1': 2.276, 'm2-1': 1.78, 'm3-1': 4.325, 'm4-1': 0.801}",0.0,inf,inf,inf,134.195,134.195
575,TT4,BESTEFFORT,CANCELLED,,129.195,"{'m1-1': 2.302, 'm2-1': 1.648, 'm3-1': 4.15, 'm4-1': 0.979}",0.0,inf,inf,inf,134.195,134.195
576,TT3,BESTEFFORT,COMPLETED,m4-1,130.089,"{'m1-1': 2.162, 'm2-1': 1.552, 'm3-1': 5.783, 'm4-1': 0.954}",1.431,132.07800000000003,133.03200000000004,inf,135.289,135.289
577,TT2,BESTEFFORT,COMPLETED,m4-1,130.674,"{'m1-1': 2.298, 'm2-1': 1.661, 'm3-1': 3.658, 'm4-1': 0.975}",1.4625,133.03200000000004,134.00700000000003,inf,135.774,135.774
578,TT3,BESTEFFORT,COMPLETED,m1-1,130.692,"{'m1-1': 1.733, 'm2-1': 1.43, 'm3-1': 4.992, 'm4-1': 0.774}",2.7728,132.65099999999998,134.384,inf,135.892,135.892
579,TT3,BESTEFFORT,COMPLETED,m2-1,130.733,"{'m1-1': 2.142, 'm2-1': 1.526, 'm3-1': 5.749, 'm4-1': 0.856}",4.578,133.571,135.097,inf,135.933,135.933
580,TT3,BESTEFFORT,CANCELLED,,130.828,"{'m1-1': 2.346, 'm2-1': 1.483, 'm3-1': 4.81, 'm4-1': 0.893}",0.0,inf,inf,inf,136.028,136.028
581,TT3,BESTEFFORT,COMPLETED,m4-1,131.032,"{'m1-1': 2.268, 'm2-1': 1.727, 'm3-1': 5.215, 'm4-1': 0.867}",1.3005,134.00700000000003,134.87400000000002,inf,136.232,136.232
582,TT1,BESTEFFORT,CANCELLED,,131.438,"{'m1-1': 2.453, 'm2-1': 1.41, 'm3-1': 4.925, 'm4-1': 0.703}",0.0,inf,inf,inf,136.438,136.438
583,TT4,BESTEFFORT,COMPLETED,m1-1,131.976,"{'m1-1': 2.335, 'm2-1': 1.462, 'm3-1': 3.901, 'm4-1': 1.012}",3.736,134.384,136.719,inf,136.976,136.976
584,TT3,BESTEFFORT,COMPLETED,m2-1,132.0,"{'m1-1': 2.01, 'm2-1': 1.556, 'm3-1': 5.477, 'm4-1': 0.855}",4.668,135.097,136.65300000000002,inf,137.2,137.2
585,TT3,BESTEFFORT,COMPLETED,m4-1,132.494,"{'m1-1': 2.111, 'm2-1': 1.654, 'm3-1': 5.551, 'm4-1': 0.932}",1.3980000000000001,134.87400000000002,135.806,inf,137.694,137.694
586,TT4,BESTEFFORT,COMPLETED,m3-1,132.966,"{'m1-1': 1.939, 'm2-1': 1.644, 'm3-1': 3.823, 'm4-1': 0.984}",6.8814,132.966,136.78900000000002,inf,137.966,137.966
587,TT2,BESTEFFORT,COMPLETED,m4-1,133.214,"{'m1-1': 2.428, 'm2-1': 1.676, 'm3-1': 4.765, 'm4-1': 0.832}",1.248,135.806,136.638,inf,138.314,138.314
588,TT3,BESTEFFORT,COMPLETED,m2-1,133.459,"{'m1-1': 1.842, 'm2-1': 1.794, 'm3-1': 4.663, 'm4-1': 0.766}",5.382,136.65300000000002,138.44700000000003,inf,138.659,138.659
589,TT2,BESTEFFORT,COMPLETED,m4-1,134.122,"{'m1-1': 2.438, 'm2-1': 1.533, 'm3-1': 4.469, 'm4-1': 0.898}",1.347,136.638,137.536,inf,139.222,139.222
590,TT4,BESTEFFORT,COMPLETED,m1-1,134.21,"{'m1-1': 2.286, 'm2-1': 1.537, 'm3-1': 5.057, 'm4-1': 0.776}",3.6576000000000004,136.719,139.005,inf,139.21,139.21
591,TT1,BESTEFFORT,CANCELLED,,134.376,"{'m1-1': 2.328, 'm2-1': 1.582, 'm3-1': 4.724, 'm4-1': 0.813}",0.0,inf,inf,inf,139.376,139.376
592,TT4,BESTEFFORT,MISSED,m2-1,134.858,"{'m1-1': 1.919, 'm2-1': 1.694, 'm3-1': 3.774, 'm4-1': 0.811}",4.232999999999919,138.44700000000003,inf,139.858,139.858,139.858
593,TT2,BESTEFFORT,COMPLETED,m4-1,134.931,"{'m1-1': 2.329, 'm2-1': 2.011, 'm3-1': 5.076, 'm4-1': 0.918}",1.377,137.536,138.454,inf,140.031,140.031
594,TT3,BESTEFFORT,CANCELLED,,135.086,"{'m1-1': 2.157, 'm2-1': 1.274, 'm3-1': 4.784, 'm4-1': 0.864}",0.0,inf,inf,inf,140.286,140.286
595,TT2,BESTEFFORT,CANCELLED,,135.11,"{'m1-1': 2.118, 'm2-1': 2.013, 'm3-1': 4.714, 'm4-1': 0.845}",0.0,inf,inf,inf,140.21,140.21
596,TT3,BESTEFFORT,CANCELLED,,135.24,"{'m1-1': 2.218, 'm2-1': 1.476, 'm3-1': 5.748, 'm4-1': 1.001}",0.0,inf,inf,inf,140.44,140.44
597,TT4,BESTEFFORT,CANCELLED,,135.357,"{'m1-1': 1.913, 'm2-1': 1.442, 'm3-1': 4.782, 'm4-1': 0.97}",0.0,inf,inf,inf,140.357,140.357
598,TT1,BESTEFFORT,CANCELLED,,135.521,"{'m1-1': 2.24, 'm2-1': 1.662, 'm3-1': 4.405, 'm4-1': 0.637}",0.0,inf,inf,inf,140.521,140.521
599,TT1,BESTEFFORT,COMPLETED,m4-1,135.708,"{'m1-1': 1.879, 'm2-1': 1.761, 'm3-1': 4.347, 'm4-1': 0.76}",1.1400000000000001,138.454,139.214,inf,140.708,140.708
600,TT1,BESTEFFORT,MISSED,m1-1,135.939,"{'m1-1': 2.383, 'm2-1': 1.98, 'm3-1': 4.134, 'm4-1': 0.813}",3.0943999999999963,139.005,inf,140.939,140.939,140.939
601,TT2,BESTEFFORT,CANCELLED,,136.274,"{'m1-1': 2.044, 'm2-1': 1.927, 'm3-1': 4.592, 'm4-1': 0.892}",0.0,inf,inf,inf,141.374,141.374
602,TT1,BESTEFFORT,MISSED,m2-1,136.487,"{'m1-1': 1.916, 'm2-1': 1.707, 'm3-1': 4.357, 'm4-1': 0.836}",4.886999999999972,139.858,inf,141.487,141.487,141.487
603,TT1,BESTEFFORT,COMPLETED,m4-1,136.962,"{'m1-1': 2.108, 'm2-1': 1.791, 'm3-1': 4.076, 'm4-1': 0.746}",1.119,139.214,139.96,inf,141.962,141.962
604,TT1,BESTEFFORT,COMPLETED,m4-1,138.013,"{'m1-1': 2.076, 'm2-1': 1.478, 'm3-1': 3.881, 'm4-1': 0.663}",0.9945,139.96,140.62300000000002,inf,143.013,143.013
605,TT1,BESTEFFORT,MISSED,m1-1,138.128,"{'m1-1': 2.418, 'm2-1': 1.896, 'm3-1': 3.997, 'm4-1': 0.642}",3.502399999999989,140.939,inf,143.128,143.128,143.128
606,TT4,BESTEFFORT,MISSED,m2-1,138.147,"{'m1-1': 2.102, 'm2-1': 1.69, 'm3-1': 4.213, 'm4-1': 0.762}",4.97999999999999,141.487,inf,143.147,143.147,143.147
607,TT4,BESTEFFORT,COMPLETED,m3-1,138.154,"{'m1-1': 2.351, 'm2-1': 1.392, 'm3-1': 4.636, 'm4-1': 0.792}",8.344800000000001,138.154,142.79,inf,143.154,143.154
608,TT1,BESTEFFORT,COMPLETED,m4-1,139.021,"{'m1-1': 2.404, 'm2-1': 1.619, 'm3-1': 4.617, 'm4-1': 0.691}",1.0365,140.62300000000002,141.31400000000002,inf,144.021,144.021
609,TT4,BESTEFFORT,CANCELLED,,139.093,"{'m1-1': 1.953, 'm2-1': 1.584, 'm3-1': 4.62, 'm4-1': 0.998}",0.0,inf,inf,inf,144.093,144.093
610,TT2,BESTEFFORT,CANCELLED,,139.131,"{'m1-1': 2.079, 'm2-1': 2.111, 'm3-1': 3.692, 'm4-1': 0.824}",0.0,inf,inf,inf,144.231,144.231
611,TT4,BESTEFFORT,COMPLETED,m4-1,139.508,"{'m1-1': 2.116, 'm2-1': 1.827, 'm3-1': 3.791, 'm4-1': 0.901}",1.3515000000000001,141.31400000000002,142.21500000000003,inf,144.508,144.508
612,TT2,BESTEFFORT,CANCELLED,,139.662,"{'m1-1': 1.97, 'm2-1': 1.913, 'm3-1': 4.01, 'm4-1': 0.772}",0.0,inf,inf,inf,144.762,144.762
613,TT3,BESTEFFORT,COMPLETED,m2-1,139.788,"{'m1-1': 1.746, 'm2-1': 1.53, 'm3-1': 5.736, 'm4-1': 0.783}",4.59,143.147,144.677,inf,144.988,144.988
614,TT4,BESTEFFORT,COMPLETED,m4-1,139.947,"{'m1-1': 1.758, 'm2-1': 1.799, 'm3-1': 4.045, 'm4-1': 0.76}",1.1400000000000001,142.21500000000003,142.97500000000002,inf,144.947,144.947
615,TT3,BESTEFFORT,CANCELLED,,139.973,"{'m1-1': 1.822, 'm2-1': 1.385, 'm3-1': 5.684, 'm4-1': 0.942}",0.0,inf,inf,inf,145.173,145.173
616,TT2,BESTEFFORT,MISSED,m1-1,140.109,"{'m1-1': 2.548, 'm2-1': 1.949, 'm3-1': 4.14, 'm4-1': 0.959}",3.3296000000000276,143.128,inf,145.209,145.209,145.209
617,TT2,BESTEFFORT,COMPLETED,m4-1,140.334,"{'m1-1': 1.876, 'm2-1': 1.97, 'm3-1': 4.195, 'm4-1': 0.949}",1.4235,142.97500000000002,143.92400000000004,inf,145.434,145.434
618,TT2,BESTEFFORT,CANCELLED,,140.708,"{'m1-1': 2.257, 'm2-1': 1.867, 'm3-1': 4.145, 'm4-1': 0.808}",0.0,inf,inf,inf,145.808,145.808
619,TT3,BESTEFFORT,COMPLETED,m2-1,140.923,"{'m1-1': 1.994, 'm2-1': 1.29, 'm3-1': 5.016, 'm4-1': 0.838}",3.87,144.677,145.96699999999998,inf,146.123,146.123
620,TT1,BESTEFFORT,CANCELLED,,140.937,"{'m1-1': 2.324, 'm2-1': 1.872, 'm3-1': 5.05, 'm4-1': 0.83}",0.0,inf,inf,inf,145.937,145.937
621,TT4,BESTEFFORT,COMPLETED,m4-1,141.022,"{'m1-1': 2.422, 'm2-1': 1.415, 'm3-1': 3.889, 'm4-1': 0.897}",1.3455,143.92400000000004,144.82100000000003,inf,146.022,146.022
622,TT1,BESTEFFORT,CANCELLED,,141.397,"{'m1-1': 2.509, 'm2-1': 1.824, 'm3-1': 4.873, 'm4-1': 0.83}",0.0,inf,inf,inf,146.397,146.397
623,TT4,BESTEFFORT,CANCELLED,,141.576,"{'m1-1': 1.796, 'm2-1': 1.857, 'm3-1': 4.899, 'm4-1': 0.876}",0.0,inf,inf,inf,146.576,146.576
624,TT4,BESTEFFORT,MISSED,m3-1,142.003,"{'m1-1': 2.117, 'm2-1': 1.522, 'm3-1': 4.768, 'm4-1': 0.914}",7.5833999999999895,142.79,inf,147.003,147.003,147.003
625,TT2,BESTEFFORT,MISSED,m1-1,142.054,"{'m1-1': 2.492, 'm2-1': 2.02, 'm3-1': 5.101, 'm4-1': 0.774}",3.1119999999999894,145.209,inf,147.154,147.154,147.154
626,TT4,BESTEFFORT,COMPLETED,m4-1,142.798,"{'m1-1': 2.42, 'm2-1': 1.414, 'm3-1': 4.537, 'm4-1': 0.867}",1.3005,144.82100000000003,145.68800000000002,inf,147.798,147.798
627,TT4,BESTEFFORT,COMPLETED,m2-1,142.955,"{'m1-1': 1.813, 'm2-1': 1.692, 'm3-1': 4.091, 'm4-1': 0.83}",5.076,145.96699999999998,147.659,inf,147.955,147.955
628,TT4,BESTEFFORT,COMPLETED,m4-1,143.24,"{'m1-1': 1.783, 'm2-1': 1.766, 'm3-1': 4.314, 'm4-1': 1.001}",1.5014999999999998,145.68800000000002,146.68900000000002,inf,148.24,148.24
629,TT2,BESTEFFORT,COMPLETED,m4-1,143.52,"{'m1-1': 2.182, 'm2-1': 1.65, 'm3-1': 3.926, 'm4-1': 0.91}",1.365,146.68900000000002,147.59900000000002,inf,148.62,148.62
630,TT4,BESTEFFORT,CANCELLED,,143.969,"{'m1-1': 1.834, 'm2-1': 1.625, 'm3-1': 4.318, 'm4-1': 1.051}",0.0,inf,inf,inf,148.969,148.969
631,TT1,BESTEFFORT,MISSED,m1-1,144.239,"{'m1-1': 2.101, 'm2-1': 1.895, 'm3-1': 4.13, 'm4-1': 0.847}",3.3360000000000127,147.154,inf,149.239,149.239,149.239
632,TT1,BESTEFFORT,COMPLETED,m4-1,144.955,"{'m1-1': 2.592, 'm2-1': 1.684, 'm3-1': 4.686, 'm4-1': 0.659}",0.9885,147.59900000000002,148.258,inf,149.955,149.955
633,TT2,BESTEFFORT,COMPLETED,m2-1,145.39,"{'m1-1': 2.469, 'm2-1': 1.616, 'm3-1': 3.921, 'm4-1': 0.895}",4.848000000000001,147.659,149.275,inf,150.48999999999998,150.48999999999998
634,TT4,BESTEFFORT,COMPLETED,m4-1,145.534,"{'m1-1': 2.105, 'm2-1': 1.518, 'm3-1': 4.068, 'm4-1': 0.79}",1.185,148.258,149.048,inf,150.534,150.534
635,TT1,BESTEFFORT,COMPLETED,m4-1,146.29,"{'m1-1': 2.233, 'm2-1': 1.489, 'm3-1': 4.593, 'm4-1': 0.857}",1.2854999999999999,149.048,149.905,inf,151.29,151.29
636,TT1,BESTEFFORT,COMPLETED,m1-1,147.261,"{'m1-1': 2.507, 'm2-1': 1.946, 'm3-1': 4.508, 'm4-1': 0.611}",4.0112000000000005,149.239,151.746,inf,152.261,152.261
637,TT2,BESTEFFORT,COMPLETED,m4-1,148.432,"{'m1-1': 2.243, 'm2-1': 1.943, 'm3-1': 4.909, 'm4-1': 0.81}",1.215,149.905,150.715,inf,153.53199999999998,153.53199999999998
638,TT1,BESTEFFORT,COMPLETED,m4-1,148.477,"{'m1-1': 2.074, 'm2-1': 1.871, 'm3-1': 4.186, 'm4-1': 0.612}",0.9179999999999999,150.715,151.327,inf,153.477,153.477
639,TT1,BESTEFFORT,MISSED,m1-1,148.586,"{'m1-1': 2.153, 'm2-1': 1.776, 'm3-1': 3.726, 'm4-1': 0.733}",2.9440000000000057,151.746,inf,153.586,153.586,153.586
640,TT1,BESTEFFORT,COMPLETED,m2-1,148.877,"{'m1-1': 2.429, 'm2-1': 1.404, 'm3-1': 4.582, 'm4-1': 0.633}",4.212,149.275,150.679,inf,153.877,153.877
641,TT4,BESTEFFORT,COMPLETED,m4-1,149.14,"{'m1-1': 2.296, 'm2-1': 1.611, 'm3-1': 3.759, 'm4-1': 0.983}",1.4745,151.327,152.31,inf,154.14,154.14
642,TT2,BESTEFFORT,COMPLETED,m2-1,149.672,"{'m1-1': 2.592, 'm2-1': 1.975, 'm3-1': 4.866, 'm4-1': 0.747}",5.925000000000001,150.679,152.654,inf,154.772,154.772
643,TT3,BESTEFFORT,COMPLETED,m2-1,149.866,"{'m1-1': 1.986, 'm2-1': 1.655, 'm3-1': 5.031, 'm4-1': 0.794}",4.965,152.654,154.309,inf,155.066,155.066
644,TT4,BESTEFFORT,COMPLETED,m4-1,150.266,"{'m1-1': 1.844, 'm2-1': 1.721, 'm3-1': 4.771, 'm4-1': 1.053}",1.5795,152.31,153.363,inf,155.266,155.266
645,TT2,BESTEFFORT,COMPLETED,m3-1,150.291,"{'m1-1': 2.544, 'm2-1': 1.886, 'm3-1': 4.962, 'm4-1': 0.926}",8.9316,150.291,155.253,inf,155.391,155.391
646,TT2,BESTEFFORT,CANCELLED,,150.404,"{'m1-1': 2.062, 'm2-1': 1.96, 'm3-1': 4.331, 'm4-1': 0.966}",0.0,inf,inf,inf,155.504,155.504
647,TT2,BESTEFFORT,COMPLETED,m4-1,150.971,"{'m1-1': 2.592, 'm2-1': 1.749, 'm3-1': 4.465, 'm4-1': 0.729}",1.0935,153.363,154.092,inf,156.071,156.071
648,TT4,BESTEFFORT,COMPLETED,m1-1,151.18,"{'m1-1': 2.421, 'm2-1': 1.376, 'm3-1': 4.362, 'm4-1': 1.05}",3.8735999999999997,153.586,156.007,inf,156.18,156.18
649,TT2,BESTEFFORT,COMPLETED,m4-1,151.498,"{'m1-1': 2.016, 'm2-1': 1.628, 'm3-1': 4.727, 'm4-1': 0.999}",1.4985,154.092,155.091,inf,156.59799999999998,156.59799999999998
650,TT1,BESTEFFORT,COMPLETED,m2-1,151.632,"{'m1-1': 1.899, 'm2-1': 1.955, 'm3-1': 4.024, 'm4-1': 0.807}",5.865,154.309,156.264,inf,156.632,156.632
651,TT3,BESTEFFORT,CANCELLED,,152.133,"{'m1-1': 2.119, 'm2-1': 1.527, 'm3-1': 4.415, 'm4-1': 0.813}",0.0,inf,inf,inf,157.333,157.333
652,TT1,BESTEFFORT,CANCELLED,,152.262,"{'m1-1': 1.989, 'm2-1': 1.838, 'm3-1': 3.861, 'm4-1': 0.675}",0.0,inf,inf,inf,157.262,157.262
653,TT4,BESTEFFORT,COMPLETED,m4-1,152.263,"{'m1-1': 2.195, 'm2-1': 1.856, 'm3-1': 4.83, 'm4-1': 1.006}",1.509,155.091,156.097,inf,157.263,157.263
654,TT2,BESTEFFORT,CANCELLED,,152.494,"{'m1-1': 2.132, 'm2-1': 1.612, 'm3-1': 5.127, 'm4-1': 0.967}",0.0,inf,inf,inf,157.594,157.594
655,TT2,BESTEFFORT,MISSED,m1-1,152.522,"{'m1-1': 1.923, 'm2-1': 1.924, 'm3-1': 4.999, 'm4-1': 0.829}",2.5839999999999694,156.007,inf,157.62199999999999,157.62199999999999,157.62199999999999
656,TT1,BESTEFFORT,CANCELLED,,152.831,"{'m1-1': 1.874, 'm2-1': 1.859, 'm3-1': 4.41, 'm4-1': 0.817}",0.0,inf,inf,inf,157.831,157.831
657,TT1,BESTEFFORT,COMPLETED,m2-1,153.258,"{'m1-1': 2.57, 'm2-1': 1.51, 'm3-1': 4.765, 'm4-1': 0.852}",4.53,156.264,157.774,inf,158.258,158.258
658,TT1,BESTEFFORT,COMPLETED,m4-1,153.57,"{'m1-1': 1.883, 'm2-1': 1.421, 'm3-1': 4.046, 'm4-1': 0.769}",1.1535,156.097,156.866,inf,158.57,158.57
659,TT3,BESTEFFORT,CANCELLED,,153.632,"{'m1-1': 2.127, 'm2-1': 1.6, 'm3-1': 4.52, 'm4-1': 1.002}",0.0,inf,inf,inf,158.832,158.832
660,TT4,BESTEFFORT,CANCELLED,,153.78,"{'m1-1': 2.426, 'm2-1': 1.43, 'm3-1': 4.999, 'm4-1': 0.954}",0.0,inf,inf,inf,158.78,158.78
661,TT1,BESTEFFORT,CANCELLED,,153.92,"{'m1-1': 2.252, 'm2-1': 1.423, 'm3-1': 3.644, 'm4-1': 0.696}",0.0,inf,inf,inf,158.92,158.92
662,TT2,BESTEFFORT,MISSED,m3-1,153.962,"{'m1-1': 2.075, 'm2-1': 1.654, 'm3-1': 4.05, 'm4-1': 0.999}",6.856199999999996,155.253,inf,159.06199999999998,159.06199999999998,159.06199999999998
663,TT3,BESTEFFORT,COMPLETED,m4-1,154.467,"{'m1-1': 1.957, 'm2-1': 1.702, 'm3-1': 4.492, 'm4-1': 0.815}",1.2225,156.866,157.681,inf,159.667,159.667
664,TT2,BESTEFFORT,COMPLETED,m2-1,154.741,"{'m1-1': 2.479, 'm2-1': 1.949, 'm3-1': 4.701, 'm4-1': 0.947}",5.847,157.774,159.723,inf,159.841,159.841
665,TT4,BESTEFFORT,COMPLETED,m4-1,155.503,"{'m1-1': 1.799, 'm2-1': 1.713, 'm3-1': 4.771, 'm4-1': 0.842}",1.263,157.681,158.52300000000002,inf,160.503,160.503
666,TT3,BESTEFFORT,COMPLETED,m1-1,155.822,"{'m1-1': 2.233, 'm2-1': 1.689, 'm3-1': 4.807, 'm4-1': 0.937}",3.5728000000000004,157.62199999999999,159.855,inf,161.022,161.022
667,TT1,BESTEFFORT,COMPLETED,m4-1,156.177,"{'m1-1': 2.045, 'm2-1': 1.607, 'm3-1': 4.43, 'm4-1': 0.75}",1.125,158.52300000000002,159.27300000000002,inf,161.177,161.177
668,TT2,BESTEFFORT,MISSED,m2-1,156.435,"{'m1-1': 2.014, 'm2-1': 1.894, 'm3-1': 4.395, 'm4-1': 0.983}",5.43599999999995,159.723,inf,161.535,161.535,161.535
669,TT4,BESTEFFORT,CANCELLED,,156.595,"{'m1-1': 1.834, 'm2-1': 1.609, 'm3-1': 4.897, 'm4-1': 0.971}",0.0,inf,inf,inf,161.595,161.595
670,TT4,BESTEFFORT,CANCELLED,,156.688,"{'m1-1': 2.402, 'm2-1': 1.684, 'm3-1': 3.845, 'm4-1': 1.055}",0.0,inf,inf,inf,161.688,161.688
671,TT2,BESTEFFORT,COMPLETED,m4-1,156.982,"{'m1-1': 2.605, 'm2-1': 1.74, 'm3-1': 4.444, 'm4-1': 0.966}",1.4489999999999998,159.27300000000002,160.23900000000003,inf,162.082,162.082
672,TT2,BESTEFFORT,COMPLETED,m1-1,156.988,"{'m1-1': 1.923, 'm2-1': 1.57, 'm3-1': 3.973, 'm4-1': 0.812}",3.0768000000000004,159.855,161.778,inf,162.088,162.088
673,TT2,BESTEFFORT,CANCELLED,,157.222,"{'m1-1': 2.045, 'm2-1': 1.609, 'm3-1': 4.357, 'm4-1': 0.863}",0.0,inf,inf,inf,162.322,162.322
674,TT2,BESTEFFORT,CANCELLED,,157.462,"{'m1-1': 1.892, 'm2-1': 2.015, 'm3-1': 4.332, 'm4-1': 0.928}",0.0,inf,inf,inf,162.56199999999998,162.56199999999998
675,TT4,BESTEFFORT,COMPLETED,m4-1,157.758,"{'m1-1': 2.302, 'm2-1': 1.471, 'm3-1': 4.439, 'm4-1': 0.941}",1.4115,160.23900000000003,161.18000000000004,inf,162.758,162.758
676,TT3,BESTEFFORT,CANCELLED,,157.866,"{'m1-1': 2.239, 'm2-1': 1.777, 'm3-1': 5.642, 'm4-1': 0.801}",0.0,inf,inf,inf,163.066,163.066
677,TT1,BESTEFFORT,MISSED,m2-1,158.232,"{'m1-1': 2.019, 'm2-1': 1.85, 'm3-1': 3.989, 'm4-1': 0.856}",5.091000000000008,161.535,inf,163.232,163.232,163.232
678,TT2,BESTEFFORT,CANCELLED,,158.247,"{'m1-1': 2.106, 'm2-1': 1.794, 'm3-1': 4.894, 'm4-1': 0.955}",0.0,inf,inf,inf,163.347,163.347
679,TT3,BESTEFFORT,CANCELLED,,158.384,"{'m1-1': 1.968, 'm2-1': 1.382, 'm3-1': 4.682, 'm4-1': 0.805}",0.0,inf,inf,inf,163.58399999999997,163.58399999999997
680,TT4,BESTEFFORT,COMPLETED,m4-1,158.751,"{'m1-1': 2.124, 'm2-1': 1.446, 'm3-1': 4.557, 'm4-1': 0.934}",1.401,161.18000000000004,162.11400000000003,inf,163.751,163.751
681,TT4,BESTEFFORT,COMPLETED,m4-1,159.409,"{'m1-1': 2.428, 'm2-1': 1.571, 'm3-1': 5.102, 'm4-1': 0.761}",1.1415,162.11400000000003,162.87500000000003,inf,164.409,164.409
682,TT2,BESTEFFORT,COMPLETED,m1-1,159.445,"{'m1-1': 2.542, 'm2-1': 1.888, 'm3-1': 5.032, 'm4-1': 0.996}",4.0672,161.778,164.32,inf,164.545,164.545
683,TT4,BESTEFFORT,COMPLETED,m2-1,160.177,"{'m1-1': 1.947, 'm2-1': 1.415, 'm3-1': 4.388, 'm4-1': 0.912}",4.245,163.232,164.647,inf,165.177,165.177
684,TT2,BESTEFFORT,COMPLETED,m4-1,160.651,"{'m1-1': 2.315, 'm2-1': 2.073, 'm3-1': 4.838, 'm4-1': 0.944}",1.416,162.87500000000003,163.81900000000002,inf,165.751,165.751
685,TT3,BESTEFFORT,MISSED,m2-1,160.991,"{'m1-1': 1.746, 'm2-1': 1.765, 'm3-1': 4.672, 'm4-1': 0.888}",4.632000000000033,164.647,inf,166.191,166.191,166.191
686,TT1,BESTEFFORT,COMPLETED,m4-1,161.695,"{'m1-1': 2.257, 'm2-1': 1.839, 'm3-1': 4.345, 'm4-1': 0.735}",1.1025,163.81900000000002,164.55400000000003,inf,166.695,166.695
687,TT3,BESTEFFORT,COMPLETED,m1-1,161.869,"{'m1-1': 2.398, 'm2-1': 1.603, 'm3-1': 4.921, 'm4-1': 0.946}",3.8368,164.32,166.718,inf,167.069,167.069
688,TT1,BESTEFFORT,COMPLETED,m3-1,161.901,"{'m1-1': 2.549, 'm2-1': 1.672, 'm3-1': 4.541, 'm4-1': 0.678}",8.173800000000002,161.901,166.442,inf,166.901,166.901
689,TT2,BESTEFFORT,COMPLETED,m4-1,161.998,"{'m1-1': 2.491, 'm2-1': 2.112, 'm3-1': 5.069, 'm4-1': 0.791}",1.1865,164.55400000000003,165.34500000000003,inf,167.09799999999998,167.09799999999998
690,TT3,BESTEFFORT,CANCELLED,,162.121,"{'m1-1': 2.26, 'm2-1': 1.406, 'm3-1': 5.098, 'm4-1': 0.736}",0.0,inf,inf,inf,167.321,167.321
691,TT2,BESTEFFORT,CANCELLED,,162.145,"{'m1-1': 2.182, 'm2-1': 1.829, 'm3-1': 4.584, 'm4-1': 0.985}",0.0,inf,inf,inf,167.245,167.245
692,TT4,BESTEFFORT,COMPLETED,m4-1,162.211,"{'m1-1': 2.318, 'm2-1': 1.738, 'm3-1': 3.826, 'm4-1': 0.818}",1.2269999999999999,165.34500000000003,166.16300000000004,inf,167.211,167.211
693,TT4,BESTEFFORT,COMPLETED,m2-1,163.129,"{'m1-1': 2.075, 'm2-1': 1.57, 'm3-1': 4.063, 'm4-1': 0.979}",4.71,166.191,167.761,inf,168.129,168.129
694,TT1,BESTEFFORT,CANCELLED,,163.517,"{'m1-1': 2.248, 'm2-1': 1.752, 'm3-1': 3.87, 'm4-1': 0.823}",0.0,inf,inf,inf,168.517,168.517
695,TT4,BESTEFFORT,MISSED,m1-1,163.539,"{'m1-1': 2.4, 'm2-1': 1.771, 'm3-1': 4.671, 'm4-1': 0.987}",2.913599999999997,166.718,inf,168.539,168.539,168.539
696,TT4,BESTEFFORT,COMPLETED,m4-1,163.612,"{'m1-1': 2.174, 'm2-1': 1.753, 'm3-1': 4.33, 'm4-1': 0.872}",1.308,166.16300000000004,167.03500000000005,inf,168.612,168.612
697,TT1,BESTEFFORT,CANCELLED,,163.992,"{'m1-1': 2.56, 'm2-1': 1.554, 'm3-1': 3.832, 'm4-1': 0.693}",0.0,inf,inf,inf,168.992,168.992
698,TT4,BESTEFFORT,MISSED,m2-1,164.324,"{'m1-1': 2.178, 'm2-1': 1.88, 'm3-1': 4.934, 'm4-1': 0.88}",4.68900000000005,167.761,inf,169.324,169.324,169.324
699,TT3,BESTEFFORT,CANCELLED,,164.374,"{'m1-1': 2.255, 'm2-1': 1.398, 'm3-1': 5.301, 'm4-1': 0.952}",0.0,inf,inf,inf,169.57399999999998,169.57399999999998
700,TT1,BESTEFFORT,CANCELLED,,164.44,"{'m1-1': 2.213, 'm2-1': 1.884, 'm3-1': 4.175, 'm4-1': 0.676}",0.0,inf,inf,inf,169.44,169.44
701,TT1,BESTEFFORT,COMPLETED,m4-1,164.579,"{'m1-1': 2.609, 'm2-1': 1.55, 'm3-1': 5.096, 'm4-1': 0.818}",1.2269999999999999,167.03500000000005,167.85300000000007,inf,169.579,169.579
702,TT2,BESTEFFORT,COMPLETED,m4-1,165.072,"{'m1-1': 2.314, 'm2-1': 1.764, 'm3-1': 4.886, 'm4-1': 0.867}",1.3005,167.85300000000007,168.72000000000006,inf,170.172,170.172
703,TT1,BESTEFFORT,CANCELLED,,165.663,"{'m1-1': 2.049, 'm2-1': 1.737, 'm3-1': 4.134, 'm4-1': 0.759}",0.0,inf,inf,inf,170.663,170.663
704,TT2,BESTEFFORT,COMPLETED,m1-1,166.115,"{'m1-1': 2.51, 'm2-1': 2.076, 'm3-1': 4.242, 'm4-1': 0.914}",4.016,168.539,171.04899999999998,inf,171.215,171.215
705,TT1,BESTEFFORT,COMPLETED,m4-1,166.295,"{'m1-1': 2.59, 'm2-1': 1.404, 'm3-1': 4.386, 'm4-1': 0.861}",1.2915,168.72000000000006,169.58100000000005,inf,171.295,171.295
706,TT4,BESTEFFORT,COMPLETED,m2-1,166.339,"{'m1-1': 1.813, 'm2-1': 1.828, 'm3-1': 4.208, 'm4-1': 1.006}",5.484,169.324,171.15200000000002,inf,171.339,171.339
707,TT1,BESTEFFORT,COMPLETED,m3-1,167.01,"{'m1-1': 2.076, 'm2-1': 1.719, 'm3-1': 4.76, 'm4-1': 0.848}",8.568,167.01,171.76999999999998,inf,172.01,172.01
708,TT3,BESTEFFORT,COMPLETED,m4-1,167.021,"{'m1-1': 1.931, 'm2-1': 1.791, 'm3-1': 4.363, 'm4-1': 0.718}",1.077,169.58100000000005,170.29900000000004,inf,172.22099999999998,172.22099999999998
709,TT2,BESTEFFORT,MISSED,m2-1,167.723,"{'m1-1': 2.202, 'm2-1': 1.678, 'm3-1': 4.821, 'm4-1': 0.949}",5.012999999999977,171.15200000000002,inf,172.823,172.823,172.823
710,TT4,BESTEFFORT,COMPLETED,m4-1,168.55,"{'m1-1': 2.064, 'm2-1': 1.648, 'm3-1': 3.966, 'm4-1': 0.852}",1.278,170.29900000000004,171.15100000000004,inf,173.55,173.55
711,TT3,BESTEFFORT,COMPLETED,m1-1,168.624,"{'m1-1': 2.412, 'm2-1': 1.551, 'm3-1': 4.468, 'm4-1': 0.838}",3.8592,171.04899999999998,173.46099999999998,inf,173.82399999999998,173.82399999999998
712,TT3,BESTEFFORT,COMPLETED,m4-1,169.101,"{'m1-1': 2.22, 'm2-1': 1.602, 'm3-1': 5.801, 'm4-1': 0.817}",1.2254999999999998,171.15100000000004,171.96800000000005,inf,174.301,174.301
713,TT4,BESTEFFORT,MISSED,m2-1,169.267,"{'m1-1': 1.844, 'm2-1': 1.728, 'm3-1': 4.269, 'm4-1': 0.897}",4.331999999999965,172.823,inf,174.267,174.267,174.267
714,TT2,BESTEFFORT,COMPLETED,m4-1,169.68,"{'m1-1': 1.912, 'm2-1': 1.609, 'm3-1': 5.06, 'm4-1': 0.794}",1.191,171.96800000000005,172.76200000000006,inf,174.78,174.78
715,TT3,BESTEFFORT,MISSED,m1-1,169.7,"{'m1-1': 2.266, 'm2-1': 1.7, 'm3-1': 5.002, 'm4-1': 0.79}",2.302399999999989,173.46099999999998,inf,174.89999999999998,174.89999999999998,174.89999999999998
716,TT2,BESTEFFORT,CANCELLED,,170.058,"{'m1-1': 2.381, 'm2-1': 1.629, 'm3-1': 3.792, 'm4-1': 0.777}",0.0,inf,inf,inf,175.158,175.158
717,TT3,BESTEFFORT,CANCELLED,,170.163,"{'m1-1': 2.257, 'm2-1': 1.345, 'm3-1': 4.75, 'm4-1': 0.938}",0.0,inf,inf,inf,175.363,175.363
718,TT3,BESTEFFORT,CANCELLED,,170.202,"{'m1-1': 1.842, 'm2-1': 1.545, 'm3-1': 4.441, 'm4-1': 0.756}",0.0,inf,inf,inf,175.402,175.402
719,TT2,BESTEFFORT,CANCELLED,,170.288,"{'m1-1': 2.39, 'm2-1': 1.979, 'm3-1': 3.703, 'm4-1': 0.831}",0.0,inf,inf,inf,175.388,175.388
720,TT1,BESTEFFORT,COMPLETED,m4-1,170.812,"{'m1-1': 2.142, 'm2-1': 1.535, 'm3-1': 4.747, 'm4-1': 0.762}",1.143,172.76200000000006,173.52400000000006,inf,175.812,175.812
721,TT1,BESTEFFORT,MISSED,m2-1,170.866,"{'m1-1': 2.384, 'm2-1': 1.966, 'm3-1': 4.116, 'm4-1': 0.651}",4.797000000000054,174.267,inf,175.866,175.866,175.866
722,TT4,BESTEFFORT,MISSED,m3-1,170.933,"{'m1-1': 1.887, 'm2-1': 1.519, 'm3-1': 5.025, 'm4-1': 0.767}",7.49340000000002,171.76999999999998,inf,175.933,175.933,175.933
723,TT1,BESTEFFORT,COMPLETED,m4-1,171.429,"{'m1-1': 2.082, 'm2-1': 1.916, 'm3-1': 4.266, 'm4-1': 0.61}",0.915,173.52400000000006,174.13400000000007,inf,176.429,176.429
724,TT2,BESTEFFORT,MISSED,m1-1,171.704,"{'m1-1': 2.272, 'm2-1': 1.917, 'm3-1': 4.919, 'm4-1': 0.937}",3.0464000000000397,174.89999999999998,inf,176.804,176.804,176.804
725,TT2,BESTEFFORT,CANCELLED,,171.761,"{'m1-1': 2.276, 'm2-1': 1.598, 'm3-1': 4.311, 'm4-1': 0.733}",0.0,inf,inf,inf,176.861,176.861
726,TT4,BESTEFFORT,CANCELLED,,171.837,"{'m1-1': 2.158, 'm2-1': 1.381, 'm3-1': 3.755, 'm4-1': 0.821}",0.0,inf,inf,inf,176.837,176.837
727,TT3,BESTEFFORT,CANCELLED,,171.844,"{'m1-1': 1.995, 'm2-1': 1.329, 'm3-1': 5.115, 'm4-1': 0.762}",0.0,inf,inf,inf,177.04399999999998,177.04399999999998
728,TT2,BESTEFFORT,COMPLETED,m4-1,172.018,"{'m1-1': 2.04, 'm2-1': 1.9, 'm3-1': 3.75, 'm4-1': 0.905}",1.3575,174.13400000000007,175.03900000000007,inf,177.118,177.118
729,TT3,BESTEFFORT,COMPLETED,m2-1,172.174,"{'m1-1': 1.916, 'm2-1': 1.47, 'm3-1': 5.356, 'm4-1': 0.984}",4.41,175.866,177.336,inf,177.374,177.374
730,TT4,BESTEFFORT,COMPLETED,m4-1,173.089,"{'m1-1': 2.118, 'm2-1': 1.845, 'm3-1': 4.01, 'm4-1': 0.835}",1.2525,175.03900000000007,175.87400000000008,inf,178.089,178.089
731,TT2,BESTEFFORT,COMPLETED,m4-1,173.775,"{'m1-1': 1.984, 'm2-1': 1.565, 'm3-1': 4.024, 'm4-1': 1.003}",1.5044999999999997,175.87400000000008,176.87700000000007,inf,178.875,178.875
732,TT2,BESTEFFORT,MISSED,m1-1,173.916,"{'m1-1': 2.508, 'm2-1': 1.546, 'm3-1': 3.793, 'm4-1': 0.921}",3.539199999999983,176.804,inf,179.016,179.016,179.016
733,TT4,BESTEFFORT,COMPLETED,m2-1,173.96,"{'m1-1': 1.828, 'm2-1': 1.546, 'm3-1': 4.772, 'm4-1': 0.762}",4.638,177.336,178.882,inf,178.96,178.96
734,TT4,BESTEFFORT,CANCELLED,,173.963,"{'m1-1': 2.152, 'm2-1': 1.56, 'm3-1': 3.682, 'm4-1': 0.949}",0.0,inf,inf,inf,178.963,178.963
735,TT4,BESTEFFORT,CANCELLED,,174.071,"{'m1-1': 1.925, 'm2-1': 1.426, 'm3-1': 4.917, 'm4-1': 0.785}",0.0,inf,inf,inf,179.071,179.071
736,TT1,BESTEFFORT,COMPLETED,m4-1,174.133,"{'m1-1': 2.309, 'm2-1': 1.69, 'm3-1': 4.992, 'm4-1': 0.658}",0.9870000000000001,176.87700000000007,177.53500000000005,inf,179.133,179.133
737,TT3,BESTEFFORT,CANCELLED,,174.18,"{'m1-1': 2.287, 'm2-1': 1.751, 'm3-1': 5.654, 'm4-1': 0.856}",0.0,inf,inf,inf,179.38,179.38
738,TT4,BESTEFFORT,CANCELLED,,174.503,"{'m1-1': 1.804, 'm2-1': 1.789, 'm3-1': 4.521, 'm4-1': 1.058}",0.0,inf,inf,inf,179.503,179.503
739,TT2,BESTEFFORT,MISSED,m3-1,174.638,"{'m1-1': 2.281, 'm2-1': 1.83, 'm3-1': 4.727, 'm4-1': 0.926}",6.849000000000013,175.933,inf,179.738,179.738,179.738
740,TT2,BESTEFFORT,CANCELLED,,174.779,"{'m1-1': 1.914, 'm2-1': 1.716, 'm3-1': 4.313, 'm4-1': 0.997}",0.0,inf,inf,inf,179.879,179.879
741,TT2,BESTEFFORT,COMPLETED,m4-1,175.388,"{'m1-1': 2.309, 'm2-1': 1.917, 'm3-1': 3.875, 'm4-1': 0.881}",1.3215,177.53500000000005,178.41600000000005,inf,180.488,180.488
742,TT1,BESTEFFORT,COMPLETED,m2-1,175.481,"{'m1-1': 2.553, 'm2-1': 1.569, 'm3-1': 4.851, 'm4-1': 0.806}",4.707,178.882,180.451,inf,180.481,180.481
743,TT1,BESTEFFORT,CANCELLED,,175.744,"{'m1-1': 2.183, 'm2-1': 1.654, 'm3-1': 4.723, 'm4-1': 0.64}",0.0,inf,inf,inf,180.744,180.744
744,TT2,BESTEFFORT,COMPLETED,m4-1,176.505,"{'m1-1': 1.918, 'm2-1': 1.91, 'm3-1': 4.972, 'm4-1': 0.917}",1.3755000000000002,178.41600000000005,179.33300000000006,inf,181.605,181.605
745,TT1,BESTEFFORT,COMPLETED,m4-1,177.061,"{'m1-1': 2.173, 'm2-1': 1.615, 'm3-1': 4.556, 'm4-1': 0.86}",1.29,179.33300000000006,180.19300000000007,inf,182.061,182.061
746,TT2,BESTEFFORT,COMPLETED,m1-1,177.063,"{'m1-1': 2.15, 'm2-1': 1.828, 'm3-1': 4.936, 'm4-1': 0.724}",3.44,179.016,181.166,inf,182.16299999999998,182.16299999999998
747,TT4,BESTEFFORT,COMPLETED,m4-1,178.073,"{'m1-1': 1.783, 'm2-1': 1.631, 'm3-1': 3.66, 'm4-1': 1.013}",1.5194999999999999,180.19300000000007,181.20600000000007,inf,183.073,183.073
748,TT2,BESTEFFORT,COMPLETED,m4-1,179.692,"{'m1-1': 2.404, 'm2-1': 1.83, 'm3-1': 4.978, 'm4-1': 0.929}",1.3935,181.20600000000007,182.13500000000008,inf,184.792,184.792
749,TT2,BESTEFFORT,COMPLETED,m4-1,179.849,"{'m1-1': 1.878, 'm2-1': 1.768, 'm3-1': 4.472, 'm4-1': 0.987}",1.4805,182.13500000000008,183.12200000000007,inf,184.94899999999998,184.94899999999998
750,TT1,BESTEFFORT,COMPLETED,m1-1,180.133,"{'m1-1': 2.503, 'm2-1': 1.542, 'm3-1': 4.465, 'm4-1': 0.623}",4.0048,181.166,183.66899999999998,inf,185.133,185.133
751,TT1,BESTEFFORT,COMPLETED,m4-1,180.305,"{'m1-1': 2.45, 'm2-1': 1.523, 'm3-1': 3.727, 'm4-1': 0.675}",1.0125000000000002,183.12200000000007,183.79700000000008,inf,185.305,185.305
752,TT1,BESTEFFORT,COMPLETED,m2-1,180.384,"{'m1-1': 2.24, 'm2-1': 1.517, 'm3-1': 3.994, 'm4-1': 0.772}",4.551,180.451,181.968,inf,185.384,185.384
753,TT1,BESTEFFORT,COMPLETED,m2-1,180.468,"{'m1-1': 2.59, 'm2-1': 1.852, 'm3-1': 4.967, 'm4-1': 0.803}",5.556,181.968,183.82,inf,185.468,185.468
754,TT4,BESTEFFORT,COMPLETED,m2-1,180.578,"{'m1-1': 2.36, 'm2-1': 1.343, 'm3-1': 3.876, 'm4-1': 0.83}",4.029,183.82,185.16299999999998,inf,185.578,185.578
755,TT3,BESTEFFORT,MISSED,m1-1,180.647,"{'m1-1': 2.253, 'm2-1': 1.641, 'm3-1': 4.51, 'm4-1': 0.941}",3.484799999999996,183.66899999999998,inf,185.84699999999998,185.84699999999998,185.84699999999998
756,TT2,BESTEFFORT,COMPLETED,m3-1,180.795,"{'m1-1': 1.883, 'm2-1': 1.6, 'm3-1': 4.658, 'm4-1': 0.858}",8.384400000000001,180.795,185.45299999999997,inf,185.89499999999998,185.89499999999998
757,TT4,BESTEFFORT,CANCELLED,,180.81,"{'m1-1': 2.112, 'm2-1': 1.513, 'm3-1': 4.15, 'm4-1': 1.029}",0.0,inf,inf,inf,185.81,185.81
758,TT4,BESTEFFORT,CANCELLED,,180.966,"{'m1-1': 1.784, 'm2-1': 1.821, 'm3-1': 4.875, 'm4-1': 0.785}",0.0,inf,inf,inf,185.966,185.966
759,TT3,BESTEFFORT,COMPLETED,m4-1,181.337,"{'m1-1': 2.057, 'm2-1': 1.343, 'm3-1': 5.495, 'm4-1': 0.831}",1.2465,183.79700000000008,184.62800000000007,inf,186.53699999999998,186.53699999999998
760,TT1,BESTEFFORT,MISSED,m2-1,181.386,"{'m1-1': 2.491, 'm2-1': 1.847, 'm3-1': 4.724, 'm4-1': 0.785}",3.6690000000000396,185.16299999999998,inf,186.386,186.386,186.386
761,TT3,BESTEFFORT,MISSED,m1-1,181.997,"{'m1-1': 1.765, 'm2-1': 1.634, 'm3-1': 5.18, 'm4-1': 0.727}",2.1600000000000366,185.84699999999998,inf,187.197,187.197,187.197
762,TT4,BESTEFFORT,COMPLETED,m4-1,182.471,"{'m1-1': 1.801, 'm2-1': 1.411, 'm3-1': 4.912, 'm4-1': 1.031}",1.5465,184.62800000000007,185.65900000000008,inf,187.471,187.471
763,TT4,BESTEFFORT,CANCELLED,,182.677,"{'m1-1': 1.95, 'm2-1': 1.891, 'm3-1': 4.827, 'm4-1': 0.916}",0.0,inf,inf,inf,187.677,187.677
764,TT4,BESTEFFORT,MISSED,m2-1,183.0,"{'m1-1': 2.19, 'm2-1': 1.624, 'm3-1': 3.771, 'm4-1': 1.053}",4.842000000000013,186.386,inf,188.0,188.0,188.0
765,TT2,BESTEFFORT,COMPLETED,m4-1,183.084,"{'m1-1': 2.04, 'm2-1': 2.14, 'm3-1': 3.972, 'm4-1': 0.748}",1.1219999999999999,185.65900000000008,186.40700000000007,inf,188.184,188.184
766,TT3,BESTEFFORT,CANCELLED,,183.627,"{'m1-1': 2.218, 'm2-1': 1.524, 'm3-1': 5.785, 'm4-1': 0.963}",0.0,inf,inf,inf,188.827,188.827
767,TT2,BESTEFFORT,COMPLETED,m4-1,183.696,"{'m1-1': 2.231, 'm2-1': 2.078, 'm3-1': 3.628, 'm4-1': 0.944}",1.416,186.40700000000007,187.35100000000006,inf,188.796,188.796
768,TT1,BESTEFFORT,MISSED,m3-1,183.953,"{'m1-1': 2.034, 'm2-1': 1.61, 'm3-1': 3.854, 'm4-1': 0.789}",6.300000000000051,185.45299999999997,inf,188.953,188.953,188.953
769,TT1,BESTEFFORT,CANCELLED,,184.078,"{'m1-1': 2.447, 'm2-1': 1.419, 'm3-1': 3.865, 'm4-1': 0.73}",0.0,inf,inf,inf,189.078,189.078
770,TT2,BESTEFFORT,CANCELLED,,184.164,"{'m1-1': 1.932, 'm2-1': 2.012, 'm3-1': 4.647, 'm4-1': 0.72}",0.0,inf,inf,inf,189.26399999999998,189.26399999999998
771,TT2,BESTEFFORT,CANCELLED,,184.3,"{'m1-1': 2.597, 'm2-1': 1.732, 'm3-1': 5.022, 'm4-1': 0.9}",0.0,inf,inf,inf,189.4,189.4
772,TT4,BESTEFFORT,MISSED,m1-1,184.464,"{'m1-1': 2.401, 'm2-1': 1.644, 'm3-1': 4.757, 'm4-1': 0.986}",3.6271999999999935,187.197,inf,189.464,189.464,189.464
773,TT4,BESTEFFORT,COMPLETED,m4-1,184.544,"{'m1-1': 2.095, 'm2-1': 1.462, 'm3-1': 4.781, 'm4-1': 1.002}",1.5030000000000001,187.35100000000006,188.35300000000007,inf,189.544,189.544
774,TT1,BESTEFFORT,MISSED,m2-1,184.878,"{'m1-1': 2.059, 'm2-1': 1.959, 'm3-1': 4.541, 'm4-1': 0.674}",5.633999999999958,188.0,inf,189.878,189.878,189.878
775,TT4,BESTEFFORT,CANCELLED,,185.207,"{'m1-1': 2.085, 'm2-1': 1.408, 'm3-1': 4.554, 'm4-1': 0.963}",0.0,inf,inf,inf,190.207,190.207
776,TT4,BESTEFFORT,COMPLETED,m4-1,185.59,"{'m1-1': 2.318, 'm2-1': 1.413, 'm3-1': 4.257, 'm4-1': 0.92}",1.3800000000000001,188.35300000000007,189.27300000000005,inf,190.59,190.59
777,TT3,BESTEFFORT,CANCELLED,,185.853,"{'m1-1': 1.876, 'm2-1': 1.782, 'm3-1': 5.793, 'm4-1': 1.014}",0.0,inf,inf,inf,191.053,191.053
778,TT3,BESTEFFORT,MISSED,m1-1,185.865,"{'m1-1': 2.268, 'm2-1': 1.664, 'm3-1': 4.92, 'm4-1': 0.851}",2.5615999999999985,189.464,inf,191.065,191.065,191.065
779,TT3,BESTEFFORT,COMPLETED,m2-1,186.203,"{'m1-1': 2.0, 'm2-1': 1.387, 'm3-1': 4.602, 'm4-1': 0.878}",4.161,189.878,191.265,inf,191.403,191.403
780,TT3,BESTEFFORT,COMPLETED,m4-1,186.959,"{'m1-1': 1.885, 'm2-1': 1.551, 'm3-1': 4.972, 'm4-1': 0.843}",1.2645,189.27300000000005,190.11600000000004,inf,192.159,192.159
781,TT1,BESTEFFORT,COMPLETED,m4-1,187.28,"{'m1-1': 1.999, 'm2-1': 1.792, 'm3-1': 4.757, 'm4-1': 0.717}",1.0755,190.11600000000004,190.83300000000006,inf,192.28,192.28
782,TT3,BESTEFFORT,COMPLETED,m4-1,188.37,"{'m1-1': 2.38, 'm2-1': 1.429, 'm3-1': 4.416, 'm4-1': 0.749}",1.1235,190.83300000000006,191.58200000000005,inf,193.57,193.57
783,TT2,BESTEFFORT,COMPLETED,m1-1,188.504,"{'m1-1': 1.92, 'm2-1': 2.071, 'm3-1': 4.778, 'm4-1': 0.81}",3.072,191.065,192.98499999999999,inf,193.60399999999998,193.60399999999998
784,TT4,BESTEFFORT,COMPLETED,m2-1,188.932,"{'m1-1': 1.807, 'm2-1': 1.348, 'm3-1': 4.965, 'm4-1': 1.063}",4.0440000000000005,191.265,192.613,inf,193.932,193.932
785,TT2,BESTEFFORT,COMPLETED,m3-1,189.23,"{'m1-1': 1.944, 'm2-1': 1.833, 'm3-1': 5.074, 'm4-1': 0.917}",9.1332,189.23,194.304,inf,194.32999999999998,194.32999999999998
786,TT1,BESTEFFORT,COMPLETED,m4-1,189.278,"{'m1-1': 2.041, 'm2-1': 1.682, 'm3-1': 3.614, 'm4-1': 0.674}",1.0110000000000001,191.58200000000005,192.25600000000006,inf,194.278,194.278
787,TT4,BESTEFFORT,CANCELLED,,189.621,"{'m1-1': 2.228, 'm2-1': 1.558, 'm3-1': 4.975, 'm4-1': 0.954}",0.0,inf,inf,inf,194.621,194.621
788,TT3,BESTEFFORT,COMPLETED,m2-1,189.729,"{'m1-1': 2.088, 'm2-1': 1.72, 'm3-1': 4.367, 'm4-1': 0.808}",5.16,192.613,194.333,inf,194.929,194.929
789,TT4,BESTEFFORT,CANCELLED,,189.751,"{'m1-1': 2.296, 'm2-1': 1.364, 'm3-1': 3.713, 'm4-1': 0.828}",0.0,inf,inf,inf,194.751,194.751
790,TT2,BESTEFFORT,CANCELLED,,189.835,"{'m1-1': 2.527, 'm2-1': 1.836, 'm3-1': 3.875, 'm4-1': 0.737}",0.0,inf,inf,inf,194.935,194.935
791,TT3,BESTEFFORT,COMPLETED,m4-1,190.391,"{'m1-1': 2.433, 'm2-1': 1.585, 'm3-1': 4.346, 'm4-1': 0.818}",1.2269999999999999,192.25600000000006,193.07400000000007,inf,195.59099999999998,195.59099999999998
792,TT1,BESTEFFORT,CANCELLED,,190.606,"{'m1-1': 2.345, 'm2-1': 1.765, 'm3-1': 4.688, 'm4-1': 0.816}",0.0,inf,inf,inf,195.606,195.606
793,TT4,BESTEFFORT,COMPLETED,m1-1,190.689,"{'m1-1': 1.779, 'm2-1': 1.786, 'm3-1': 4.051, 'm4-1': 1.042}",2.8464,192.98499999999999,194.76399999999998,inf,195.689,195.689
794,TT4,BESTEFFORT,COMPLETED,m4-1,190.881,"{'m1-1': 1.899, 'm2-1': 1.897, 'm3-1': 3.757, 'm4-1': 0.949}",1.4235,193.07400000000007,194.02300000000008,inf,195.881,195.881
795,TT2,BESTEFFORT,COMPLETED,m2-1,191.285,"{'m1-1': 1.979, 'm2-1': 1.879, 'm3-1': 4.739, 'm4-1': 0.771}",5.6370000000000005,194.333,196.212,inf,196.385,196.385
796,TT4,BESTEFFORT,COMPLETED,m4-1,192.574,"{'m1-1': 2.018, 'm2-1': 1.655, 'm3-1': 3.817, 'm4-1': 0.817}",1.2254999999999998,194.02300000000008,194.8400000000001,inf,197.574,197.574
797,TT2,BESTEFFORT,COMPLETED,m4-1,192.618,"{'m1-1': 2.368, 'm2-1': 2.04, 'm3-1': 4.836, 'm4-1': 1.009}",1.5134999999999998,194.8400000000001,195.84900000000007,inf,197.718,197.718
798,TT1,BESTEFFORT,COMPLETED,m1-1,192.895,"{'m1-1': 1.86, 'm2-1': 1.841, 'm3-1': 4.633, 'm4-1': 0.796}",2.9760000000000004,194.76399999999998,196.624,inf,197.895,197.895
799,TT1,BESTEFFORT,COMPLETED,m4-1,193.204,"{'m1-1': 2.324, 'm2-1': 1.723, 'm3-1': 4.922, 'm4-1': 0.663}",0.9945,195.84900000000007,196.51200000000009,inf,198.204,198.204
800,TT1,BESTEFFORT,COMPLETED,m2-1,193.321,"{'m1-1': 2.455, 'm2-1': 1.668, 'm3-1': 4.54, 'm4-1': 0.631}",5.004,196.212,197.88,inf,198.321,198.321
801,TT3,BESTEFFORT,COMPLETED,m4-1,193.603,"{'m1-1': 2.094, 'm2-1': 1.644, 'm3-1': 4.303, 'm4-1': 0.86}",1.29,196.51200000000009,197.3720000000001,inf,198.803,198.803
802,TT1,BESTEFFORT,MISSED,m3-1,194.187,"{'m1-1': 2.596, 'm2-1': 1.758, 'm3-1': 4.971, 'm4-1': 0.859}",8.789400000000018,194.304,inf,199.187,199.187,199.187
803,TT4,BESTEFFORT,COMPLETED,m1-1,194.721,"{'m1-1': 1.753, 'm2-1': 1.595, 'm3-1': 3.696, 'm4-1': 0.997}",2.8048,196.624,198.37699999999998,inf,199.721,199.721
804,TT3,BESTEFFORT,COMPLETED,m4-1,195.059,"{'m1-1': 2.432, 'm2-1': 1.281, 'm3-1': 5.975, 'm4-1': 0.722}",1.083,197.3720000000001,198.0940000000001,inf,200.259,200.259
805,TT2,BESTEFFORT,COMPLETED,m2-1,195.737,"{'m1-1': 1.904, 'm2-1': 2.04, 'm3-1': 3.732, 'm4-1': 0.738}",6.12,197.88,199.92,inf,200.837,200.837
806,TT1,BESTEFFORT,COMPLETED,m4-1,195.84,"{'m1-1': 1.863, 'm2-1': 1.727, 'm3-1': 3.719, 'm4-1': 0.728}",1.092,198.0940000000001,198.82200000000012,inf,200.84,200.84
807,TT1,BESTEFFORT,CANCELLED,,195.86,"{'m1-1': 2.192, 'm2-1': 1.823, 'm3-1': 4.108, 'm4-1': 0.695}",0.0,inf,inf,inf,200.86,200.86
808,TT4,BESTEFFORT,COMPLETED,m1-1,196.372,"{'m1-1': 1.902, 'm2-1': 1.825, 'm3-1': 4.815, 'm4-1': 0.961}",3.0432,198.37699999999998,200.27899999999997,inf,201.372,201.372
809,TT3,BESTEFFORT,COMPLETED,m2-1,196.374,"{'m1-1': 2.181, 'm2-1': 1.62, 'm3-1': 5.943, 'm4-1': 0.962}",4.86,199.92,201.54,inf,201.57399999999998,201.57399999999998
810,TT1,BESTEFFORT,COMPLETED,m4-1,196.716,"{'m1-1': 2.312, 'm2-1': 1.761, 'm3-1': 4.57, 'm4-1': 0.726}",1.089,198.82200000000012,199.54800000000012,inf,201.716,201.716
811,TT4,BESTEFFORT,CANCELLED,,196.847,"{'m1-1': 1.873, 'm2-1': 1.852, 'm3-1': 4.764, 'm4-1': 0.972}",0.0,inf,inf,inf,201.847,201.847
812,TT2,BESTEFFORT,CANCELLED,,197.072,"{'m1-1': 2.577, 'm2-1': 1.705, 'm3-1': 4.226, 'm4-1': 0.856}",0.0,inf,inf,inf,202.172,202.172
813,TT2,BESTEFFORT,COMPLETED,m4-1,197.208,"{'m1-1': 2.397, 'm2-1': 1.589, 'm3-1': 4.259, 'm4-1': 0.79}",1.185,199.54800000000012,200.3380000000001,inf,202.308,202.308
814,TT1,BESTEFFORT,CANCELLED,,197.71,"{'m1-1': 2.54, 'm2-1': 1.506, 'm3-1': 3.691, 'm4-1': 0.836}",0.0,inf,inf,inf,202.71,202.71
815,TT1,BESTEFFORT,MISSED,m3-1,197.801,"{'m1-1': 2.563, 'm2-1': 1.932, 'm3-1': 3.835, 'm4-1': 0.634}",6.505199999999957,199.187,inf,202.801,202.801,202.801
816,TT2,BESTEFFORT,COMPLETED,m4-1,198.346,"{'m1-1': 2.028, 'm2-1': 1.789, 'm3-1': 4.743, 'm4-1': 0.849}",1.2734999999999999,200.3380000000001,201.1870000000001,inf,203.446,203.446
817,TT4,BESTEFFORT,COMPLETED,m1-1,198.655,"{'m1-1': 2.365, 'm2-1': 1.355, 'm3-1': 4.981, 'm4-1': 0.769}",3.7840000000000007,200.27899999999997,202.64399999999998,inf,203.655,203.655
818,TT4,BESTEFFORT,COMPLETED,m4-1,198.913,"{'m1-1': 2.208, 'm2-1': 1.749, 'm3-1': 4.699, 'm4-1': 0.952}",1.428,201.1870000000001,202.1390000000001,inf,203.913,203.913
819,TT4,BESTEFFORT,COMPLETED,m2-1,199.363,"{'m1-1': 2.036, 'm2-1': 1.508, 'm3-1': 4.554, 'm4-1': 1.009}",4.524,201.54,203.048,inf,204.363,204.363
820,TT3,BESTEFFORT,COMPLETED,m4-1,199.827,"{'m1-1': 2.26, 'm2-1': 1.337, 'm3-1': 5.374, 'm4-1': 0.784}",1.1760000000000002,202.1390000000001,202.9230000000001,inf,205.027,205.027
821,TT3,BESTEFFORT,COMPLETED,m4-1,200.405,"{'m1-1': 2.31, 'm2-1': 1.377, 'm3-1': 5.555, 'm4-1': 0.937}",1.4055,202.9230000000001,203.8600000000001,inf,205.605,205.605
822,TT4,BESTEFFORT,COMPLETED,m1-1,200.454,"{'m1-1': 2.167, 'm2-1': 1.47, 'm3-1': 4.965, 'm4-1': 0.944}",3.4672,202.64399999999998,204.81099999999998,inf,205.454,205.454
823,TT4,BESTEFFORT,COMPLETED,m2-1,200.889,"{'m1-1': 1.956, 'm2-1': 1.415, 'm3-1': 3.834, 'm4-1': 0.874}",4.245,203.048,204.463,inf,205.889,205.889
824,TT2,BESTEFFORT,COMPLETED,m4-1,201.269,"{'m1-1': 2.554, 'm2-1': 2.04, 'm3-1': 3.733, 'm4-1': 0.995}",1.4925,203.8600000000001,204.8550000000001,inf,206.369,206.369
825,TT2,BESTEFFORT,CANCELLED,,201.331,"{'m1-1': 2.181, 'm2-1': 1.914, 'm3-1': 4.085, 'm4-1': 0.833}",0.0,inf,inf,inf,206.43099999999998,206.43099999999998
826,TT1,BESTEFFORT,CANCELLED,,201.359,"{'m1-1': 2.133, 'm2-1': 1.549, 'm3-1': 4.169, 'm4-1': 0.808}",0.0,inf,inf,inf,206.359,206.359
827,TT1,BESTEFFORT,MISSED,m1-1,201.836,"{'m1-1': 2.431, 'm2-1': 1.516, 'm3-1': 3.881, 'm4-1': 0.755}",3.240000000000055,204.81099999999998,inf,206.836,206.836,206.836
828,TT3,BESTEFFORT,COMPLETED,m2-1,201.983,"{'m1-1': 2.325, 'm2-1': 1.351, 'm3-1': 5.778, 'm4-1': 0.846}",4.053,204.463,205.814,inf,207.183,207.183
829,TT2,BESTEFFORT,COMPLETED,m4-1,202.325,"{'m1-1': 2.495, 'm2-1': 1.895, 'm3-1': 4.078, 'm4-1': 0.738}",1.107,204.8550000000001,205.5930000000001,inf,207.42499999999998,207.42499999999998
830,TT2,BESTEFFORT,COMPLETED,m3-1,202.855,"{'m1-1': 1.913, 'm2-1': 1.801, 'm3-1': 4.258, 'm4-1': 1.0}",7.6644000000000005,202.855,207.113,inf,207.95499999999998,207.95499999999998
831,TT2,BESTEFFORT,COMPLETED,m2-1,202.882,"{'m1-1': 2.137, 'm2-1': 1.61, 'm3-1': 4.765, 'm4-1': 0.893}",4.83,205.814,207.424,inf,207.982,207.982
832,TT2,BESTEFFORT,COMPLETED,m4-1,203.144,"{'m1-1': 1.897, 'm2-1': 1.935, 'm3-1': 4.795, 'm4-1': 0.756}",1.134,205.5930000000001,206.3490000000001,inf,208.244,208.244
833,TT3,BESTEFFORT,CANCELLED,,203.495,"{'m1-1': 1.786, 'm2-1': 1.343, 'm3-1': 5.264, 'm4-1': 0.884}",0.0,inf,inf,inf,208.695,208.695
834,TT2,BESTEFFORT,CANCELLED,,203.507,"{'m1-1': 2.631, 'm2-1': 1.695, 'm3-1': 3.984, 'm4-1': 0.93}",0.0,inf,inf,inf,208.607,208.607
835,TT1,BESTEFFORT,CANCELLED,,203.529,"{'m1-1': 2.351, 'm2-1': 1.631, 'm3-1': 4.718, 'm4-1': 0.802}",0.0,inf,inf,inf,208.529,208.529
836,TT2,BESTEFFORT,COMPLETED,m1-1,203.833,"{'m1-1': 1.905, 'm2-1': 1.92, 'm3-1': 4.1, 'm4-1': 0.9}",3.048,206.836,208.741,inf,208.933,208.933
837,TT4,BESTEFFORT,COMPLETED,m4-1,203.878,"{'m1-1': 2.201, 'm2-1': 1.751, 'm3-1': 3.755, 'm4-1': 0.972}",1.458,206.3490000000001,207.3210000000001,inf,208.878,208.878
838,TT4,BESTEFFORT,CANCELLED,,203.891,"{'m1-1': 1.765, 'm2-1': 1.825, 'm3-1': 4.816, 'm4-1': 0.791}",0.0,inf,inf,inf,208.891,208.891
839,TT1,BESTEFFORT,CANCELLED,,204.056,"{'m1-1': 2.226, 'm2-1': 1.551, 'm3-1': 4.89, 'm4-1': 0.719}",0.0,inf,inf,inf,209.056,209.056
840,TT2,BESTEFFORT,CANCELLED,,204.259,"{'m1-1': 2.629, 'm2-1': 1.792, 'm3-1': 4.283, 'm4-1': 0.951}",0.0,inf,inf,inf,209.35899999999998,209.35899999999998
841,TT3,BESTEFFORT,COMPLETED,m2-1,204.736,"{'m1-1': 2.34, 'm2-1': 1.713, 'm3-1': 4.523, 'm4-1': 0.793}",5.139,207.424,209.137,inf,209.93599999999998,209.93599999999998
842,TT4,BESTEFFORT,COMPLETED,m4-1,204.853,"{'m1-1': 2.018, 'm2-1': 1.344, 'm3-1': 4.105, 'm4-1': 0.837}",1.2555,207.3210000000001,208.1580000000001,inf,209.853,209.853
843,TT4,BESTEFFORT,CANCELLED,,204.918,"{'m1-1': 2.264, 'm2-1': 1.861, 'm3-1': 4.606, 'm4-1': 0.929}",0.0,inf,inf,inf,209.918,209.918
844,TT2,BESTEFFORT,CANCELLED,,204.929,"{'m1-1': 2.592, 'm2-1': 1.953, 'm3-1': 4.772, 'm4-1': 0.863}",0.0,inf,inf,inf,210.029,210.029
845,TT2,BESTEFFORT,CANCELLED,,205.27,"{'m1-1': 2.447, 'm2-1': 1.884, 'm3-1': 5.101, 'm4-1': 0.719}",0.0,inf,inf,inf,210.37,210.37
846,TT2,BESTEFFORT,CANCELLED,,205.521,"{'m1-1': 2.129, 'm2-1': 2.081, 'm3-1': 4.242, 'm4-1': 0.728}",0.0,inf,inf,inf,210.62099999999998,210.62099999999998
847,TT4,BESTEFFORT,COMPLETED,m4-1,206.175,"{'m1-1': 2.271, 'm2-1': 1.742, 'm3-1': 4.4, 'm4-1': 0.965}",1.4475,208.1580000000001,209.1230000000001,inf,211.175,211.175
848,TT2,BESTEFFORT,COMPLETED,m4-1,207.264,"{'m1-1': 2.194, 'm2-1': 1.718, 'm3-1': 4.142, 'm4-1': 0.901}",1.3515000000000001,209.1230000000001,210.02400000000011,inf,212.364,212.364
849,TT4,BESTEFFORT,COMPLETED,m4-1,207.635,"{'m1-1': 1.884, 'm2-1': 1.859, 'm3-1': 4.325, 'm4-1': 1.0}",1.5,210.02400000000011,211.02400000000011,inf,212.635,212.635
850,TT4,BESTEFFORT,COMPLETED,m1-1,207.687,"{'m1-1': 2.435, 'm2-1': 1.526, 'm3-1': 3.935, 'm4-1': 0.919}",3.8960000000000004,208.741,211.17600000000002,inf,212.687,212.687
851,TT4,BESTEFFORT,MISSED,m1-1,207.923,"{'m1-1': 2.399, 'm2-1': 1.481, 'm3-1': 4.512, 'm4-1': 1.023}",2.7951999999999773,211.17600000000002,inf,212.923,212.923,212.923
852,TT2,BESTEFFORT,COMPLETED,m4-1,208.272,"{'m1-1': 2.158, 'm2-1': 1.886, 'm3-1': 4.569, 'm4-1': 0.971}",1.4565,211.02400000000011,211.99500000000012,inf,213.37199999999999,213.37199999999999
853,TT3,BESTEFFORT,COMPLETED,m2-1,208.35,"{'m1-1': 2.158, 'm2-1': 1.381, 'm3-1': 4.712, 'm4-1': 0.953}",4.143,209.137,210.518,inf,213.54999999999998,213.54999999999998
854,TT2,BESTEFFORT,COMPLETED,m2-1,208.55,"{'m1-1': 2.085, 'm2-1': 2.058, 'm3-1': 4.82, 'm4-1': 0.914}",6.1739999999999995,210.518,212.576,inf,213.65,213.65
855,TT4,BESTEFFORT,MISSED,m3-1,208.564,"{'m1-1': 2.237, 'm2-1': 1.859, 'm3-1': 5.139, 'm4-1': 0.921}",9.0,208.564,inf,213.564,213.564,213.564
856,TT2,BESTEFFORT,COMPLETED,m4-1,209.496,"{'m1-1': 2.471, 'm2-1': 2.078, 'm3-1': 4.162, 'm4-1': 0.839}",1.2585,211.99500000000012,212.83400000000012,inf,214.596,214.596
857,TT3,BESTEFFORT,MISSED,m1-1,209.542,"{'m1-1': 1.927, 'm2-1': 1.554, 'm3-1': 4.933, 'm4-1': 0.909}",2.9103999999999814,212.923,inf,214.742,214.742,214.742
858,TT4,BESTEFFORT,COMPLETED,m2-1,209.74,"{'m1-1': 1.901, 'm2-1': 1.781, 'm3-1': 4.603, 'm4-1': 1.063}",5.343,212.576,214.357,inf,214.74,214.74
859,TT2,BESTEFFORT,COMPLETED,m4-1,210.135,"{'m1-1': 2.383, 'm2-1': 1.725, 'm3-1': 4.963, 'm4-1': 0.753}",1.1295,212.83400000000012,213.5870000000001,inf,215.23499999999999,215.23499999999999
860,TT4,BESTEFFORT,CANCELLED,,210.283,"{'m1-1': 2.068, 'm2-1': 1.571, 'm3-1': 3.93, 'm4-1': 0.994}",0.0,inf,inf,inf,215.283,215.283
861,TT2,BESTEFFORT,CANCELLED,,210.322,"{'m1-1': 2.04, 'm2-1': 1.688, 'm3-1': 3.892, 'm4-1': 0.913}",0.0,inf,inf,inf,215.422,215.422
862,TT3,BESTEFFORT,MISSED,m2-1,210.381,"{'m1-1': 2.306, 'm2-1': 1.783, 'm3-1': 5.741, 'm4-1': 0.726}",3.6719999999999686,214.357,inf,215.581,215.581,215.581
863,TT4,BESTEFFORT,CANCELLED,,210.566,"{'m1-1': 2.393, 'm2-1': 1.697, 'm3-1': 4.487, 'm4-1': 0.984}",0.0,inf,inf,inf,215.566,215.566
864,TT2,BESTEFFORT,CANCELLED,,210.589,"{'m1-1': 2.166, 'm2-1': 1.6, 'm3-1': 3.864, 'm4-1': 0.775}",0.0,inf,inf,inf,215.689,215.689
865,TT3,BESTEFFORT,COMPLETED,m4-1,211.121,"{'m1-1': 1.952, 'm2-1': 1.299, 'm3-1': 4.735, 'm4-1': 0.774}",1.161,213.5870000000001,214.3610000000001,inf,216.321,216.321
866,TT4,BESTEFFORT,CANCELLED,,211.242,"{'m1-1': 2.435, 'm2-1': 1.856, 'm3-1': 4.735, 'm4-1': 1.053}",0.0,inf,inf,inf,216.242,216.242
867,TT3,BESTEFFORT,COMPLETED,m1-1,211.604,"{'m1-1': 1.901, 'm2-1': 1.347, 'm3-1': 5.333, 'm4-1': 0.833}",3.0416000000000003,214.742,216.643,inf,216.804,216.804
868,TT1,BESTEFFORT,COMPLETED,m4-1,212.353,"{'m1-1': 2.044, 'm2-1': 1.422, 'm3-1': 4.936, 'm4-1': 0.861}",1.2915,214.3610000000001,215.2220000000001,inf,217.353,217.353
869,TT1,BESTEFFORT,COMPLETED,m2-1,212.714,"{'m1-1': 1.857, 'm2-1': 1.905, 'm3-1': 4.431, 'm4-1': 0.623}",5.715,215.581,217.486,inf,217.714,217.714
870,TT1,BESTEFFORT,CANCELLED,,212.756,"{'m1-1': 2.029, 'm2-1': 1.784, 'm3-1': 3.863, 'm4-1': 0.787}",0.0,inf,inf,inf,217.756,217.756
871,TT3,BESTEFFORT,MISSED,m3-1,212.794,"{'m1-1': 1.984, 'm2-1': 1.55, 'm3-1': 5.715, 'm4-1': 0.726}",7.974000000000013,213.564,inf,217.994,217.994,217.994
872,TT4,BESTEFFORT,COMPLETED,m4-1,212.924,"{'m1-1': 2.119, 'm2-1': 1.449, 'm3-1': 4.961, 'm4-1': 0.824}",1.236,215.2220000000001,216.0460000000001,inf,217.924,217.924
873,TT3,BESTEFFORT,CANCELLED,,213.092,"{'m1-1': 1.967, 'm2-1': 1.783, 'm3-1': 5.528, 'm4-1': 0.854}",0.0,inf,inf,inf,218.292,218.292
874,TT3,BESTEFFORT,CANCELLED,,213.255,"{'m1-1': 1.818, 'm2-1': 1.511, 'm3-1': 4.637, 'm4-1': 0.887}",0.0,inf,inf,inf,218.45499999999998,218.45499999999998
875,TT2,BESTEFFORT,COMPLETED,m4-1,213.624,"{'m1-1': 2.614, 'm2-1': 1.64, 'm3-1': 4.446, 'm4-1': 0.719}",1.0785,216.0460000000001,216.7650000000001,inf,218.724,218.724
876,TT2,BESTEFFORT,CANCELLED,,213.714,"{'m1-1': 2.155, 'm2-1': 2.085, 'm3-1': 4.631, 'm4-1': 0.952}",0.0,inf,inf,inf,218.814,218.814
877,TT2,BESTEFFORT,COMPLETED,m1-1,213.736,"{'m1-1': 1.946, 'm2-1': 1.6, 'm3-1': 4.275, 'm4-1': 0.998}",3.1136,216.643,218.589,inf,218.83599999999998,218.83599999999998
878,TT4,BESTEFFORT,MISSED,m2-1,213.824,"{'m1-1': 2.2, 'm2-1': 1.884, 'm3-1': 4.14, 'm4-1': 0.926}",4.014000000000067,217.486,inf,218.824,218.824,218.824
879,TT1,BESTEFFORT,CANCELLED,,214.105,"{'m1-1': 2.301, 'm2-1': 1.514, 'm3-1': 4.119, 'm4-1': 0.788}",0.0,inf,inf,inf,219.105,219.105
880,TT1,BESTEFFORT,CANCELLED,,214.278,"{'m1-1': 2.419, 'm2-1': 1.647, 'm3-1': 4.946, 'm4-1': 0.664}",0.0,inf,inf,inf,219.278,219.278
881,TT1,BESTEFFORT,COMPLETED,m4-1,214.506,"{'m1-1': 2.266, 'm2-1': 1.684, 'm3-1': 3.681, 'm4-1': 0.787}",1.1805,216.7650000000001,217.5520000000001,inf,219.506,219.506
882,TT2,BESTEFFORT,CANCELLED,,214.706,"{'m1-1': 2.0, 'm2-1': 1.908, 'm3-1': 5.084, 'm4-1': 0.964}",0.0,inf,inf,inf,219.80599999999998,219.80599999999998
883,TT1,BESTEFFORT,CANCELLED,,214.82,"{'m1-1': 2.52, 'm2-1': 1.559, 'm3-1': 5.05, 'm4-1': 0.746}",0.0,inf,inf,inf,219.82,219.82
884,TT3,BESTEFFORT,CANCELLED,,214.835,"{'m1-1': 2.347, 'm2-1': 1.71, 'm3-1': 4.677, 'm4-1': 0.928}",0.0,inf,inf,inf,220.035,220.035
885,TT3,BESTEFFORT,CANCELLED,,214.947,"{'m1-1': 2.182, 'm2-1': 1.65, 'm3-1': 4.488, 'm4-1': 0.742}",0.0,inf,inf,inf,220.147,220.147
886,TT1,BESTEFFORT,CANCELLED,,214.953,"{'m1-1': 2.429, 'm2-1': 1.74, 'm3-1': 3.837, 'm4-1': 0.796}",0.0,inf,inf,inf,219.953,219.953
887,TT4,BESTEFFORT,CANCELLED,,215.028,"{'m1-1': 1.913, 'm2-1': 1.736, 'm3-1': 3.722, 'm4-1': 1.058}",0.0,inf,inf,inf,220.028,220.028
888,TT3,BESTEFFORT,MISSED,m2-1,215.186,"{'m1-1': 2.077, 'm2-1': 1.623, 'm3-1': 5.825, 'm4-1': 0.979}",4.68599999999995,218.824,inf,220.386,220.386,220.386
889,TT4,BESTEFFORT,COMPLETED,m4-1,215.262,"{'m1-1': 1.988, 'm2-1': 1.766, 'm3-1': 4.145, 'm4-1': 1.063}",1.5945,217.5520000000001,218.6150000000001,inf,220.262,220.262
890,TT3,BESTEFFORT,CANCELLED,,215.296,"{'m1-1': 2.397, 'm2-1': 1.583, 'm3-1': 5.47, 'm4-1': 0.987}",0.0,inf,inf,inf,220.49599999999998,220.49599999999998
891,TT4,BESTEFFORT,CANCELLED,,215.318,"{'m1-1': 2.425, 'm2-1': 1.555, 'm3-1': 4.926, 'm4-1': 0.852}",0.0,inf,inf,inf,220.318,220.318
892,TT3,BESTEFFORT,COMPLETED,m1-1,215.64,"{'m1-1': 2.103, 'm2-1': 1.644, 'm3-1': 4.327, 'm4-1': 0.993}",3.3648000000000007,218.589,220.692,inf,220.83999999999997,220.83999999999997
893,TT1,BESTEFFORT,CANCELLED,,215.683,"{'m1-1': 1.997, 'm2-1': 1.753, 'm3-1': 4.784, 'm4-1': 0.622}",0.0,inf,inf,inf,220.683,220.683
894,TT1,BESTEFFORT,CANCELLED,,215.776,"{'m1-1': 2.298, 'm2-1': 1.874, 'm3-1': 4.287, 'm4-1': 0.806}",0.0,inf,inf,inf,220.776,220.776
895,TT1,BESTEFFORT,COMPLETED,m4-1,216.129,"{'m1-1': 1.949, 'm2-1': 1.452, 'm3-1': 4.045, 'm4-1': 0.698}",1.047,218.6150000000001,219.3130000000001,inf,221.129,221.129
896,TT2,BESTEFFORT,CANCELLED,,216.3,"{'m1-1': 2.221, 'm2-1': 1.788, 'm3-1': 4.275, 'm4-1': 0.811}",0.0,inf,inf,inf,221.4,221.4
897,TT4,BESTEFFORT,CANCELLED,,216.514,"{'m1-1': 2.398, 'm2-1': 1.541, 'm3-1': 4.562, 'm4-1': 0.885}",0.0,inf,inf,inf,221.514,221.514
898,TT2,BESTEFFORT,COMPLETED,m4-1,217.012,"{'m1-1': 2.137, 'm2-1': 1.688, 'm3-1': 4.897, 'm4-1': 0.744}",1.116,219.3130000000001,220.0570000000001,inf,222.112,222.112
899,TT1,BESTEFFORT,CANCELLED,,217.041,"{'m1-1': 2.482, 'm2-1': 1.646, 'm3-1': 4.373, 'm4-1': 0.751}",0.0,inf,inf,inf,222.041,222.041
900,TT3,BESTEFFORT,COMPLETED,m1-1,217.422,"{'m1-1': 1.894, 'm2-1': 1.391, 'm3-1': 4.407, 'm4-1': 0.823}",3.0304,220.692,222.586,inf,222.62199999999999,222.62199999999999
901,TT3,BESTEFFORT,COMPLETED,m4-1,217.793,"{'m1-1': 2.334, 'm2-1': 1.418, 'm3-1': 4.956, 'm4-1': 0.835}",1.2525,220.0570000000001,220.8920000000001,inf,222.993,222.993
902,TT2,BESTEFFORT,COMPLETED,m2-1,217.982,"{'m1-1': 2.475, 'm2-1': 1.808, 'm3-1': 4.933, 'm4-1': 0.915}",5.424,220.386,222.194,inf,223.082,223.082
903,TT2,BESTEFFORT,COMPLETED,m3-1,218.463,"{'m1-1': 1.983, 'm2-1': 2.104, 'm3-1': 4.643, 'm4-1': 0.938}",8.3574,218.463,223.106,inf,223.563,223.563
904,TT4,BESTEFFORT,COMPLETED,m4-1,218.648,"{'m1-1': 2.125, 'm2-1': 1.825, 'm3-1': 4.188, 'm4-1': 1.041}",1.5614999999999999,220.8920000000001,221.9330000000001,inf,223.648,223.648
905,TT1,BESTEFFORT,COMPLETED,m2-1,219.178,"{'m1-1': 2.063, 'm2-1': 1.784, 'm3-1': 3.881, 'm4-1': 0.826}",5.352,222.194,223.97799999999998,inf,224.178,224.178
906,TT2,BESTEFFORT,COMPLETED,m4-1,219.289,"{'m1-1': 2.255, 'm2-1': 1.992, 'm3-1': 4.465, 'm4-1': 0.995}",1.4925,221.9330000000001,222.9280000000001,inf,224.38899999999998,224.38899999999998
907,TT4,BESTEFFORT,CANCELLED,,219.4,"{'m1-1': 2.276, 'm2-1': 1.646, 'm3-1': 4.585, 'm4-1': 0.833}",0.0,inf,inf,inf,224.4,224.4
908,TT2,BESTEFFORT,CANCELLED,,219.436,"{'m1-1': 2.616, 'm2-1': 1.823, 'm3-1': 4.225, 'm4-1': 0.949}",0.0,inf,inf,inf,224.536,224.536
909,TT4,BESTEFFORT,MISSED,m1-1,219.643,"{'m1-1': 2.234, 'm2-1': 1.666, 'm3-1': 3.694, 'm4-1': 1.055}",3.291199999999981,222.586,inf,224.643,224.643,224.643
910,TT3,BESTEFFORT,CANCELLED,,219.684,"{'m1-1': 2.164, 'm2-1': 1.33, 'm3-1': 5.543, 'm4-1': 0.722}",0.0,inf,inf,inf,224.884,224.884
911,TT1,BESTEFFORT,CANCELLED,,219.941,"{'m1-1': 2.263, 'm2-1': 1.49, 'm3-1': 4.266, 'm4-1': 0.636}",0.0,inf,inf,inf,224.941,224.941
912,TT4,BESTEFFORT,COMPLETED,m4-1,220.059,"{'m1-1': 2.035, 'm2-1': 1.822, 'm3-1': 4.01, 'm4-1': 0.776}",1.1640000000000001,222.9280000000001,223.70400000000012,inf,225.059,225.059
913,TT4,BESTEFFORT,CANCELLED,,220.094,"{'m1-1': 2.373, 'm2-1': 1.412, 'm3-1': 3.934, 'm4-1': 0.828}",0.0,inf,inf,inf,225.094,225.094
914,TT1,BESTEFFORT,MISSED,m2-1,220.132,"{'m1-1': 2.452, 'm2-1': 1.956, 'm3-1': 4.031, 'm4-1': 0.753}",3.4620000000000744,223.97799999999998,inf,225.132,225.132,225.132
915,TT4,BESTEFFORT,CANCELLED,,220.575,"{'m1-1': 1.976, 'm2-1': 1.424, 'm3-1': 4.439, 'm4-1': 0.933}",0.0,inf,inf,inf,225.575,225.575
916,TT4,BESTEFFORT,COMPLETED,m4-1,220.893,"{'m1-1': 1.915, 'm2-1': 1.485, 'm3-1': 3.883, 'm4-1': 0.927}",1.3905,223.70400000000012,224.6310000000001,inf,225.893,225.893
917,TT1,BESTEFFORT,CANCELLED,,220.952,"{'m1-1': 2.331, 'm2-1': 1.773, 'm3-1': 3.68, 'm4-1': 0.81}",0.0,inf,inf,inf,225.952,225.952
918,TT2,BESTEFFORT,CANCELLED,,221.001,"{'m1-1': 1.882, 'm2-1': 1.546, 'm3-1': 4.803, 'm4-1': 0.838}",0.0,inf,inf,inf,226.101,226.101
919,TT3,BESTEFFORT,COMPLETED,m1-1,221.686,"{'m1-1': 2.202, 'm2-1': 1.568, 'm3-1': 5.93, 'm4-1': 0.944}",3.5232,224.643,226.845,inf,226.886,226.886
920,TT3,BESTEFFORT,COMPLETED,m4-1,222.107,"{'m1-1': 1.912, 'm2-1': 1.481, 'm3-1': 4.577, 'm4-1': 0.985}",1.4775,224.6310000000001,225.61600000000013,inf,227.307,227.307
921,TT4,BESTEFFORT,COMPLETED,m2-1,222.172,"{'m1-1': 1.845, 'm2-1': 1.573, 'm3-1': 4.76, 'm4-1': 1.019}",4.718999999999999,225.132,226.705,inf,227.172,227.172
922,TT4,BESTEFFORT,CANCELLED,,222.317,"{'m1-1': 1.986, 'm2-1': 1.808, 'm3-1': 4.966, 'm4-1': 0.839}",0.0,inf,inf,inf,227.317,227.317
923,TT4,BESTEFFORT,CANCELLED,,222.743,"{'m1-1': 2.136, 'm2-1': 1.447, 'm3-1': 4.417, 'm4-1': 0.918}",0.0,inf,inf,inf,227.743,227.743
924,TT4,BESTEFFORT,MISSED,m3-1,222.748,"{'m1-1': 2.055, 'm2-1': 1.719, 'm3-1': 4.887, 'm4-1': 0.844}",8.355599999999994,223.106,inf,227.748,227.748,227.748
925,TT2,BESTEFFORT,CANCELLED,,222.812,"{'m1-1': 1.951, 'm2-1': 1.818, 'm3-1': 4.863, 'm4-1': 0.917}",0.0,inf,inf,inf,227.912,227.912
926,TT2,BESTEFFORT,CANCELLED,,222.855,"{'m1-1': 2.545, 'm2-1': 1.636, 'm3-1': 4.98, 'm4-1': 0.885}",0.0,inf,inf,inf,227.95499999999998,227.95499999999998
927,TT1,BESTEFFORT,COMPLETED,m4-1,222.886,"{'m1-1': 2.274, 'm2-1': 1.868, 'm3-1': 4.025, 'm4-1': 0.663}",0.9945,225.61600000000013,226.27900000000014,inf,227.886,227.886
928,TT1,BESTEFFORT,CANCELLED,,222.969,"{'m1-1': 2.444, 'm2-1': 1.844, 'm3-1': 4.128, 'm4-1': 0.76}",0.0,inf,inf,inf,227.969,227.969
929,TT4,BESTEFFORT,CANCELLED,,223.345,"{'m1-1': 2.432, 'm2-1': 1.421, 'm3-1': 4.123, 'm4-1': 0.81}",0.0,inf,inf,inf,228.345,228.345
930,TT3,BESTEFFORT,MISSED,m1-1,223.568,"{'m1-1': 2.046, 'm2-1': 1.409, 'm3-1': 4.813, 'm4-1': 0.938}",3.076800000000003,226.845,inf,228.768,228.768,228.768
931,TT1,BESTEFFORT,COMPLETED,m4-1,223.822,"{'m1-1': 2.552, 'm2-1': 1.865, 'm3-1': 4.11, 'm4-1': 0.789}",1.1835,226.27900000000014,227.06800000000013,inf,228.822,228.822
932,TT1,BESTEFFORT,COMPLETED,m2-1,223.845,"{'m1-1': 2.257, 'm2-1': 1.845, 'm3-1': 3.613, 'm4-1': 0.758}",5.535,226.705,228.55,inf,228.845,228.845
933,TT4,BESTEFFORT,CANCELLED,,224.081,"{'m1-1': 2.273, 'm2-1': 1.529, 'm3-1': 4.485, 'm4-1': 0.776}",0.0,inf,inf,inf,229.081,229.081
934,TT2,BESTEFFORT,CANCELLED,,224.447,"{'m1-1': 1.912, 'm2-1': 1.695, 'm3-1': 5.032, 'm4-1': 0.815}",0.0,inf,inf,inf,229.547,229.547
935,TT2,BESTEFFORT,COMPLETED,m4-1,225.131,"{'m1-1': 1.98, 'm2-1': 1.787, 'm3-1': 3.667, 'm4-1': 1.0}",1.5,227.06800000000013,228.06800000000013,inf,230.231,230.231
936,TT1,BESTEFFORT,COMPLETED,m2-1,225.348,"{'m1-1': 2.25, 'm2-1': 1.462, 'm3-1': 4.567, 'm4-1': 0.818}",4.386,228.55,230.012,inf,230.348,230.348
937,TT3,BESTEFFORT,COMPLETED,m4-1,225.411,"{'m1-1': 1.807, 'm2-1': 1.6, 'm3-1': 5.936, 'm4-1': 0.836}",1.254,228.06800000000013,228.90400000000014,inf,230.611,230.611
938,TT1,BESTEFFORT,CANCELLED,,225.776,"{'m1-1': 1.995, 'm2-1': 1.92, 'm3-1': 4.88, 'm4-1': 0.667}",0.0,inf,inf,inf,230.776,230.776
939,TT1,BESTEFFORT,COMPLETED,m1-1,225.97,"{'m1-1': 1.996, 'm2-1': 1.92, 'm3-1': 4.13, 'm4-1': 0.684}",3.1936,228.768,230.764,inf,230.97,230.97
940,TT3,BESTEFFORT,MISSED,m2-1,226.065,"{'m1-1': 2.369, 'm2-1': 1.386, 'm3-1': 5.876, 'm4-1': 0.943}",3.7589999999999577,230.012,inf,231.265,231.265,231.265
941,TT1,BESTEFFORT,MISSED,m3-1,226.241,"{'m1-1': 2.458, 'm2-1': 1.605, 'm3-1': 4.478, 'm4-1': 0.664}",6.2874000000000425,227.748,inf,231.241,231.241,231.241
942,TT2,BESTEFFORT,COMPLETED,m4-1,226.267,"{'m1-1': 2.368, 'm2-1': 2.069, 'm3-1': 4.571, 'm4-1': 0.947}",1.4204999999999999,228.90400000000014,229.85100000000014,inf,231.367,231.367
943,TT2,BESTEFFORT,CANCELLED,,226.34,"{'m1-1': 2.209, 'm2-1': 1.715, 'm3-1': 4.041, 'm4-1': 0.727}",0.0,inf,inf,inf,231.44,231.44
944,TT1,BESTEFFORT,CANCELLED,,226.366,"{'m1-1': 2.23, 'm2-1': 1.672, 'm3-1': 4.357, 'm4-1': 0.782}",0.0,inf,inf,inf,231.366,231.366
945,TT4,BESTEFFORT,CANCELLED,,226.409,"{'m1-1': 2.326, 'm2-1': 1.867, 'm3-1': 4.74, 'm4-1': 1.053}",0.0,inf,inf,inf,231.409,231.409
946,TT1,BESTEFFORT,CANCELLED,,226.713,"{'m1-1': 2.561, 'm2-1': 1.667, 'm3-1': 4.065, 'm4-1': 0.779}",0.0,inf,inf,inf,231.713,231.713
947,TT2,BESTEFFORT,COMPLETED,m4-1,226.947,"{'m1-1': 2.401, 'm2-1': 1.636, 'm3-1': 4.112, 'm4-1': 0.861}",1.2915,229.85100000000014,230.71200000000013,inf,232.047,232.047
948,TT1,BESTEFFORT,CANCELLED,,227.758,"{'m1-1': 2.542, 'm2-1': 1.99, 'm3-1': 3.993, 'm4-1': 0.7}",0.0,inf,inf,inf,232.758,232.758
949,TT2,BESTEFFORT,COMPLETED,m1-1,228.013,"{'m1-1': 2.197, 'm2-1': 1.69, 'm3-1': 4.137, 'm4-1': 0.913}",3.5152,230.764,232.961,inf,233.113,233.113
950,TT4,BESTEFFORT,COMPLETED,m2-1,228.05,"{'m1-1': 1.781, 'm2-1': 1.394, 'm3-1': 3.693, 'm4-1': 1.013}",4.1819999999999995,231.265,232.659,inf,233.05,233.05
951,TT2,BESTEFFORT,COMPLETED,m4-1,228.301,"{'m1-1': 2.375, 'm2-1': 1.949, 'm3-1': 5.048, 'm4-1': 0.92}",1.3800000000000001,230.71200000000013,231.63200000000012,inf,233.40099999999998,233.40099999999998
952,TT4,BESTEFFORT,CANCELLED,,228.334,"{'m1-1': 2.187, 'm2-1': 1.825, 'm3-1': 5.053, 'm4-1': 0.973}",0.0,inf,inf,inf,233.334,233.334
953,TT4,BESTEFFORT,CANCELLED,,228.446,"{'m1-1': 1.937, 'm2-1': 1.732, 'm3-1': 4.767, 'm4-1': 0.885}",0.0,inf,inf,inf,233.446,233.446
954,TT3,BESTEFFORT,CANCELLED,,228.548,"{'m1-1': 1.893, 'm2-1': 1.272, 'm3-1': 4.6, 'm4-1': 0.851}",0.0,inf,inf,inf,233.748,233.748
955,TT1,BESTEFFORT,COMPLETED,m4-1,228.851,"{'m1-1': 1.948, 'm2-1': 1.583, 'm3-1': 4.395, 'm4-1': 0.861}",1.2915,231.63200000000012,232.4930000000001,inf,233.851,233.851
956,TT2,BESTEFFORT,CANCELLED,,229.002,"{'m1-1': 2.158, 'm2-1': 1.655, 'm3-1': 3.973, 'm4-1': 0.808}",0.0,inf,inf,inf,234.102,234.102
957,TT4,BESTEFFORT,CANCELLED,,229.345,"{'m1-1': 2.289, 'm2-1': 1.419, 'm3-1': 4.01, 'm4-1': 1.067}",0.0,inf,inf,inf,234.345,234.345
958,TT2,BESTEFFORT,CANCELLED,,229.46,"{'m1-1': 2.307, 'm2-1': 1.713, 'm3-1': 3.707, 'm4-1': 0.909}",0.0,inf,inf,inf,234.56,234.56
959,TT3,BESTEFFORT,COMPLETED,m2-1,229.756,"{'m1-1': 1.811, 'm2-1': 1.299, 'm3-1': 5.397, 'm4-1': 1.006}",3.897,232.659,233.958,inf,234.956,234.956
960,TT1,BESTEFFORT,COMPLETED,m4-1,229.797,"{'m1-1': 2.34, 'm2-1': 1.586, 'm3-1': 4.121, 'm4-1': 0.666}",0.9990000000000001,232.4930000000001,233.1590000000001,inf,234.797,234.797
961,TT3,BESTEFFORT,COMPLETED,m1-1,230.073,"{'m1-1': 1.745, 'm2-1': 1.289, 'm3-1': 5.266, 'm4-1': 0.922}",2.7920000000000003,232.961,234.70600000000002,inf,235.273,235.273
962,TT1,BESTEFFORT,CANCELLED,,230.114,"{'m1-1': 2.006, 'm2-1': 1.46, 'm3-1': 4.852, 'm4-1': 0.754}",0.0,inf,inf,inf,235.114,235.114
963,TT3,BESTEFFORT,CANCELLED,,230.444,"{'m1-1': 1.829, 'm2-1': 1.321, 'm3-1': 5.675, 'm4-1': 0.773}",0.0,inf,inf,inf,235.64399999999998,235.64399999999998
964,TT2,BESTEFFORT,MISSED,m3-1,230.64,"{'m1-1': 1.926, 'm2-1': 1.889, 'm3-1': 4.582, 'm4-1': 0.952}",8.09819999999994,231.241,inf,235.73999999999998,235.73999999999998,235.73999999999998
965,TT3,BESTEFFORT,COMPLETED,m4-1,230.68,"{'m1-1': 2.435, 'm2-1': 1.319, 'm3-1': 4.709, 'm4-1': 0.976}",1.464,233.1590000000001,234.1350000000001,inf,235.88,235.88
966,TT4,BESTEFFORT,CANCELLED,,230.826,"{'m1-1': 2.227, 'm2-1': 1.646, 'm3-1': 4.499, 'm4-1': 0.762}",0.0,inf,inf,inf,235.826,235.826
967,TT3,BESTEFFORT,COMPLETED,m2-1,230.951,"{'m1-1': 2.324, 'm2-1': 1.485, 'm3-1': 4.791, 'm4-1': 0.959}",4.455,233.958,235.443,inf,236.15099999999998,236.15099999999998
968,TT1,BESTEFFORT,CANCELLED,,230.997,"{'m1-1': 1.856, 'm2-1': 1.848, 'm3-1': 4.721, 'm4-1': 0.766}",0.0,inf,inf,inf,235.997,235.997
969,TT2,BESTEFFORT,CANCELLED,,231.165,"{'m1-1': 2.364, 'm2-1': 1.819, 'm3-1': 4.936, 'm4-1': 0.996}",0.0,inf,inf,inf,236.265,236.265
970,TT3,BESTEFFORT,CANCELLED,,231.173,"{'m1-1': 2.132, 'm2-1': 1.706, 'm3-1': 5.514, 'm4-1': 0.972}",0.0,inf,inf,inf,236.373,236.373
971,TT4,BESTEFFORT,CANCELLED,,231.265,"{'m1-1': 2.454, 'm2-1': 1.669, 'm3-1': 4.557, 'm4-1': 0.912}",0.0,inf,inf,inf,236.265,236.265
972,TT4,BESTEFFORT,COMPLETED,m4-1,231.605,"{'m1-1': 1.801, 'm2-1': 1.708, 'm3-1': 4.371, 'm4-1': 0.803}",1.2045000000000001,234.1350000000001,234.9380000000001,inf,236.605,236.605
973,TT2,BESTEFFORT,MISSED,m1-1,231.765,"{'m1-1': 2.388, 'm2-1': 2.008, 'm3-1': 3.848, 'm4-1': 0.951}",3.4543999999999415,234.70600000000002,inf,236.86499999999998,236.86499999999998,236.86499999999998
974,TT3,BESTEFFORT,CANCELLED,,231.857,"{'m1-1': 2.134, 'm2-1': 1.474, 'm3-1': 4.721, 'm4-1': 0.751}",0.0,inf,inf,inf,237.057,237.057
975,TT4,BESTEFFORT,CANCELLED,,231.995,"{'m1-1': 2.118, 'm2-1': 1.892, 'm3-1': 4.051, 'm4-1': 1.052}",0.0,inf,inf,inf,236.995,236.995
976,TT4,BESTEFFORT,COMPLETED,m4-1,232.388,"{'m1-1': 2.082, 'm2-1': 1.796, 'm3-1': 5.096, 'm4-1': 0.926}",1.389,234.9380000000001,235.8640000000001,inf,237.388,237.388
977,TT4,BESTEFFORT,COMPLETED,m2-1,232.58,"{'m1-1': 2.423, 'm2-1': 1.821, 'm3-1': 3.956, 'm4-1': 0.762}",5.463,235.443,237.264,inf,237.58,237.58
978,TT1,BESTEFFORT,CANCELLED,,232.712,"{'m1-1': 2.183, 'm2-1': 1.961, 'm3-1': 3.877, 'm4-1': 0.627}",0.0,inf,inf,inf,237.712,237.712
979,TT4,BESTEFFORT,COMPLETED,m4-1,233.037,"{'m1-1': 2.345, 'm2-1': 1.562, 'm3-1': 4.903, 'm4-1': 0.759}",1.1385,235.8640000000001,236.62300000000008,inf,238.037,238.037
980,TT2,BESTEFFORT,CANCELLED,,233.488,"{'m1-1': 2.195, 'm2-1': 2.03, 'm3-1': 4.038, 'm4-1': 0.718}",0.0,inf,inf,inf,238.588,238.588
981,TT2,BESTEFFORT,CANCELLED,,233.532,"{'m1-1': 2.529, 'm2-1': 1.961, 'm3-1': 4.444, 'm4-1': 0.951}",0.0,inf,inf,inf,238.632,238.632
982,TT2,BESTEFFORT,CANCELLED,,233.679,"{'m1-1': 2.311, 'm2-1': 1.57, 'm3-1': 4.641, 'm4-1': 0.862}",0.0,inf,inf,inf,238.779,238.779
983,TT4,BESTEFFORT,MISSED,m1-1,233.742,"{'m1-1': 2.277, 'm2-1': 1.474, 'm3-1': 4.092, 'm4-1': 1.043}",3.0032000000000156,236.86499999999998,inf,238.742,238.742,238.742
984,TT2,BESTEFFORT,COMPLETED,m4-1,234.269,"{'m1-1': 1.997, 'm2-1': 1.957, 'm3-1': 4.663, 'm4-1': 0.815}",1.2225,236.62300000000008,237.43800000000007,inf,239.369,239.369
985,TT1,BESTEFFORT,COMPLETED,m2-1,234.601,"{'m1-1': 1.929, 'm2-1': 1.672, 'm3-1': 4.368, 'm4-1': 0.752}",5.016,237.264,238.936,inf,239.601,239.601
986,TT1,BESTEFFORT,CANCELLED,,234.607,"{'m1-1': 2.162, 'm2-1': 1.882, 'm3-1': 4.775, 'm4-1': 0.817}",0.0,inf,inf,inf,239.607,239.607
987,TT4,BESTEFFORT,COMPLETED,m3-1,234.689,"{'m1-1': 1.899, 'm2-1': 1.542, 'm3-1': 3.834, 'm4-1': 0.903}",6.9012,235.73999999999998,239.57399999999998,inf,239.689,239.689
988,TT2,BESTEFFORT,COMPLETED,m4-1,235.371,"{'m1-1': 2.323, 'm2-1': 1.718, 'm3-1': 5.052, 'm4-1': 0.941}",1.4115,237.43800000000007,238.37900000000008,inf,240.471,240.471
989,TT2,BESTEFFORT,CANCELLED,,235.426,"{'m1-1': 2.498, 'm2-1': 1.591, 'm3-1': 4.075, 'm4-1': 0.72}",0.0,inf,inf,inf,240.52599999999998,240.52599999999998
990,TT3,BESTEFFORT,COMPLETED,m1-1,235.677,"{'m1-1': 2.023, 'm2-1': 1.299, 'm3-1': 4.395, 'm4-1': 0.918}",3.2368000000000006,238.742,240.765,inf,240.87699999999998,240.87699999999998
991,TT3,BESTEFFORT,COMPLETED,m2-1,235.861,"{'m1-1': 2.01, 'm2-1': 1.654, 'm3-1': 4.863, 'm4-1': 0.727}",4.962,238.936,240.59,inf,241.06099999999998,241.06099999999998
992,TT1,BESTEFFORT,COMPLETED,m4-1,236.124,"{'m1-1': 2.562, 'm2-1': 1.703, 'm3-1': 4.283, 'm4-1': 0.689}",1.0334999999999999,238.37900000000008,239.06800000000007,inf,241.124,241.124
993,TT2,BESTEFFORT,CANCELLED,,236.543,"{'m1-1': 1.886, 'm2-1': 1.846, 'm3-1': 3.756, 'm4-1': 0.961}",0.0,inf,inf,inf,241.643,241.643
994,TT4,BESTEFFORT,CANCELLED,,236.588,"{'m1-1': 2.099, 'm2-1': 1.666, 'm3-1': 4.435, 'm4-1': 0.94}",0.0,inf,inf,inf,241.588,241.588
995,TT3,BESTEFFORT,COMPLETED,m4-1,237.613,"{'m1-1': 1.809, 'm2-1': 1.506, 'm3-1': 5.515, 'm4-1': 0.964}",1.446,239.06800000000007,240.03200000000007,inf,242.813,242.813
996,TT3,BESTEFFORT,COMPLETED,m4-1,237.675,"{'m1-1': 2.003, 'm2-1': 1.749, 'm3-1': 5.349, 'm4-1': 0.833}",1.2494999999999998,240.03200000000007,240.86500000000007,inf,242.875,242.875
997,TT4,BESTEFFORT,MISSED,m1-1,237.76,"{'m1-1': 2.061, 'm2-1': 1.721, 'm3-1': 4.851, 'm4-1': 0.829}",3.1920000000000073,240.765,inf,242.76,242.76,242.76
998,TT2,BESTEFFORT,COMPLETED,m4-1,238.578,"{'m1-1': 1.898, 'm2-1': 1.801, 'm3-1': 5.048, 'm4-1': 0.825}",1.2374999999999998,240.86500000000007,241.69000000000005,inf,243.678,243.678
999,TT2,BESTEFFORT,COMPLETED,m2-1,238.709,"{'m1-1': 2.295, 'm2-1': 2.07, 'm3-1': 4.713, 'm4-1': 0.877}",6.209999999999999,240.59,242.66,inf,243.809,243.809
1000,TT1,BESTEFFORT,CANCELLED,,239.034,"{'m1-1': 1.886, 'm2-1': 1.518, 'm3-1': 5.049, 'm4-1': 0.635}",0.0,inf,inf,inf,244.034,244.034
1001,TT2,BESTEFFORT,CANCELLED,,239.042,"{'m1-1': 2.617, 'm2-1': 2.04, 'm3-1': 4.135, 'm4-1': 0.911}",0.0,inf,inf,inf,244.142,244.142
1002,TT4,BESTEFFORT,COMPLETED,m4-1,239.119,"{'m1-1': 2.353, 'm2-1': 1.348, 'm3-1': 4.786, 'm4-1': 0.775}",1.1625,241.69000000000005,242.46500000000006,inf,244.119,244.119
1003,TT2,BESTEFFORT,MISSED,m2-1,239.21,"{'m1-1': 2.202, 'm2-1': 1.955, 'm3-1': 3.82, 'm4-1': 0.836}",4.950000000000017,242.66,inf,244.31,244.31,244.31
1004,TT1,BESTEFFORT,COMPLETED,m3-1,239.412,"{'m1-1': 2.476, 'm2-1': 1.786, 'm3-1': 4.825, 'm4-1': 0.84}",8.685,239.57399999999998,244.39899999999997,inf,244.412,244.412
1005,TT1,BESTEFFORT,CANCELLED,,239.586,"{'m1-1': 2.395, 'm2-1': 1.453, 'm3-1': 4.357, 'm4-1': 0.709}",0.0,inf,inf,inf,244.586,244.586
1006,TT2,BESTEFFORT,CANCELLED,,239.999,"{'m1-1': 1.889, 'm2-1': 1.599, 'm3-1': 5.073, 'm4-1': 0.803}",0.0,inf,inf,inf,245.099,245.099
1007,TT1,BESTEFFORT,COMPLETED,m4-1,240.783,"{'m1-1': 2.31, 'm2-1': 1.714, 'm3-1': 3.87, 'm4-1': 0.773}",1.1595,242.46500000000006,243.23800000000006,inf,245.783,245.783
1008,TT4,BESTEFFORT,COMPLETED,m4-1,240.936,"{'m1-1': 1.95, 'm2-1': 1.885, 'm3-1': 4.997, 'm4-1': 0.768}",1.1520000000000001,243.23800000000006,244.00600000000006,inf,245.936,245.936
1009,TT2,BESTEFFORT,COMPLETED,m1-1,241.369,"{'m1-1': 2.188, 'm2-1': 1.614, 'm3-1': 4.821, 'm4-1': 0.941}",3.5008000000000004,242.76,244.94799999999998,inf,246.469,246.469
1010,TT3,BESTEFFORT,COMPLETED,m4-1,241.869,"{'m1-1': 1.951, 'm2-1': 1.345, 'm3-1': 5.222, 'm4-1': 0.831}",1.2465,244.00600000000006,244.83700000000005,inf,247.069,247.069
1011,TT1,BESTEFFORT,MISSED,m1-1,241.94,"{'m1-1': 2.078, 'm2-1': 1.675, 'm3-1': 4.491, 'm4-1': 0.659}",3.18720000000003,244.94799999999998,inf,246.94,246.94,246.94
1012,TT3,BESTEFFORT,COMPLETED,m2-1,242.369,"{'m1-1': 2.38, 'm2-1': 1.725, 'm3-1': 4.614, 'm4-1': 0.995}",5.175000000000001,244.31,246.035,inf,247.569,247.569
1013,TT1,BESTEFFORT,COMPLETED,m4-1,242.456,"{'m1-1': 1.995, 'm2-1': 1.714, 'm3-1': 4.322, 'm4-1': 0.82}",1.23,244.83700000000005,245.65700000000004,inf,247.456,247.456
1014,TT4,BESTEFFORT,CANCELLED,,242.524,"{'m1-1': 2.328, 'm2-1': 1.349, 'm3-1': 5.102, 'm4-1': 0.887}",0.0,inf,inf,inf,247.524,247.524
1015,TT1,BESTEFFORT,COMPLETED,m4-1,243.283,"{'m1-1': 2.318, 'm2-1': 1.631, 'm3-1': 4.297, 'm4-1': 0.801}",1.2015,245.65700000000004,246.45800000000003,inf,248.283,248.283
1016,TT1,BESTEFFORT,COMPLETED,m4-1,244.078,"{'m1-1': 2.076, 'm2-1': 1.929, 'm3-1': 3.653, 'm4-1': 0.837}",1.2555,246.45800000000003,247.29500000000002,inf,249.078,249.078
1017,TT2,BESTEFFORT,COMPLETED,m2-1,244.146,"{'m1-1': 2.23, 'm2-1': 1.894, 'm3-1': 3.692, 'm4-1': 0.778}",5.6819999999999995,246.035,247.929,inf,249.24599999999998,249.24599999999998
1018,TT3,BESTEFFORT,COMPLETED,m1-1,244.395,"{'m1-1': 1.718, 'm2-1': 1.679, 'm3-1': 5.34, 'm4-1': 0.757}",2.7488,246.94,248.658,inf,249.595,249.595
1019,TT1,BESTEFFORT,COMPLETED,m2-1,244.676,"{'m1-1': 2.205, 'm2-1': 1.42, 'm3-1': 4.556, 'm4-1': 0.829}",4.26,247.929,249.349,inf,249.676,249.676
1020,TT4,BESTEFFORT,COMPLETED,m4-1,245.078,"{'m1-1': 2.078, 'm2-1': 1.791, 'm3-1': 3.633, 'm4-1': 0.761}",1.1415,247.29500000000002,248.056,inf,250.078,250.078
1021,TT2,BESTEFFORT,COMPLETED,m3-1,245.376,"{'m1-1': 2.566, 'm2-1': 1.884, 'm3-1': 4.195, 'm4-1': 0.969}",7.551000000000001,245.376,249.571,inf,250.476,250.476
1022,TT2,BESTEFFORT,COMPLETED,m4-1,245.732,"{'m1-1': 1.902, 'm2-1': 1.64, 'm3-1': 5.084, 'm4-1': 0.734}",1.101,248.056,248.79000000000002,inf,250.832,250.832
1023,TT2,BESTEFFORT,COMPLETED,m1-1,246.333,"{'m1-1': 2.631, 'm2-1': 1.544, 'm3-1': 3.743, 'm4-1': 0.744}",4.2096,248.658,251.289,inf,251.433,251.433
1024,TT4,BESTEFFORT,CANCELLED,,246.376,"{'m1-1': 2.333, 'm2-1': 1.476, 'm3-1': 5.016, 'm4-1': 0.828}",0.0,inf,inf,inf,251.376,251.376
1025,TT2,BESTEFFORT,COMPLETED,m2-1,246.419,"{'m1-1': 2.295, 'm2-1': 1.839, 'm3-1': 4.312, 'm4-1': 0.936}",5.5169999999999995,249.349,251.188,inf,251.519,251.519
1026,TT1,BESTEFFORT,COMPLETED,m4-1,247.436,"{'m1-1': 2.34, 'm2-1': 1.559, 'm3-1': 4.104, 'm4-1': 0.616}",0.9239999999999999,248.79000000000002,249.40600000000003,inf,252.436,252.436
1027,TT1,BESTEFFORT,COMPLETED,m4-1,247.989,"{'m1-1': 2.078, 'm2-1': 1.542, 'm3-1': 4.277, 'm4-1': 0.765}",1.1475,249.40600000000003,250.17100000000002,inf,252.989,252.989
1028,TT3,BESTEFFORT,COMPLETED,m4-1,248.095,"{'m1-1': 1.876, 'm2-1': 1.361, 'm3-1': 5.528, 'm4-1': 1.013}",1.5194999999999999,250.17100000000002,251.18400000000003,inf,253.295,253.295
1029,TT1,BESTEFFORT,MISSED,m1-1,248.466,"{'m1-1': 2.277, 'm2-1': 1.685, 'm3-1': 4.029, 'm4-1': 0.634}",3.483200000000034,251.289,inf,253.466,253.466,253.466
1030,TT4,BESTEFFORT,COMPLETED,m2-1,248.576,"{'m1-1': 2.353, 'm2-1': 1.57, 'm3-1': 3.96, 'm4-1': 1.028}",4.71,251.188,252.75799999999998,inf,253.576,253.576
1031,TT2,BESTEFFORT,COMPLETED,m4-1,248.858,"{'m1-1': 2.176, 'm2-1': 1.839, 'm3-1': 3.972, 'm4-1': 0.958}",1.4369999999999998,251.18400000000003,252.14200000000002,inf,253.958,253.958
1032,TT4,BESTEFFORT,CANCELLED,,249.344,"{'m1-1': 2.349, 'm2-1': 1.786, 'm3-1': 3.817, 'm4-1': 0.937}",0.0,inf,inf,inf,254.344,254.344
1033,TT2,BESTEFFORT,COMPLETED,m4-1,250.396,"{'m1-1': 2.523, 'm2-1': 1.747, 'm3-1': 4.397, 'm4-1': 0.791}",1.1865,252.14200000000002,252.93300000000002,inf,255.49599999999998,255.49599999999998
1034,TT3,BESTEFFORT,COMPLETED,m4-1,251.001,"{'m1-1': 1.875, 'm2-1': 1.326, 'm3-1': 5.891, 'm4-1': 0.967}",1.4505,252.93300000000002,253.90000000000003,inf,256.201,256.201
1035,TT4,BESTEFFORT,COMPLETED,m4-1,251.201,"{'m1-1': 2.007, 'm2-1': 1.562, 'm3-1': 5.062, 'm4-1': 0.879}",1.3185,253.90000000000003,254.77900000000002,inf,256.201,256.201
1036,TT4,BESTEFFORT,COMPLETED,m1-1,251.372,"{'m1-1': 2.433, 'm2-1': 1.369, 'm3-1': 4.015, 'm4-1': 1.046}",3.8928,253.466,255.899,inf,256.372,256.372
1037,TT1,BESTEFFORT,COMPLETED,m2-1,251.39,"{'m1-1': 2.239, 'm2-1': 1.891, 'm3-1': 3.733, 'm4-1': 0.7}",5.673,252.75799999999998,254.64899999999997,inf,256.39,256.39
1038,TT3,BESTEFFORT,COMPLETED,m2-1,251.716,"{'m1-1': 1.784, 'm2-1': 1.605, 'm3-1': 5.615, 'm4-1': 0.802}",4.8149999999999995,254.64899999999997,256.25399999999996,inf,256.916,256.916
1039,TT1,BESTEFFORT,COMPLETED,m3-1,251.991,"{'m1-1': 2.227, 'm2-1': 1.766, 'm3-1': 3.664, 'm4-1': 0.854}",6.5952,251.991,255.655,inf,256.991,256.991
1040,TT1,BESTEFFORT,COMPLETED,m4-1,252.314,"{'m1-1': 2.22, 'm2-1': 1.767, 'm3-1': 4.726, 'm4-1': 0.651}",0.9765,254.77900000000002,255.43000000000004,inf,257.31399999999996,257.31399999999996
1041,TT4,BESTEFFORT,CANCELLED,,252.367,"{'m1-1': 1.982, 'm2-1': 1.591, 'm3-1': 3.791, 'm4-1': 0.977}",0.0,inf,inf,inf,257.36699999999996,257.36699999999996
1042,TT3,BESTEFFORT,MISSED,m1-1,252.839,"{'m1-1': 2.31, 'm2-1': 1.711, 'm3-1': 4.886, 'm4-1': 0.994}",3.423999999999978,255.899,inf,258.039,258.039,258.039
1043,TT2,BESTEFFORT,COMPLETED,m4-1,253.294,"{'m1-1': 2.213, 'm2-1': 1.621, 'm3-1': 3.984, 'm4-1': 0.741}",1.1115,255.43000000000004,256.17100000000005,inf,258.394,258.394
1044,TT4,BESTEFFORT,COMPLETED,m2-1,253.516,"{'m1-1': 1.939, 'm2-1': 1.617, 'm3-1': 3.726, 'm4-1': 0.824}",4.851,256.25399999999996,257.871,inf,258.51599999999996,258.51599999999996
1045,TT4,BESTEFFORT,CANCELLED,,253.691,"{'m1-1': 2.262, 'm2-1': 1.572, 'm3-1': 4.615, 'm4-1': 1.029}",0.0,inf,inf,inf,258.69100000000003,258.69100000000003
1046,TT1,BESTEFFORT,CANCELLED,,253.766,"{'m1-1': 2.447, 'm2-1': 1.801, 'm3-1': 4.553, 'm4-1': 0.689}",0.0,inf,inf,inf,258.76599999999996,258.76599999999996
1047,TT3,BESTEFFORT,COMPLETED,m4-1,254.311,"{'m1-1': 2.294, 'm2-1': 1.348, 'm3-1': 4.677, 'm4-1': 0.856}",1.284,256.17100000000005,257.02700000000004,inf,259.511,259.511
1048,TT2,BESTEFFORT,MISSED,m1-1,254.424,"{'m1-1': 1.886, 'm2-1': 1.736, 'm3-1': 4.388, 'm4-1': 0.799}",2.376000000000022,258.039,inf,259.524,259.524,259.524
1049,TT3,BESTEFFORT,COMPLETED,m2-1,254.671,"{'m1-1': 1.883, 'm2-1': 1.694, 'm3-1': 5.031, 'm4-1': 0.88}",5.082,257.871,259.565,inf,259.871,259.871
1050,TT4,BESTEFFORT,COMPLETED,m4-1,254.873,"{'m1-1': 2.146, 'm2-1': 1.847, 'm3-1': 4.897, 'm4-1': 0.994}",1.491,257.02700000000004,258.0210000000001,inf,259.873,259.873
1051,TT1,BESTEFFORT,CANCELLED,,254.927,"{'m1-1': 2.192, 'm2-1': 1.685, 'm3-1': 4.674, 'm4-1': 0.772}",0.0,inf,inf,inf,259.927,259.927
1052,TT2,BESTEFFORT,CANCELLED,,255.044,"{'m1-1': 2.316, 'm2-1': 1.591, 'm3-1': 3.714, 'm4-1': 1.017}",0.0,inf,inf,inf,260.144,260.144
1053,TT4,BESTEFFORT,MISSED,m3-1,255.122,"{'m1-1': 1.83, 'm2-1': 1.889, 'm3-1': 4.743, 'm4-1': 0.917}",8.040600000000024,255.655,inf,260.122,260.122,260.122
1054,TT3,BESTEFFORT,COMPLETED,m4-1,255.122,"{'m1-1': 2.397, 'm2-1': 1.749, 'm3-1': 4.882, 'm4-1': 0.856}",1.284,258.0210000000001,258.87700000000007,inf,260.322,260.322
1055,TT2,BESTEFFORT,CANCELLED,,255.898,"{'m1-1': 2.076, 'm2-1': 1.861, 'm3-1': 4.274, 'm4-1': 0.766}",0.0,inf,inf,inf,260.998,260.998
1056,TT4,BESTEFFORT,MISSED,m2-1,255.963,"{'m1-1': 2.335, 'm2-1': 1.782, 'm3-1': 4.162, 'm4-1': 0.973}",4.193999999999903,259.565,inf,260.96299999999997,260.96299999999997,260.96299999999997
1057,TT3,BESTEFFORT,COMPLETED,m4-1,256.316,"{'m1-1': 2.118, 'm2-1': 1.682, 'm3-1': 4.72, 'm4-1': 0.91}",1.365,258.87700000000007,259.7870000000001,inf,261.51599999999996,261.51599999999996
1058,TT1,BESTEFFORT,CANCELLED,,256.361,"{'m1-1': 2.48, 'm2-1': 1.593, 'm3-1': 4.852, 'm4-1': 0.846}",0.0,inf,inf,inf,261.361,261.361
1059,TT3,BESTEFFORT,CANCELLED,,256.469,"{'m1-1': 1.882, 'm2-1': 1.472, 'm3-1': 4.452, 'm4-1': 0.838}",0.0,inf,inf,inf,261.669,261.669
1060,TT1,BESTEFFORT,MISSED,m1-1,256.675,"{'m1-1': 2.362, 'm2-1': 1.589, 'm3-1': 4.613, 'm4-1': 0.787}",3.441600000000017,259.524,inf,261.675,261.675,261.675
1061,TT1,BESTEFFORT,COMPLETED,m4-1,257.065,"{'m1-1': 2.388, 'm2-1': 1.905, 'm3-1': 4.775, 'm4-1': 0.822}",1.2329999999999999,259.7870000000001,260.6090000000001,inf,262.065,262.065
1062,TT4,BESTEFFORT,CANCELLED,,257.068,"{'m1-1': 2.152, 'm2-1': 1.757, 'm3-1': 3.705, 'm4-1': 0.762}",0.0,inf,inf,inf,262.068,262.068
1063,TT1,BESTEFFORT,CANCELLED,,257.261,"{'m1-1': 2.359, 'm2-1': 1.86, 'm3-1': 4.052, 'm4-1': 0.707}",0.0,inf,inf,inf,262.261,262.261
1064,TT4,BESTEFFORT,CANCELLED,,257.392,"{'m1-1': 2.165, 'm2-1': 1.615, 'm3-1': 4.969, 'm4-1': 0.955}",0.0,inf,inf,inf,262.392,262.392
1065,TT1,BESTEFFORT,CANCELLED,,257.668,"{'m1-1': 2.086, 'm2-1': 1.434, 'm3-1': 4.917, 'm4-1': 0.835}",0.0,inf,inf,inf,262.668,262.668
1066,TT4,BESTEFFORT,CANCELLED,,257.699,"{'m1-1': 2.428, 'm2-1': 1.886, 'm3-1': 5.057, 'm4-1': 1.015}",0.0,inf,inf,inf,262.699,262.699
1067,TT3,BESTEFFORT,COMPLETED,m4-1,258.576,"{'m1-1': 2.201, 'm2-1': 1.528, 'm3-1': 4.462, 'm4-1': 0.924}",1.3860000000000001,260.6090000000001,261.5330000000001,inf,263.776,263.776
1068,TT2,BESTEFFORT,COMPLETED,m2-1,258.823,"{'m1-1': 1.866, 'm2-1': 1.804, 'm3-1': 4.24, 'm4-1': 0.935}",5.412,260.96299999999997,262.76699999999994,inf,263.923,263.923
1069,TT3,BESTEFFORT,COMPLETED,m4-1,258.885,"{'m1-1': 2.406, 'm2-1': 1.772, 'm3-1': 4.901, 'm4-1': 0.774}",1.161,261.5330000000001,262.3070000000001,inf,264.085,264.085
1070,TT2,BESTEFFORT,MISSED,m1-1,258.939,"{'m1-1': 2.443, 'm2-1': 2.007, 'm3-1': 4.665, 'm4-1': 0.913}",3.7824000000000524,261.675,inf,264.03900000000004,264.03900000000004,264.03900000000004
1071,TT3,BESTEFFORT,CANCELLED,,259.093,"{'m1-1': 1.717, 'm2-1': 1.589, 'm3-1': 5.564, 'm4-1': 0.996}",0.0,inf,inf,inf,264.293,264.293
1072,TT2,BESTEFFORT,COMPLETED,m2-1,259.752,"{'m1-1': 2.562, 'm2-1': 1.916, 'm3-1': 3.824, 'm4-1': 0.992}",5.747999999999999,262.76699999999994,264.68299999999994,inf,264.85200000000003,264.85200000000003
1073,TT4,BESTEFFORT,COMPLETED,m4-1,260.021,"{'m1-1': 1.954, 'm2-1': 1.531, 'm3-1': 5.071, 'm4-1': 0.835}",1.2525,262.3070000000001,263.14200000000005,inf,265.021,265.021
1074,TT4,BESTEFFORT,COMPLETED,m3-1,260.119,"{'m1-1': 2.296, 'm2-1': 1.512, 'm3-1': 4.965, 'm4-1': 1.051}",8.937,260.122,265.087,inf,265.119,265.119
1075,TT1,BESTEFFORT,COMPLETED,m4-1,260.904,"{'m1-1': 1.885, 'm2-1': 1.531, 'm3-1': 5.11, 'm4-1': 0.623}",0.9345,263.14200000000005,263.76500000000004,inf,265.904,265.904
1076,TT4,BESTEFFORT,MISSED,m2-1,261.135,"{'m1-1': 1.989, 'm2-1': 1.678, 'm3-1': 4.409, 'm4-1': 0.954}",4.356000000000165,264.68299999999994,inf,266.135,266.135,266.135
1077,TT1,BESTEFFORT,COMPLETED,m4-1,261.191,"{'m1-1': 2.2, 'm2-1': 1.548, 'm3-1': 5.102, 'm4-1': 0.661}",0.9915,263.76500000000004,264.42600000000004,inf,266.191,266.191
1078,TT3,BESTEFFORT,COMPLETED,m1-1,262.26,"{'m1-1': 1.721, 'm2-1': 1.6, 'm3-1': 5.751, 'm4-1': 0.75}",2.7536000000000005,264.03900000000004,265.76000000000005,inf,267.46,267.46
1079,TT1,BESTEFFORT,COMPLETED,m4-1,262.935,"{'m1-1': 2.056, 'm2-1': 1.851, 'm3-1': 4.978, 'm4-1': 0.755}",1.1325,264.42600000000004,265.18100000000004,inf,267.935,267.935
1080,TT4,BESTEFFORT,COMPLETED,m2-1,263.078,"{'m1-1': 1.829, 'm2-1': 1.564, 'm3-1': 3.704, 'm4-1': 1.04}",4.692,266.135,267.699,inf,268.078,268.078
1081,TT3,BESTEFFORT,COMPLETED,m4-1,263.148,"{'m1-1': 2.017, 'm2-1': 1.428, 'm3-1': 5.392, 'm4-1': 0.785}",1.1775,265.18100000000004,265.96600000000007,inf,268.348,268.348
1082,TT3,BESTEFFORT,COMPLETED,m1-1,263.288,"{'m1-1': 1.961, 'm2-1': 1.481, 'm3-1': 5.905, 'm4-1': 0.889}",3.1376000000000004,265.76000000000005,267.72100000000006,inf,268.488,268.488
1083,TT2,BESTEFFORT,MISSED,m3-1,263.292,"{'m1-1': 2.565, 'm2-1': 1.808, 'm3-1': 3.772, 'm4-1': 0.73}",5.949000000000012,265.087,inf,268.392,268.392,268.392
1084,TT1,BESTEFFORT,COMPLETED,m4-1,263.737,"{'m1-1': 2.032, 'm2-1': 1.934, 'm3-1': 3.882, 'm4-1': 0.678}",1.0170000000000001,265.96600000000007,266.64400000000006,inf,268.737,268.737
1085,TT2,BESTEFFORT,CANCELLED,,263.812,"{'m1-1': 2.041, 'm2-1': 2.098, 'm3-1': 4.433, 'm4-1': 0.869}",0.0,inf,inf,inf,268.91200000000003,268.91200000000003
1086,TT3,BESTEFFORT,CANCELLED,,263.829,"{'m1-1': 2.011, 'm2-1': 1.561, 'm3-1': 5.826, 'm4-1': 0.871}",0.0,inf,inf,inf,269.029,269.029
1087,TT3,BESTEFFORT,CANCELLED,,263.922,"{'m1-1': 1.844, 'm2-1': 1.784, 'm3-1': 5.194, 'm4-1': 0.728}",0.0,inf,inf,inf,269.122,269.122
1088,TT4,BESTEFFORT,CANCELLED,,264.054,"{'m1-1': 2.08, 'm2-1': 1.794, 'm3-1': 3.75, 'm4-1': 0.86}",0.0,inf,inf,inf,269.054,269.054
1089,TT1,BESTEFFORT,MISSED,m2-1,264.389,"{'m1-1': 2.45, 'm2-1': 1.743, 'm3-1': 3.931, 'm4-1': 0.765}",5.069999999999993,267.699,inf,269.389,269.389,269.389
1090,TT4,BESTEFFORT,COMPLETED,m4-1,264.463,"{'m1-1': 2.078, 'm2-1': 1.822, 'm3-1': 4.403, 'm4-1': 1.063}",1.5945,266.64400000000006,267.70700000000005,inf,269.463,269.463
1091,TT3,BESTEFFORT,CANCELLED,,264.935,"{'m1-1': 2.088, 'm2-1': 1.697, 'm3-1': 4.734, 'm4-1': 0.875}",0.0,inf,inf,inf,270.135,270.135
1092,TT4,BESTEFFORT,COMPLETED,m1-1,265.132,"{'m1-1': 1.866, 'm2-1': 1.419, 'm3-1': 3.919, 'm4-1': 0.812}",2.9856000000000003,267.72100000000006,269.58700000000005,inf,270.132,270.132
1093,TT4,BESTEFFORT,COMPLETED,m4-1,265.69,"{'m1-1': 1.748, 'm2-1': 1.759, 'm3-1': 4.485, 'm4-1': 0.794}",1.191,267.70700000000005,268.50100000000003,inf,270.69,270.69
1094,TT2,BESTEFFORT,CANCELLED,,265.773,"{'m1-1': 2.558, 'm2-1': 1.555, 'm3-1': 4.664, 'm4-1': 0.728}",0.0,inf,inf,inf,270.87300000000005,270.87300000000005
1095,TT3,BESTEFFORT,COMPLETED,m2-1,265.949,"{'m1-1': 2.111, 'm2-1': 1.64, 'm3-1': 4.595, 'm4-1': 0.898}",4.92,269.389,271.029,inf,271.149,271.149
1096,TT4,BESTEFFORT,COMPLETED,m4-1,266.065,"{'m1-1': 2.03, 'm2-1': 1.522, 'm3-1': 3.774, 'm4-1': 0.861}",1.2915,268.50100000000003,269.362,inf,271.065,271.065
1097,TT3,BESTEFFORT,COMPLETED,m4-1,266.877,"{'m1-1': 1.937, 'm2-1': 1.507, 'm3-1': 5.81, 'm4-1': 0.833}",1.2494999999999998,269.362,270.19500000000005,inf,272.077,272.077
1098,TT3,BESTEFFORT,COMPLETED,m1-1,266.884,"{'m1-1': 2.088, 'm2-1': 1.611, 'm3-1': 4.467, 'm4-1': 0.731}",3.3408,269.58700000000005,271.67500000000007,inf,272.084,272.084
1099,TT1,BESTEFFORT,MISSED,m2-1,267.427,"{'m1-1': 2.251, 'm2-1': 1.735, 'm3-1': 3.783, 'm4-1': 0.687}",4.194000000000074,271.029,inf,272.427,272.427,272.427
1100,TT2,BESTEFFORT,MISSED,m3-1,267.532,"{'m1-1': 1.904, 'm2-1': 2.089, 'm3-1': 5.083, 'm4-1': 0.881}",7.6320000000000165,268.392,inf,272.632,272.632,272.632
1101,TT2,BESTEFFORT,CANCELLED,,267.594,"{'m1-1': 1.969, 'm2-1': 1.748, 'm3-1': 4.109, 'm4-1': 0.945}",0.0,inf,inf,inf,272.694,272.694
1102,TT4,BESTEFFORT,COMPLETED,m4-1,268.464,"{'m1-1': 1.882, 'm2-1': 1.771, 'm3-1': 3.995, 'm4-1': 1.066}",1.5990000000000002,270.19500000000005,271.261,inf,273.464,273.464
1103,TT3,BESTEFFORT,COMPLETED,m4-1,268.657,"{'m1-1': 1.82, 'm2-1': 1.352, 'm3-1': 5.976, 'm4-1': 0.807}",1.2105000000000001,271.261,272.06800000000004,inf,273.85699999999997,273.85699999999997
1104,TT3,BESTEFFORT,COMPLETED,m1-1,269.163,"{'m1-1': 2.236, 'm2-1': 1.399, 'm3-1': 5.209, 'm4-1': 0.839}",3.5776000000000003,271.67500000000007,273.91100000000006,inf,274.363,274.363
1105,TT3,BESTEFFORT,COMPLETED,m4-1,269.529,"{'m1-1': 2.194, 'm2-1': 1.721, 'm3-1': 4.7, 'm4-1': 0.908}",1.362,272.06800000000004,272.97600000000006,inf,274.729,274.729
1106,TT3,BESTEFFORT,COMPLETED,m4-1,270.48,"{'m1-1': 1.985, 'm2-1': 1.304, 'm3-1': 4.243, 'm4-1': 0.877}",1.3155000000000001,272.97600000000006,273.85300000000007,inf,275.68,275.68
1107,TT2,BESTEFFORT,COMPLETED,m2-1,270.52,"{'m1-1': 2.574, 'm2-1': 2.032, 'm3-1': 4.331, 'm4-1': 0.732}",6.096,272.427,274.459,inf,275.62,275.62
1108,TT3,BESTEFFORT,MISSED,m2-1,270.808,"{'m1-1': 2.165, 'm2-1': 1.665, 'm3-1': 5.615, 'm4-1': 0.855}",4.6469999999999345,274.459,inf,276.008,276.008,276.008
1109,TT1,BESTEFFORT,CANCELLED,,270.857,"{'m1-1': 2.595, 'm2-1': 1.604, 'm3-1': 3.696, 'm4-1': 0.799}",0.0,inf,inf,inf,275.857,275.857
1110,TT4,BESTEFFORT,COMPLETED,m1-1,271.022,"{'m1-1': 1.919, 'm2-1': 1.747, 'm3-1': 4.934, 'm4-1': 0.76}",3.0704000000000002,273.91100000000006,275.83000000000004,inf,276.022,276.022
1111,TT2,BESTEFFORT,COMPLETED,m4-1,271.796,"{'m1-1': 1.898, 'm2-1': 1.932, 'm3-1': 4.592, 'm4-1': 0.913}",1.3695,273.85300000000007,274.7660000000001,inf,276.896,276.896
1112,TT3,BESTEFFORT,MISSED,m2-1,271.901,"{'m1-1': 2.412, 'm2-1': 1.689, 'm3-1': 5.799, 'm4-1': 0.782}",3.279000000000053,276.008,inf,277.101,277.101,277.101
1113,TT2,BESTEFFORT,COMPLETED,m3-1,271.902,"{'m1-1': 1.969, 'm2-1': 1.843, 'm3-1': 3.671, 'm4-1': 0.913}",6.6078,272.632,276.303,inf,277.002,277.002
1114,TT1,BESTEFFORT,CANCELLED,,271.948,"{'m1-1': 1.968, 'm2-1': 1.613, 'm3-1': 4.614, 'm4-1': 0.84}",0.0,inf,inf,inf,276.948,276.948
1115,TT3,BESTEFFORT,CANCELLED,,272.047,"{'m1-1': 2.414, 'm2-1': 1.721, 'm3-1': 5.495, 'm4-1': 0.972}",0.0,inf,inf,inf,277.247,277.247
1116,TT2,BESTEFFORT,COMPLETED,m4-1,272.125,"{'m1-1': 2.092, 'm2-1': 1.53, 'm3-1': 3.751, 'm4-1': 0.822}",1.2329999999999999,274.7660000000001,275.5880000000001,inf,277.225,277.225
1117,TT3,BESTEFFORT,MISSED,m1-1,272.6,"{'m1-1': 2.42, 'm2-1': 1.548, 'm3-1': 5.115, 'm4-1': 0.807}",3.151999999999953,275.83000000000004,inf,277.8,277.8,277.8
1118,TT1,BESTEFFORT,CANCELLED,,272.675,"{'m1-1': 2.431, 'm2-1': 1.461, 'm3-1': 4.446, 'm4-1': 0.735}",0.0,inf,inf,inf,277.675,277.675
1119,TT3,BESTEFFORT,CANCELLED,,272.819,"{'m1-1': 2.122, 'm2-1': 1.403, 'm3-1': 5.622, 'm4-1': 1.001}",0.0,inf,inf,inf,278.019,278.019
1120,TT2,BESTEFFORT,COMPLETED,m4-1,272.891,"{'m1-1': 2.542, 'm2-1': 1.608, 'm3-1': 4.533, 'm4-1': 0.837}",1.2555,275.5880000000001,276.42500000000007,inf,277.99100000000004,277.99100000000004
1121,TT4,BESTEFFORT,CANCELLED,,273.133,"{'m1-1': 1.779, 'm2-1': 1.684, 'm3-1': 4.59, 'm4-1': 0.847}",0.0,inf,inf,inf,278.133,278.133
1122,TT3,BESTEFFORT,MISSED,m2-1,273.202,"{'m1-1': 2.306, 'm2-1': 1.777, 'm3-1': 4.685, 'm4-1': 0.922}",3.902999999999963,277.101,inf,278.402,278.402,278.402
1123,TT1,BESTEFFORT,COMPLETED,m4-1,273.27,"{'m1-1': 2.192, 'm2-1': 1.847, 'm3-1': 4.072, 'm4-1': 0.694}",1.041,276.42500000000007,277.1190000000001,inf,278.27,278.27
1124,TT2,BESTEFFORT,CANCELLED,,273.856,"{'m1-1': 2.074, 'm2-1': 1.776, 'm3-1': 3.96, 'm4-1': 0.909}",0.0,inf,inf,inf,278.956,278.956
1125,TT3,BESTEFFORT,CANCELLED,,274.041,"{'m1-1': 2.16, 'm2-1': 1.727, 'm3-1': 4.785, 'm4-1': 0.945}",0.0,inf,inf,inf,279.241,279.241
1126,TT4,BESTEFFORT,CANCELLED,,274.238,"{'m1-1': 2.295, 'm2-1': 1.843, 'm3-1': 4.188, 'm4-1': 0.783}",0.0,inf,inf,inf,279.238,279.238
1127,TT3,BESTEFFORT,CANCELLED,,274.263,"{'m1-1': 1.83, 'm2-1': 1.55, 'm3-1': 5.85, 'm4-1': 0.761}",0.0,inf,inf,inf,279.46299999999997,279.46299999999997
1128,TT4,BESTEFFORT,CANCELLED,,274.299,"{'m1-1': 2.075, 'm2-1': 1.897, 'm3-1': 4.062, 'm4-1': 0.773}",0.0,inf,inf,inf,279.299,279.299
1129,TT4,BESTEFFORT,COMPLETED,m4-1,274.925,"{'m1-1': 1.745, 'm2-1': 1.524, 'm3-1': 4.325, 'm4-1': 0.965}",1.4475,277.1190000000001,278.08400000000006,inf,279.925,279.925
1130,TT2,BESTEFFORT,MISSED,m1-1,275.157,"{'m1-1': 2.628, 'm2-1': 2.027, 'm3-1': 4.679, 'm4-1': 0.755}",3.93119999999999,277.8,inf,280.257,280.257,280.257
1131,TT2,BESTEFFORT,MISSED,m2-1,275.159,"{'m1-1': 2.394, 'm2-1': 2.074, 'm3-1': 4.95, 'm4-1': 0.882}",5.571000000000083,278.402,inf,280.259,280.259,280.259
1132,TT3,BESTEFFORT,CANCELLED,,275.246,"{'m1-1': 2.118, 'm2-1': 1.621, 'm3-1': 5.907, 'm4-1': 0.977}",0.0,inf,inf,inf,280.44599999999997,280.44599999999997
1133,TT3,BESTEFFORT,CANCELLED,,275.321,"{'m1-1': 1.912, 'm2-1': 1.388, 'm3-1': 5.953, 'm4-1': 0.724}",0.0,inf,inf,inf,280.521,280.521
1134,TT2,BESTEFFORT,COMPLETED,m4-1,275.571,"{'m1-1': 2.298, 'm2-1': 1.77, 'm3-1': 3.725, 'm4-1': 1.016}",1.524,278.08400000000006,279.1000000000001,inf,280.67100000000005,280.67100000000005
1135,TT2,BESTEFFORT,COMPLETED,m3-1,276.291,"{'m1-1': 2.479, 'm2-1': 1.657, 'm3-1': 3.734, 'm4-1': 0.746}",6.7212000000000005,276.303,280.037,inf,281.391,281.391
1136,TT3,BESTEFFORT,COMPLETED,m4-1,276.871,"{'m1-1': 2.268, 'm2-1': 1.671, 'm3-1': 4.869, 'm4-1': 0.783}",1.1745,279.1000000000001,279.8830000000001,inf,282.07099999999997,282.07099999999997
1137,TT3,BESTEFFORT,COMPLETED,m1-1,276.999,"{'m1-1': 1.757, 'm2-1': 1.665, 'm3-1': 5.414, 'm4-1': 0.797}",2.8112,280.257,282.014,inf,282.199,282.199
1138,TT3,BESTEFFORT,COMPLETED,m4-1,277.153,"{'m1-1': 2.067, 'm2-1': 1.504, 'm3-1': 5.264, 'm4-1': 0.729}",1.0935,279.8830000000001,280.6120000000001,inf,282.353,282.353
1139,TT4,BESTEFFORT,COMPLETED,m2-1,277.508,"{'m1-1': 2.41, 'm2-1': 1.574, 'm3-1': 4.372, 'm4-1': 0.972}",4.722,280.259,281.833,inf,282.508,282.508
1140,TT1,BESTEFFORT,COMPLETED,m4-1,278.081,"{'m1-1': 1.902, 'm2-1': 1.675, 'm3-1': 4.548, 'm4-1': 0.688}",1.032,280.6120000000001,281.30000000000007,inf,283.081,283.081
1141,TT1,BESTEFFORT,CANCELLED,,278.191,"{'m1-1': 1.864, 'm2-1': 1.605, 'm3-1': 3.854, 'm4-1': 0.634}",0.0,inf,inf,inf,283.191,283.191
1142,TT3,BESTEFFORT,COMPLETED,m2-1,278.399,"{'m1-1': 2.413, 'm2-1': 1.502, 'm3-1': 5.379, 'm4-1': 0.814}",4.506,281.833,283.33500000000004,inf,283.599,283.599
1143,TT2,BESTEFFORT,COMPLETED,m4-1,278.71,"{'m1-1': 2.508, 'm2-1': 1.583, 'm3-1': 4.292, 'm4-1': 0.912}",1.368,281.30000000000007,282.21200000000005,inf,283.81,283.81
1144,TT4,BESTEFFORT,CANCELLED,,279.14,"{'m1-1': 2.118, 'm2-1': 1.826, 'm3-1': 4.935, 'm4-1': 0.977}",0.0,inf,inf,inf,284.14,284.14
1145,TT3,BESTEFFORT,COMPLETED,m1-1,279.147,"{'m1-1': 2.132, 'm2-1': 1.559, 'm3-1': 5.658, 'm4-1': 0.767}",3.4112000000000005,282.014,284.146,inf,284.347,284.347
1146,TT2,BESTEFFORT,CANCELLED,,279.308,"{'m1-1': 2.23, 'm2-1': 1.546, 'm3-1': 3.878, 'm4-1': 0.998}",0.0,inf,inf,inf,284.408,284.408
1147,TT1,BESTEFFORT,CANCELLED,,279.316,"{'m1-1': 1.938, 'm2-1': 1.727, 'm3-1': 5.036, 'm4-1': 0.845}",0.0,inf,inf,inf,284.316,284.316
1148,TT4,BESTEFFORT,CANCELLED,,279.662,"{'m1-1': 2.302, 'm2-1': 1.344, 'm3-1': 5.041, 'm4-1': 0.926}",0.0,inf,inf,inf,284.662,284.662
1149,TT4,BESTEFFORT,CANCELLED,,279.875,"{'m1-1': 1.849, 'm2-1': 1.503, 'm3-1': 5.094, 'm4-1': 0.779}",0.0,inf,inf,inf,284.875,284.875
1150,TT1,BESTEFFORT,COMPLETED,m4-1,280.016,"{'m1-1': 2.581, 'm2-1': 1.817, 'm3-1': 4.209, 'm4-1': 0.621}",0.9315,282.21200000000005,282.833,inf,285.016,285.016
1151,TT2,BESTEFFORT,COMPLETED,m2-1,280.473,"{'m1-1': 2.011, 'm2-1': 1.965, 'm3-1': 4.623, 'm4-1': 0.734}",5.8950000000000005,283.33500000000004,285.3,inf,285.57300000000004,285.57300000000004
1152,TT2,BESTEFFORT,COMPLETED,m3-1,280.476,"{'m1-1': 2.369, 'm2-1': 1.553, 'm3-1': 3.63, 'm4-1': 0.805}",6.534,280.476,284.106,inf,285.576,285.576
1153,TT1,BESTEFFORT,COMPLETED,m4-1,281.068,"{'m1-1': 1.965, 'm2-1': 1.744, 'm3-1': 4.706, 'm4-1': 0.692}",1.0379999999999998,282.833,283.52500000000003,inf,286.068,286.068
1154,TT2,BESTEFFORT,COMPLETED,m4-1,281.195,"{'m1-1': 1.944, 'm2-1': 1.654, 'm3-1': 3.726, 'm4-1': 0.868}",1.302,283.52500000000003,284.39300000000003,inf,286.295,286.295
1155,TT4,BESTEFFORT,COMPLETED,m1-1,281.626,"{'m1-1': 2.012, 'm2-1': 1.414, 'm3-1': 3.704, 'm4-1': 0.994}",3.2192000000000003,284.146,286.158,inf,286.626,286.626
1156,TT2,BESTEFFORT,COMPLETED,m4-1,282.299,"{'m1-1': 2.314, 'm2-1': 1.531, 'm3-1': 3.743, 'm4-1': 0.926}",1.389,284.39300000000003,285.319,inf,287.399,287.399
1157,TT4,BESTEFFORT,COMPLETED,m2-1,282.377,"{'m1-1': 2.324, 'm2-1': 1.871, 'm3-1': 4.091, 'm4-1': 1.036}",5.6129999999999995,285.3,287.171,inf,287.377,287.377
1158,TT4,BESTEFFORT,COMPLETED,m4-1,283.156,"{'m1-1': 2.042, 'm2-1': 1.726, 'm3-1': 4.896, 'm4-1': 1.05}",1.5750000000000002,285.319,286.369,inf,288.156,288.156
1159,TT1,BESTEFFORT,COMPLETED,m4-1,283.534,"{'m1-1': 1.874, 'm2-1': 1.707, 'm3-1': 4.261, 'm4-1': 0.651}",0.9765,286.369,287.02000000000004,inf,288.534,288.534
1160,TT1,BESTEFFORT,COMPLETED,m4-1,284.446,"{'m1-1': 2.301, 'm2-1': 1.682, 'm3-1': 4.583, 'm4-1': 0.681}",1.0215,287.02000000000004,287.701,inf,289.446,289.446
1161,TT4,BESTEFFORT,COMPLETED,m1-1,284.641,"{'m1-1': 1.947, 'm2-1': 1.508, 'm3-1': 4.102, 'm4-1': 0.945}",3.1152,286.158,288.105,inf,289.641,289.641
1162,TT1,BESTEFFORT,COMPLETED,m2-1,284.643,"{'m1-1': 1.937, 'm2-1': 1.479, 'm3-1': 4.843, 'm4-1': 0.632}",4.437,287.171,288.65,inf,289.643,289.643
1163,TT1,BESTEFFORT,COMPLETED,m3-1,284.767,"{'m1-1': 1.919, 'm2-1': 1.946, 'm3-1': 4.824, 'm4-1': 0.861}",8.6832,284.767,289.591,inf,289.767,289.767
1164,TT3,BESTEFFORT,CANCELLED,,285.222,"{'m1-1': 1.993, 'm2-1': 1.471, 'm3-1': 5.937, 'm4-1': 0.806}",0.0,inf,inf,inf,290.42199999999997,290.42199999999997
1165,TT1,BESTEFFORT,CANCELLED,,285.258,"{'m1-1': 2.269, 'm2-1': 1.552, 'm3-1': 3.896, 'm4-1': 0.811}",0.0,inf,inf,inf,290.258,290.258
1166,TT1,BESTEFFORT,COMPLETED,m4-1,285.328,"{'m1-1': 2.064, 'm2-1': 1.893, 'm3-1': 4.379, 'm4-1': 0.676}",1.014,287.701,288.377,inf,290.328,290.328
1167,TT3,BESTEFFORT,COMPLETED,m2-1,285.368,"{'m1-1': 1.759, 'm2-1': 1.795, 'm3-1': 4.827, 'm4-1': 0.857}",5.385,288.65,290.445,inf,290.568,290.568
1168,TT3,BESTEFFORT,COMPLETED,m1-1,285.371,"{'m1-1': 2.047, 'm2-1': 1.619, 'm3-1': 5.807, 'm4-1': 0.975}",3.2752000000000003,288.105,290.15200000000004,inf,290.57099999999997,290.57099999999997
1169,TT3,BESTEFFORT,CANCELLED,,285.622,"{'m1-1': 2.194, 'm2-1': 1.617, 'm3-1': 4.642, 'm4-1': 0.932}",0.0,inf,inf,inf,290.822,290.822
1170,TT1,BESTEFFORT,CANCELLED,,285.662,"{'m1-1': 2.324, 'm2-1': 1.792, 'm3-1': 3.681, 'm4-1': 0.773}",0.0,inf,inf,inf,290.662,290.662
1171,TT3,BESTEFFORT,CANCELLED,,285.803,"{'m1-1': 2.016, 'm2-1': 1.588, 'm3-1': 5.139, 'm4-1': 0.833}",0.0,inf,inf,inf,291.003,291.003
1172,TT1,BESTEFFORT,CANCELLED,,285.853,"{'m1-1': 2.541, 'm2-1': 1.623, 'm3-1': 4.003, 'm4-1': 0.787}",0.0,inf,inf,inf,290.853,290.853
1173,TT4,BESTEFFORT,CANCELLED,,285.879,"{'m1-1': 2.102, 'm2-1': 1.476, 'm3-1': 4.24, 'm4-1': 1.066}",0.0,inf,inf,inf,290.879,290.879
1174,TT4,BESTEFFORT,CANCELLED,,286.017,"{'m1-1': 2.389, 'm2-1': 1.855, 'm3-1': 4.362, 'm4-1': 0.91}",0.0,inf,inf,inf,291.017,291.017
1175,TT2,BESTEFFORT,CANCELLED,,286.232,"{'m1-1': 2.619, 'm2-1': 1.563, 'm3-1': 4.125, 'm4-1': 0.89}",0.0,inf,inf,inf,291.33200000000005,291.33200000000005
1176,TT1,BESTEFFORT,CANCELLED,,286.325,"{'m1-1': 2.596, 'm2-1': 1.74, 'm3-1': 3.746, 'm4-1': 0.623}",0.0,inf,inf,inf,291.325,291.325
1177,TT4,BESTEFFORT,COMPLETED,m4-1,286.45,"{'m1-1': 2.398, 'm2-1': 1.892, 'm3-1': 4.816, 'm4-1': 0.794}",1.191,288.377,289.171,inf,291.45,291.45
1178,TT3,BESTEFFORT,CANCELLED,,286.493,"{'m1-1': 2.207, 'm2-1': 1.741, 'm3-1': 4.866, 'm4-1': 0.938}",0.0,inf,inf,inf,291.693,291.693
1179,TT1,BESTEFFORT,CANCELLED,,286.618,"{'m1-1': 2.59, 'm2-1': 1.566, 'm3-1': 4.924, 'm4-1': 0.854}",0.0,inf,inf,inf,291.618,291.618
1180,TT4,BESTEFFORT,COMPLETED,m4-1,286.796,"{'m1-1': 1.768, 'm2-1': 1.751, 'm3-1': 5.103, 'm4-1': 0.862}",1.293,289.171,290.033,inf,291.796,291.796
1181,TT3,BESTEFFORT,CANCELLED,,287.021,"{'m1-1': 1.851, 'm2-1': 1.56, 'm3-1': 4.505, 'm4-1': 0.834}",0.0,inf,inf,inf,292.221,292.221
1182,TT1,BESTEFFORT,MISSED,m2-1,287.125,"{'m1-1': 1.964, 'm2-1': 1.862, 'm3-1': 4.634, 'm4-1': 0.668}",5.0400000000000205,290.445,inf,292.125,292.125,292.125
1183,TT1,BESTEFFORT,CANCELLED,,287.398,"{'m1-1': 2.167, 'm2-1': 1.983, 'm3-1': 4.44, 'm4-1': 0.652}",0.0,inf,inf,inf,292.398,292.398
1184,TT2,BESTEFFORT,COMPLETED,m1-1,287.601,"{'m1-1': 2.295, 'm2-1': 1.625, 'm3-1': 4.3, 'm4-1': 0.91}",3.672,290.15200000000004,292.44700000000006,inf,292.701,292.701
1185,TT4,BESTEFFORT,COMPLETED,m4-1,287.858,"{'m1-1': 2.435, 'm2-1': 1.404, 'm3-1': 4.816, 'm4-1': 0.873}",1.3094999999999999,290.033,290.906,inf,292.858,292.858
1186,TT4,BESTEFFORT,COMPLETED,m4-1,288.413,"{'m1-1': 2.367, 'm2-1': 1.529, 'm3-1': 4.145, 'm4-1': 0.963}",1.4445,290.906,291.869,inf,293.413,293.413
1187,TT2,BESTEFFORT,MISSED,m2-1,288.738,"{'m1-1': 2.361, 'm2-1': 2.027, 'm3-1': 3.635, 'm4-1': 0.864}",5.139000000000067,292.125,inf,293.838,293.838,293.838
1188,TT3,BESTEFFORT,CANCELLED,,288.851,"{'m1-1': 2.253, 'm2-1': 1.347, 'm3-1': 5.413, 'm4-1': 0.834}",0.0,inf,inf,inf,294.051,294.051
1189,TT3,BESTEFFORT,MISSED,m1-1,288.97,"{'m1-1': 2.015, 'm2-1': 1.47, 'm3-1': 4.23, 'm4-1': 0.885}",2.7567999999999304,292.44700000000006,inf,294.17,294.17,294.17
1190,TT4,BESTEFFORT,COMPLETED,m4-1,289.314,"{'m1-1': 1.918, 'm2-1': 1.659, 'm3-1': 5.034, 'm4-1': 0.992}",1.488,291.869,292.86100000000005,inf,294.314,294.314
1191,TT4,BESTEFFORT,COMPLETED,m3-1,289.513,"{'m1-1': 1.775, 'm2-1': 1.852, 'm3-1': 4.65, 'm4-1': 0.861}",8.370000000000001,289.591,294.241,inf,294.513,294.513
1192,TT2,BESTEFFORT,CANCELLED,,289.516,"{'m1-1': 2.566, 'm2-1': 1.918, 'm3-1': 4.174, 'm4-1': 0.821}",0.0,inf,inf,inf,294.61600000000004,294.61600000000004
1193,TT3,BESTEFFORT,COMPLETED,m4-1,290.332,"{'m1-1': 1.801, 'm2-1': 1.438, 'm3-1': 5.48, 'm4-1': 0.968}",1.452,292.86100000000005,293.82900000000006,inf,295.532,295.532
1194,TT4,BESTEFFORT,COMPLETED,m2-1,290.724,"{'m1-1': 2.395, 'm2-1': 1.599, 'm3-1': 4.381, 'm4-1': 0.979}",4.797,293.838,295.437,inf,295.724,295.724
1195,TT3,BESTEFFORT,COMPLETED,m4-1,291.057,"{'m1-1': 2.26, 'm2-1': 1.556, 'm3-1': 5.702, 'm4-1': 0.821}",1.2315,293.82900000000006,294.6500000000001,inf,296.257,296.257
1196,TT2,BESTEFFORT,CANCELLED,,291.143,"{'m1-1': 2.381, 'm2-1': 1.734, 'm3-1': 4.887, 'm4-1': 0.719}",0.0,inf,inf,inf,296.243,296.243
1197,TT3,BESTEFFORT,CANCELLED,,291.163,"{'m1-1': 1.741, 'm2-1': 1.71, 'm3-1': 5.647, 'm4-1': 0.736}",0.0,inf,inf,inf,296.363,296.363
1198,TT3,BESTEFFORT,COMPLETED,m4-1,292.206,"{'m1-1': 1.718, 'm2-1': 1.41, 'm3-1': 4.278, 'm4-1': 0.984}",1.476,294.6500000000001,295.63400000000007,inf,297.406,297.406
1199,TT4,BESTEFFORT,COMPLETED,m1-1,292.208,"{'m1-1': 2.423, 'm2-1': 1.358, 'm3-1': 4.941, 'm4-1': 0.922}",3.8768000000000002,294.17,296.593,inf,297.208,297.208
1200,TT2,BESTEFFORT,COMPLETED,m2-1,292.663,"{'m1-1': 2.188, 'm2-1': 1.781, 'm3-1': 4.591, 'm4-1': 0.82}",5.343,295.437,297.218,inf,297.76300000000003,297.76300000000003
1201,TT2,BESTEFFORT,MISSED,m3-1,292.665,"{'m1-1': 2.568, 'm2-1': 1.705, 'm3-1': 5.068, 'm4-1': 0.969}",6.343200000000104,294.241,inf,297.76500000000004,297.76500000000004,297.76500000000004
1202,TT3,BESTEFFORT,COMPLETED,m4-1,292.763,"{'m1-1': 1.991, 'm2-1': 1.415, 'm3-1': 5.306, 'm4-1': 0.882}",1.323,295.63400000000007,296.5160000000001,inf,297.96299999999997,297.96299999999997
1203,TT4,BESTEFFORT,CANCELLED,,292.891,"{'m1-1': 2.077, 'm2-1': 1.562, 'm3-1': 4.74, 'm4-1': 0.922}",0.0,inf,inf,inf,297.891,297.891
1204,TT4,BESTEFFORT,CANCELLED,,293.141,"{'m1-1': 1.958, 'm2-1': 1.445, 'm3-1': 4.208, 'm4-1': 1.034}",0.0,inf,inf,inf,298.141,298.141
1205,TT3,BESTEFFORT,MISSED,m1-1,293.414,"{'m1-1': 2.191, 'm2-1': 1.506, 'm3-1': 5.333, 'm4-1': 0.886}",3.2335999999999334,296.593,inf,298.614,298.614,298.614
1206,TT1,BESTEFFORT,COMPLETED,m4-1,293.631,"{'m1-1': 2.528, 'm2-1': 1.613, 'm3-1': 4.136, 'm4-1': 0.728}",1.092,296.5160000000001,297.2440000000001,inf,298.631,298.631
1207,TT1,BESTEFFORT,CANCELLED,,293.929,"{'m1-1': 1.938, 'm2-1': 1.735, 'm3-1': 4.966, 'm4-1': 0.733}",0.0,inf,inf,inf,298.929,298.929
1208,TT4,BESTEFFORT,COMPLETED,m2-1,294.509,"{'m1-1': 2.45, 'm2-1': 1.643, 'm3-1': 4.537, 'm4-1': 0.775}",4.929,297.218,298.861,inf,299.509,299.509
1209,TT2,BESTEFFORT,COMPLETED,m4-1,294.88,"{'m1-1': 2.022, 'm2-1': 1.923, 'm3-1': 3.912, 'm4-1': 0.735}",1.1025,297.2440000000001,297.9790000000001,inf,299.98,299.98
1210,TT1,BESTEFFORT,CANCELLED,,295.148,"{'m1-1': 2.492, 'm2-1': 1.647, 'm3-1': 4.645, 'm4-1': 0.635}",0.0,inf,inf,inf,300.148,300.148
1211,TT2,BESTEFFORT,CANCELLED,,295.269,"{'m1-1': 2.14, 'm2-1': 2.122, 'm3-1': 3.97, 'm4-1': 0.886}",0.0,inf,inf,inf,300.369,300.369
1212,TT2,BESTEFFORT,CANCELLED,,295.342,"{'m1-1': 2.017, 'm2-1': 1.605, 'm3-1': 4.504, 'm4-1': 0.771}",0.0,inf,inf,inf,300.442,300.442
1213,TT4,BESTEFFORT,COMPLETED,m4-1,295.692,"{'m1-1': 2.078, 'm2-1': 1.751, 'm3-1': 3.985, 'm4-1': 0.83}",1.2449999999999999,297.9790000000001,298.8090000000001,inf,300.692,300.692
1214,TT1,BESTEFFORT,CANCELLED,,295.715,"{'m1-1': 1.982, 'm2-1': 1.872, 'm3-1': 3.72, 'm4-1': 0.834}",0.0,inf,inf,inf,300.715,300.715
1215,TT2,BESTEFFORT,CANCELLED,,295.773,"{'m1-1': 1.882, 'm2-1': 1.52, 'm3-1': 4.541, 'm4-1': 0.763}",0.0,inf,inf,inf,300.87300000000005,300.87300000000005
1216,TT3,BESTEFFORT,COMPLETED,m1-1,296.257,"{'m1-1': 1.732, 'm2-1': 1.67, 'm3-1': 4.269, 'm4-1': 0.852}",2.7712000000000003,298.614,300.346,inf,301.457,301.457
1217,TT3,BESTEFFORT,COMPLETED,m4-1,296.588,"{'m1-1': 2.26, 'm2-1': 1.608, 'm3-1': 5.946, 'm4-1': 0.795}",1.1925000000000001,298.8090000000001,299.6040000000001,inf,301.788,301.788
1218,TT4,BESTEFFORT,COMPLETED,m2-1,296.653,"{'m1-1': 1.766, 'm2-1': 1.453, 'm3-1': 4.435, 'm4-1': 0.888}",4.359,298.861,300.31399999999996,inf,301.653,301.653
1219,TT1,BESTEFFORT,CANCELLED,,296.775,"{'m1-1': 1.858, 'm2-1': 1.933, 'm3-1': 4.936, 'm4-1': 0.837}",0.0,inf,inf,inf,301.775,301.775
1220,TT2,BESTEFFORT,MISSED,m3-1,296.947,"{'m1-1': 2.39, 'm2-1': 1.596, 'm3-1': 4.785, 'm4-1': 0.877}",7.707599999999968,297.76500000000004,inf,302.047,302.047,302.047
1221,TT2,BESTEFFORT,CANCELLED,,296.967,"{'m1-1': 2.103, 'm2-1': 1.736, 'm3-1': 3.752, 'm4-1': 0.891}",0.0,inf,inf,inf,302.067,302.067
1222,TT2,BESTEFFORT,COMPLETED,m4-1,297.474,"{'m1-1': 2.132, 'm2-1': 1.652, 'm3-1': 4.117, 'm4-1': 1.007}",1.5105,299.6040000000001,300.6110000000001,inf,302.574,302.574
1223,TT2,BESTEFFORT,COMPLETED,m2-1,297.637,"{'m1-1': 2.304, 'm2-1': 1.766, 'm3-1': 4.408, 'm4-1': 0.878}",5.298,300.31399999999996,302.08,inf,302.737,302.737
1224,TT4,BESTEFFORT,CANCELLED,,297.739,"{'m1-1': 1.909, 'm2-1': 1.47, 'm3-1': 4.209, 'm4-1': 0.789}",0.0,inf,inf,inf,302.739,302.739
1225,TT3,BESTEFFORT,COMPLETED,m1-1,297.924,"{'m1-1': 1.986, 'm2-1': 1.669, 'm3-1': 5.349, 'm4-1': 0.93}",3.1776,300.346,302.332,inf,303.12399999999997,303.12399999999997
1226,TT4,BESTEFFORT,COMPLETED,m4-1,297.973,"{'m1-1': 2.191, 'm2-1': 1.881, 'm3-1': 4.537, 'm4-1': 0.845}",1.2675,300.6110000000001,301.45600000000013,inf,302.973,302.973
1227,TT1,BESTEFFORT,CANCELLED,,298.014,"{'m1-1': 2.553, 'm2-1': 1.849, 'm3-1': 4.386, 'm4-1': 0.808}",0.0,inf,inf,inf,303.014,303.014
1228,TT2,BESTEFFORT,CANCELLED,,298.197,"{'m1-1': 2.305, 'm2-1': 1.548, 'm3-1': 4.842, 'm4-1': 0.988}",0.0,inf,inf,inf,303.297,303.297
1229,TT3,BESTEFFORT,CANCELLED,,298.328,"{'m1-1': 1.816, 'm2-1': 1.635, 'm3-1': 5.907, 'm4-1': 0.72}",0.0,inf,inf,inf,303.52799999999996,303.52799999999996
1230,TT3,BESTEFFORT,COMPLETED,m2-1,298.468,"{'m1-1': 2.122, 'm2-1': 1.551, 'm3-1': 5.975, 'm4-1': 0.95}",4.653,302.08,303.631,inf,303.668,303.668
1231,TT2,BESTEFFORT,COMPLETED,m4-1,298.971,"{'m1-1': 2.426, 'm2-1': 2.039, 'm3-1': 4.956, 'm4-1': 0.768}",1.1520000000000001,301.45600000000013,302.2240000000001,inf,304.071,304.071
1232,TT2,BESTEFFORT,CANCELLED,,298.978,"{'m1-1': 2.529, 'm2-1': 2.035, 'm3-1': 4.401, 'm4-1': 0.893}",0.0,inf,inf,inf,304.07800000000003,304.07800000000003
1233,TT3,BESTEFFORT,CANCELLED,,299.257,"{'m1-1': 2.202, 'm2-1': 1.342, 'm3-1': 5.216, 'm4-1': 0.996}",0.0,inf,inf,inf,304.457,304.457
1234,TT4,BESTEFFORT,COMPLETED,m4-1,299.57,"{'m1-1': 2.25, 'm2-1': 1.859, 'm3-1': 4.347, 'm4-1': 1.041}",1.5614999999999999,302.2240000000001,303.2650000000001,inf,304.57,304.57
1235,TT1,BESTEFFORT,CANCELLED,,299.801,"{'m1-1': 2.273, 'm2-1': 1.825, 'm3-1': 3.982, 'm4-1': 0.837}",0.0,inf,inf,inf,304.801,304.801
1236,TT2,BESTEFFORT,COMPLETED,m1-1,300.213,"{'m1-1': 1.891, 'm2-1': 1.743, 'm3-1': 4.508, 'm4-1': 1.005}",3.0256000000000003,302.332,304.223,inf,305.31300000000005,305.31300000000005
1237,TT1,BESTEFFORT,COMPLETED,m4-1,300.895,"{'m1-1': 2.316, 'm2-1': 1.668, 'm3-1': 3.991, 'm4-1': 0.772}",1.158,303.2650000000001,304.0370000000001,inf,305.895,305.895
1238,TT4,BESTEFFORT,COMPLETED,m2-1,301.038,"{'m1-1': 2.236, 'm2-1': 1.646, 'm3-1': 4.219, 'm4-1': 0.825}",4.938,303.631,305.277,inf,306.038,306.038
1239,TT3,BESTEFFORT,COMPLETED,m1-1,301.387,"{'m1-1': 2.329, 'm2-1': 1.441, 'm3-1': 4.753, 'm4-1': 0.844}",3.7264000000000004,304.223,306.552,inf,306.587,306.587
1240,TT3,BESTEFFORT,COMPLETED,m4-1,301.815,"{'m1-1': 2.329, 'm2-1': 1.487, 'm3-1': 5.257, 'm4-1': 0.962}",1.443,304.0370000000001,304.9990000000001,inf,307.015,307.015
1241,TT1,BESTEFFORT,COMPLETED,m4-1,302.686,"{'m1-1': 1.946, 'm2-1': 1.433, 'm3-1': 4.624, 'm4-1': 0.775}",1.1625,304.9990000000001,305.77400000000006,inf,307.686,307.686
1242,TT2,BESTEFFORT,COMPLETED,m2-1,303.055,"{'m1-1': 1.881, 'm2-1': 2.007, 'm3-1': 4.995, 'm4-1': 0.877}",6.021000000000001,305.277,307.284,inf,308.15500000000003,308.15500000000003
1243,TT4,BESTEFFORT,COMPLETED,m3-1,303.082,"{'m1-1': 2.428, 'm2-1': 1.864, 'm3-1': 4.944, 'm4-1': 0.818}",8.8992,303.082,308.026,inf,308.082,308.082
1244,TT4,BESTEFFORT,CANCELLED,,303.107,"{'m1-1': 2.105, 'm2-1': 1.545, 'm3-1': 3.818, 'm4-1': 0.987}",0.0,inf,inf,inf,308.107,308.107
1245,TT4,BESTEFFORT,MISSED,m2-1,303.139,"{'m1-1': 2.121, 'm2-1': 1.79, 'm3-1': 4.44, 'm4-1': 0.927}",2.5650000000000546,307.284,inf,308.139,308.139,308.139
1246,TT3,BESTEFFORT,COMPLETED,m4-1,303.805,"{'m1-1': 2.057, 'm2-1': 1.751, 'm3-1': 4.269, 'm4-1': 0.897}",1.3455,305.77400000000006,306.67100000000005,inf,309.005,309.005
1247,TT3,BESTEFFORT,COMPLETED,m4-1,304.115,"{'m1-1': 2.18, 'm2-1': 1.644, 'm3-1': 4.702, 'm4-1': 0.757}",1.1355,306.67100000000005,307.42800000000005,inf,309.315,309.315
1248,TT1,BESTEFFORT,COMPLETED,m1-1,304.16,"{'m1-1': 2.183, 'm2-1': 1.947, 'm3-1': 4.631, 'm4-1': 0.678}",3.4928,306.552,308.735,inf,309.16,309.16
1249,TT3,BESTEFFORT,CANCELLED,,304.241,"{'m1-1': 2.329, 'm2-1': 1.369, 'm3-1': 5.695, 'm4-1': 0.795}",0.0,inf,inf,inf,309.441,309.441
1250,TT4,BESTEFFORT,CANCELLED,,304.299,"{'m1-1': 1.907, 'm2-1': 1.617, 'm3-1': 4.501, 'm4-1': 0.824}",0.0,inf,inf,inf,309.299,309.299
1251,TT1,BESTEFFORT,CANCELLED,,304.633,"{'m1-1': 2.505, 'm2-1': 1.517, 'm3-1': 4.506, 'm4-1': 0.768}",0.0,inf,inf,inf,309.633,309.633
1252,TT2,BESTEFFORT,COMPLETED,m2-1,304.738,"{'m1-1': 2.421, 'm2-1': 1.665, 'm3-1': 4.189, 'm4-1': 1.007}",4.995,308.139,309.80400000000003,inf,309.838,309.838
1253,TT4,BESTEFFORT,COMPLETED,m4-1,305.358,"{'m1-1': 2.437, 'm2-1': 1.698, 'm3-1': 4.372, 'm4-1': 0.929}",1.3935,307.42800000000005,308.357,inf,310.358,310.358
1254,TT2,BESTEFFORT,MISSED,m1-1,305.468,"{'m1-1': 2.241, 'm2-1': 1.636, 'm3-1': 3.911, 'm4-1': 0.753}",2.932800000000043,308.735,inf,310.56800000000004,310.56800000000004,310.56800000000004
1255,TT2,BESTEFFORT,COMPLETED,m4-1,305.564,"{'m1-1': 2.015, 'm2-1': 1.844, 'm3-1': 3.731, 'm4-1': 0.804}",1.206,308.357,309.161,inf,310.66400000000004,310.66400000000004
1256,TT1,BESTEFFORT,CANCELLED,,306.36,"{'m1-1': 1.955, 'm2-1': 1.541, 'm3-1': 4.266, 'm4-1': 0.792}",0.0,inf,inf,inf,311.36,311.36
1257,TT2,BESTEFFORT,COMPLETED,m4-1,307.132,"{'m1-1': 1.881, 'm2-1': 1.563, 'm3-1': 3.636, 'm4-1': 0.932}",1.3980000000000001,309.161,310.093,inf,312.232,312.232
1258,TT2,BESTEFFORT,COMPLETED,m2-1,307.204,"{'m1-1': 1.894, 'm2-1': 2.122, 'm3-1': 4.49, 'm4-1': 0.902}",6.366,309.80400000000003,311.92600000000004,inf,312.30400000000003,312.30400000000003
1259,TT3,BESTEFFORT,COMPLETED,m4-1,307.482,"{'m1-1': 2.003, 'm2-1': 1.78, 'm3-1': 4.803, 'm4-1': 0.937}",1.4055,310.093,311.03000000000003,inf,312.682,312.682
1260,TT4,BESTEFFORT,MISSED,m1-1,307.69,"{'m1-1': 2.152, 'm2-1': 1.717, 'm3-1': 4.113, 'm4-1': 1.07}",3.3951999999999316,310.56800000000004,inf,312.69,312.69,312.69
1261,TT3,BESTEFFORT,COMPLETED,m3-1,307.756,"{'m1-1': 1.881, 'm2-1': 1.73, 'm3-1': 4.252, 'm4-1': 0.866}",7.6536,308.026,312.278,inf,312.95599999999996,312.95599999999996
1262,TT1,BESTEFFORT,CANCELLED,,307.802,"{'m1-1': 1.943, 'm2-1': 1.916, 'm3-1': 4.593, 'm4-1': 0.83}",0.0,inf,inf,inf,312.802,312.802
1263,TT4,BESTEFFORT,COMPLETED,m4-1,308.374,"{'m1-1': 2.032, 'm2-1': 1.806, 'm3-1': 4.03, 'm4-1': 0.903}",1.3545,311.03000000000003,311.93300000000005,inf,313.374,313.374
1264,TT1,BESTEFFORT,COMPLETED,m2-1,308.644,"{'m1-1': 2.248, 'm2-1': 1.61, 'm3-1': 3.884, 'm4-1': 0.763}",4.83,311.92600000000004,313.53600000000006,inf,313.644,313.644
1265,TT2,BESTEFFORT,COMPLETED,m4-1,310.181,"{'m1-1': 1.882, 'm2-1': 1.604, 'm3-1': 4.589, 'm4-1': 1.002}",1.5030000000000001,311.93300000000005,312.93500000000006,inf,315.281,315.281
1266,TT1,BESTEFFORT,COMPLETED,m4-1,310.421,"{'m1-1': 1.891, 'm2-1': 1.83, 'm3-1': 4.997, 'm4-1': 0.701}",1.0514999999999999,312.93500000000006,313.6360000000001,inf,315.421,315.421
1267,TT3,BESTEFFORT,COMPLETED,m1-1,310.723,"{'m1-1': 2.289, 'm2-1': 1.292, 'm3-1': 4.805, 'm4-1': 1.013}",3.6624000000000003,312.69,314.979,inf,315.923,315.923
1268,TT1,BESTEFFORT,COMPLETED,m2-1,310.987,"{'m1-1': 2.241, 'm2-1': 1.574, 'm3-1': 3.987, 'm4-1': 0.726}",4.722,313.53600000000006,315.11000000000007,inf,315.987,315.987
1269,TT3,BESTEFFORT,COMPLETED,m4-1,311.139,"{'m1-1': 2.423, 'm2-1': 1.499, 'm3-1': 5.399, 'm4-1': 0.733}",1.0995,313.6360000000001,314.3690000000001,inf,316.339,316.339
1270,TT4,BESTEFFORT,CANCELLED,,311.299,"{'m1-1': 2.449, 'm2-1': 1.825, 'm3-1': 4.989, 'm4-1': 1.054}",0.0,inf,inf,inf,316.299,316.299
1271,TT2,BESTEFFORT,CANCELLED,,311.483,"{'m1-1': 2.428, 'm2-1': 1.726, 'm3-1': 4.868, 'm4-1': 0.911}",0.0,inf,inf,inf,316.583,316.583
1272,TT1,BESTEFFORT,CANCELLED,,311.738,"{'m1-1': 1.995, 'm2-1': 1.559, 'm3-1': 4.233, 'm4-1': 0.627}",0.0,inf,inf,inf,316.738,316.738
1273,TT1,BESTEFFORT,MISSED,m3-1,311.798,"{'m1-1': 2.482, 'm2-1': 1.87, 'm3-1': 4.945, 'm4-1': 0.611}",8.135999999999967,312.278,inf,316.798,316.798,316.798
1274,TT2,BESTEFFORT,CANCELLED,,311.896,"{'m1-1': 2.048, 'm2-1': 1.519, 'm3-1': 3.898, 'm4-1': 0.793}",0.0,inf,inf,inf,316.99600000000004,316.99600000000004
1275,TT1,BESTEFFORT,CANCELLED,,311.92,"{'m1-1': 1.938, 'm2-1': 1.523, 'm3-1': 4.924, 'm4-1': 0.729}",0.0,inf,inf,inf,316.92,316.92
1276,TT4,BESTEFFORT,COMPLETED,m4-1,312.446,"{'m1-1': 1.908, 'm2-1': 1.526, 'm3-1': 4.976, 'm4-1': 0.945}",1.4175,314.3690000000001,315.3140000000001,inf,317.446,317.446
1277,TT2,BESTEFFORT,COMPLETED,m1-1,312.474,"{'m1-1': 2.136, 'm2-1': 1.797, 'm3-1': 4.492, 'm4-1': 0.914}",3.4176,314.979,317.115,inf,317.574,317.574
1278,TT3,BESTEFFORT,COMPLETED,m2-1,312.702,"{'m1-1': 2.049, 'm2-1': 1.358, 'm3-1': 4.782, 'm4-1': 0.889}",4.074,315.11000000000007,316.4680000000001,inf,317.902,317.902
1279,TT4,BESTEFFORT,COMPLETED,m4-1,312.956,"{'m1-1': 2.201, 'm2-1': 1.526, 'm3-1': 4.452, 'm4-1': 0.792}",1.1880000000000002,315.3140000000001,316.10600000000005,inf,317.956,317.956
1280,TT1,BESTEFFORT,CANCELLED,,313.227,"{'m1-1': 2.08, 'm2-1': 1.519, 'm3-1': 4.526, 'm4-1': 0.76}",0.0,inf,inf,inf,318.227,318.227
1281,TT3,BESTEFFORT,CANCELLED,,313.359,"{'m1-1': 1.955, 'm2-1': 1.28, 'm3-1': 5.801, 'm4-1': 0.918}",0.0,inf,inf,inf,318.55899999999997,318.55899999999997
1282,TT2,BESTEFFORT,CANCELLED,,313.46,"{'m1-1': 1.912, 'm2-1': 2.111, 'm3-1': 5.133, 'm4-1': 0.845}",0.0,inf,inf,inf,318.56,318.56
1283,TT3,BESTEFFORT,COMPLETED,m4-1,313.834,"{'m1-1': 1.786, 'm2-1': 1.782, 'm3-1': 4.735, 'm4-1': 0.987}",1.4805,316.10600000000005,317.0930000000001,inf,319.034,319.034
1284,TT4,BESTEFFORT,COMPLETED,m2-1,313.87,"{'m1-1': 2.18, 'm2-1': 1.421, 'm3-1': 4.063, 'm4-1': 1.057}",4.263,316.4680000000001,317.88900000000007,inf,318.87,318.87
1285,TT1,BESTEFFORT,CANCELLED,,313.951,"{'m1-1': 2.552, 'm2-1': 1.566, 'm3-1': 4.031, 'm4-1': 0.824}",0.0,inf,inf,inf,318.951,318.951
1286,TT2,BESTEFFORT,CANCELLED,,313.989,"{'m1-1': 2.429, 'm2-1': 1.662, 'm3-1': 4.873, 'm4-1': 0.962}",0.0,inf,inf,inf,319.089,319.089
1287,TT1,BESTEFFORT,CANCELLED,,314.043,"{'m1-1': 1.954, 'm2-1': 1.862, 'm3-1': 3.863, 'm4-1': 0.672}",0.0,inf,inf,inf,319.043,319.043
1288,TT4,BESTEFFORT,CANCELLED,,314.302,"{'m1-1': 2.261, 'm2-1': 1.351, 'm3-1': 4.76, 'm4-1': 0.983}",0.0,inf,inf,inf,319.302,319.302
1289,TT1,BESTEFFORT,COMPLETED,m4-1,314.318,"{'m1-1': 2.541, 'm2-1': 1.512, 'm3-1': 5.019, 'm4-1': 0.859}",1.2885,317.0930000000001,317.95200000000006,inf,319.318,319.318
1290,TT3,BESTEFFORT,COMPLETED,m1-1,314.424,"{'m1-1': 2.23, 'm2-1': 1.501, 'm3-1': 5.936, 'm4-1': 0.788}",3.568,317.115,319.345,inf,319.62399999999997,319.62399999999997
1291,TT2,BESTEFFORT,CANCELLED,,314.467,"{'m1-1': 1.89, 'm2-1': 1.77, 'm3-1': 5.088, 'm4-1': 0.94}",0.0,inf,inf,inf,319.567,319.567
1292,TT4,BESTEFFORT,CANCELLED,,314.568,"{'m1-1': 2.297, 'm2-1': 1.887, 'm3-1': 4.249, 'm4-1': 0.815}",0.0,inf,inf,inf,319.568,319.568
1293,TT3,BESTEFFORT,COMPLETED,m2-1,315.054,"{'m1-1': 2.263, 'm2-1': 1.664, 'm3-1': 4.592, 'm4-1': 0.767}",4.992,317.88900000000007,319.55300000000005,inf,320.25399999999996,320.25399999999996
1294,TT4,BESTEFFORT,COMPLETED,m4-1,315.982,"{'m1-1': 2.119, 'm2-1': 1.864, 'm3-1': 4.274, 'm4-1': 0.89}",1.335,317.95200000000006,318.84200000000004,inf,320.982,320.982
1295,TT2,BESTEFFORT,COMPLETED,m4-1,316.174,"{'m1-1': 2.119, 'm2-1': 2.049, 'm3-1': 3.95, 'm4-1': 0.867}",1.3005,318.84200000000004,319.70900000000006,inf,321.274,321.274
1296,TT2,BESTEFFORT,MISSED,m1-1,316.28,"{'m1-1': 2.26, 'm2-1': 1.59, 'm3-1': 3.936, 'm4-1': 0.72}",3.255999999999949,319.345,inf,321.38,321.38,321.38
1297,TT2,BESTEFFORT,MISSED,m2-1,316.5,"{'m1-1': 2.491, 'm2-1': 2.124, 'm3-1': 4.007, 'm4-1': 0.892}",6.140999999999906,319.55300000000005,inf,321.6,321.6,321.6
1298,TT4,BESTEFFORT,COMPLETED,m3-1,316.56,"{'m1-1': 2.036, 'm2-1': 1.728, 'm3-1': 4.72, 'm4-1': 0.922}",8.496,316.798,321.51800000000003,inf,321.56,321.56
1299,TT3,BESTEFFORT,COMPLETED,m4-1,317.186,"{'m1-1': 2.367, 'm2-1': 1.558, 'm3-1': 5.798, 'm4-1': 0.832}",1.248,319.70900000000006,320.54100000000005,inf,322.38599999999997,322.38599999999997
1300,TT3,BESTEFFORT,MISSED,m2-1,317.204,"{'m1-1': 2.331, 'm2-1': 1.594, 'm3-1': 5.508, 'm4-1': 0.844}",2.411999999999921,321.6,inf,322.404,322.404,322.404
1301,TT4,BESTEFFORT,CANCELLED,,317.525,"{'m1-1': 1.851, 'm2-1': 1.775, 'm3-1': 4.748, 'm4-1': 1.003}",0.0,inf,inf,inf,322.525,322.525
1302,TT3,BESTEFFORT,MISSED,m1-1,317.782,"{'m1-1': 2.303, 'm2-1': 1.52, 'm3-1': 5.638, 'm4-1': 0.919}",2.563199999999961,321.38,inf,322.98199999999997,322.98199999999997,322.98199999999997
1303,TT2,BESTEFFORT,COMPLETED,m4-1,317.98,"{'m1-1': 2.417, 'm2-1': 1.721, 'm3-1': 4.64, 'm4-1': 0.73}",1.095,320.54100000000005,321.2710000000001,inf,323.08000000000004,323.08000000000004
1304,TT3,BESTEFFORT,CANCELLED,,318.394,"{'m1-1': 1.757, 'm2-1': 1.291, 'm3-1': 5.81, 'm4-1': 0.889}",0.0,inf,inf,inf,323.594,323.594
1305,TT3,BESTEFFORT,MISSED,m2-1,318.579,"{'m1-1': 2.147, 'm2-1': 1.399, 'm3-1': 4.68, 'm4-1': 0.823}",4.125,322.404,inf,323.779,323.779,323.779
1306,TT4,BESTEFFORT,COMPLETED,m4-1,319.05,"{'m1-1': 2.44, 'm2-1': 1.453, 'm3-1': 3.916, 'm4-1': 0.842}",1.263,321.2710000000001,322.11300000000006,inf,324.05,324.05
1307,TT3,BESTEFFORT,CANCELLED,,319.322,"{'m1-1': 2.061, 'm2-1': 1.777, 'm3-1': 4.677, 'm4-1': 0.98}",0.0,inf,inf,inf,324.522,324.522
1308,TT3,BESTEFFORT,COMPLETED,m4-1,319.821,"{'m1-1': 2.226, 'm2-1': 1.488, 'm3-1': 4.771, 'm4-1': 1.002}",1.5030000000000001,322.11300000000006,323.11500000000007,inf,325.021,325.021
1309,TT4,BESTEFFORT,COMPLETED,m1-1,319.931,"{'m1-1': 1.771, 'm2-1': 1.641, 'm3-1': 3.876, 'm4-1': 0.898}",2.8336,322.98199999999997,324.753,inf,324.931,324.931
1310,TT4,BESTEFFORT,COMPLETED,m4-1,320.906,"{'m1-1': 2.28, 'm2-1': 1.724, 'm3-1': 4.163, 'm4-1': 0.836}",1.254,323.11500000000007,323.9510000000001,inf,325.906,325.906
1311,TT4,BESTEFFORT,COMPLETED,m2-1,320.99,"{'m1-1': 1.97, 'm2-1': 1.464, 'm3-1': 4.854, 'm4-1': 0.803}",4.3919999999999995,323.779,325.243,inf,325.99,325.99
1312,TT2,BESTEFFORT,COMPLETED,m3-1,321.152,"{'m1-1': 2.635, 'm2-1': 1.912, 'm3-1': 4.331, 'm4-1': 0.805}",7.795800000000001,321.51800000000003,325.84900000000005,inf,326.252,326.252
1313,TT3,BESTEFFORT,COMPLETED,m4-1,321.403,"{'m1-1': 1.999, 'm2-1': 1.551, 'm3-1': 5.069, 'm4-1': 0.941}",1.4115,323.9510000000001,324.89200000000005,inf,326.603,326.603
1314,TT4,BESTEFFORT,CANCELLED,,321.458,"{'m1-1': 1.747, 'm2-1': 1.582, 'm3-1': 4.171, 'm4-1': 0.755}",0.0,inf,inf,inf,326.458,326.458
1315,TT3,BESTEFFORT,CANCELLED,,321.466,"{'m1-1': 2.286, 'm2-1': 1.371, 'm3-1': 5.086, 'm4-1': 0.819}",0.0,inf,inf,inf,326.666,326.666
1316,TT1,BESTEFFORT,CANCELLED,,321.479,"{'m1-1': 2.329, 'm2-1': 1.949, 'm3-1': 4.196, 'm4-1': 0.813}",0.0,inf,inf,inf,326.479,326.479
1317,TT4,BESTEFFORT,CANCELLED,,321.537,"{'m1-1': 1.845, 'm2-1': 1.59, 'm3-1': 3.869, 'm4-1': 0.942}",0.0,inf,inf,inf,326.537,326.537
1318,TT4,BESTEFFORT,CANCELLED,,321.624,"{'m1-1': 2.07, 'm2-1': 1.373, 'm3-1': 4.076, 'm4-1': 0.785}",0.0,inf,inf,inf,326.624,326.624
1319,TT3,BESTEFFORT,MISSED,m1-1,321.64,"{'m1-1': 2.271, 'm2-1': 1.583, 'm3-1': 4.55, 'm4-1': 1.015}",3.3391999999999826,324.753,inf,326.84,326.84,326.84
1320,TT1,BESTEFFORT,COMPLETED,m2-1,322.003,"{'m1-1': 2.55, 'm2-1': 1.571, 'm3-1': 4.665, 'm4-1': 0.817}",4.713,325.243,326.814,inf,327.003,327.003
1321,TT3,BESTEFFORT,COMPLETED,m4-1,322.326,"{'m1-1': 1.9, 'm2-1': 1.598, 'm3-1': 5.473, 'm4-1': 0.844}",1.266,324.89200000000005,325.73600000000005,inf,327.526,327.526
1322,TT2,BESTEFFORT,CANCELLED,,322.732,"{'m1-1': 1.943, 'm2-1': 2.099, 'm3-1': 3.978, 'm4-1': 0.98}",0.0,inf,inf,inf,327.83200000000005,327.83200000000005
1323,TT4,BESTEFFORT,COMPLETED,m4-1,323.048,"{'m1-1': 2.118, 'm2-1': 1.818, 'm3-1': 4.049, 'm4-1': 0.936}",1.4040000000000001,325.73600000000005,326.672,inf,328.048,328.048
1324,TT1,BESTEFFORT,MISSED,m2-1,323.216,"{'m1-1': 1.982, 'm2-1': 1.417, 'm3-1': 3.8, 'm4-1': 0.759}",4.20599999999996,326.814,inf,328.216,328.216,328.216
1325,TT1,BESTEFFORT,MISSED,m1-1,323.711,"{'m1-1': 1.964, 'm2-1': 1.586, 'm3-1': 4.36, 'm4-1': 0.644}",2.9936000000000607,326.84,inf,328.711,328.711,328.711
1326,TT4,BESTEFFORT,COMPLETED,m4-1,324.041,"{'m1-1': 2.33, 'm2-1': 1.88, 'm3-1': 4.334, 'm4-1': 1.023}",1.5345,326.672,327.69500000000005,inf,329.041,329.041
1327,TT4,BESTEFFORT,CANCELLED,,324.25,"{'m1-1': 1.775, 'm2-1': 1.371, 'm3-1': 4.587, 'm4-1': 0.966}",0.0,inf,inf,inf,329.25,329.25
1328,TT2,BESTEFFORT,CANCELLED,,324.552,"{'m1-1': 2.525, 'm2-1': 1.992, 'm3-1': 3.682, 'm4-1': 0.985}",0.0,inf,inf,inf,329.65200000000004,329.65200000000004
1329,TT4,BESTEFFORT,CANCELLED,,324.622,"{'m1-1': 1.774, 'm2-1': 1.808, 'm3-1': 4.768, 'm4-1': 1.037}",0.0,inf,inf,inf,329.622,329.622
1330,TT1,BESTEFFORT,COMPLETED,m4-1,324.757,"{'m1-1': 2.249, 'm2-1': 1.836, 'm3-1': 4.82, 'm4-1': 0.671}",1.0065,327.69500000000005,328.36600000000004,inf,329.757,329.757
1331,TT1,BESTEFFORT,COMPLETED,m2-1,325.321,"{'m1-1': 1.912, 'm2-1': 1.707, 'm3-1': 4.583, 'm4-1': 0.614}",5.121,328.216,329.923,inf,330.321,330.321
1332,TT1,BESTEFFORT,CANCELLED,,325.387,"{'m1-1': 2.233, 'm2-1': 1.818, 'm3-1': 4.219, 'm4-1': 0.765}",0.0,inf,inf,inf,330.387,330.387
1333,TT3,BESTEFFORT,CANCELLED,,325.459,"{'m1-1': 2.361, 'm2-1': 1.415, 'm3-1': 5.967, 'm4-1': 0.834}",0.0,inf,inf,inf,330.659,330.659
1334,TT1,BESTEFFORT,COMPLETED,m4-1,326.837,"{'m1-1': 1.922, 'm2-1': 1.926, 'm3-1': 4.211, 'm4-1': 0.684}",1.026,328.36600000000004,329.05000000000007,inf,331.837,331.837
1335,TT3,BESTEFFORT,COMPLETED,m4-1,327.808,"{'m1-1': 2.142, 'm2-1': 1.55, 'm3-1': 4.237, 'm4-1': 0.74}",1.1099999999999999,329.05000000000007,329.7900000000001,inf,333.008,333.008
1336,TT1,BESTEFFORT,COMPLETED,m4-1,328.09,"{'m1-1': 2.19, 'm2-1': 1.52, 'm3-1': 4.128, 'm4-1': 0.659}",0.9885,329.7900000000001,330.44900000000007,inf,333.09,333.09
1337,TT4,BESTEFFORT,COMPLETED,m1-1,328.143,"{'m1-1': 2.44, 'm2-1': 1.498, 'm3-1': 3.741, 'm4-1': 0.944}",3.904,328.711,331.151,inf,333.143,333.143
1338,TT4,BESTEFFORT,COMPLETED,m4-1,328.633,"{'m1-1': 1.827, 'm2-1': 1.761, 'm3-1': 3.942, 'm4-1': 0.988}",1.482,330.44900000000007,331.43700000000007,inf,333.633,333.633
1339,TT2,BESTEFFORT,COMPLETED,m1-1,328.775,"{'m1-1': 2.429, 'm2-1': 1.96, 'm3-1': 4.269, 'm4-1': 0.855}",3.8864,331.151,333.58,inf,333.875,333.875
1340,TT2,BESTEFFORT,COMPLETED,m2-1,328.854,"{'m1-1': 1.956, 'm2-1': 1.661, 'm3-1': 4.652, 'm4-1': 0.747}",4.9830000000000005,329.923,331.584,inf,333.954,333.954
1341,TT1,BESTEFFORT,COMPLETED,m4-1,329.119,"{'m1-1': 2.11, 'm2-1': 1.846, 'm3-1': 4.481, 'm4-1': 0.693}",1.0394999999999999,331.43700000000007,332.13000000000005,inf,334.119,334.119
1342,TT1,BESTEFFORT,COMPLETED,m2-1,329.261,"{'m1-1': 2.586, 'm2-1': 1.716, 'm3-1': 4.775, 'm4-1': 0.745}",5.148,331.584,333.3,inf,334.261,334.261
1343,TT4,BESTEFFORT,COMPLETED,m3-1,329.388,"{'m1-1': 2.239, 'm2-1': 1.476, 'm3-1': 3.642, 'm4-1': 1.032}",6.5556,329.388,333.03,inf,334.388,334.388
1344,TT2,BESTEFFORT,MISSED,m1-1,329.48,"{'m1-1': 2.437, 'm2-1': 1.912, 'm3-1': 4.894, 'm4-1': 0.98}",1.6000000000000911,333.58,inf,334.58000000000004,334.58000000000004,334.58000000000004
1345,TT4,BESTEFFORT,COMPLETED,m4-1,329.891,"{'m1-1': 2.135, 'm2-1': 1.372, 'm3-1': 4.289, 'm4-1': 0.809}",1.2135,332.13000000000005,332.9390000000001,inf,334.891,334.891
1346,TT3,BESTEFFORT,COMPLETED,m2-1,330.439,"{'m1-1': 1.857, 'm2-1': 1.416, 'm3-1': 5.551, 'm4-1': 0.945}",4.247999999999999,333.3,334.716,inf,335.639,335.639
1347,TT1,BESTEFFORT,COMPLETED,m4-1,330.46,"{'m1-1': 2.012, 'm2-1': 1.457, 'm3-1': 4.969, 'm4-1': 0.617}",0.9255,332.9390000000001,333.5560000000001,inf,335.46,335.46
1348,TT2,BESTEFFORT,CANCELLED,,330.489,"{'m1-1': 2.462, 'm2-1': 1.785, 'm3-1': 3.975, 'm4-1': 0.821}",0.0,inf,inf,inf,335.589,335.589
1349,TT4,BESTEFFORT,CANCELLED,,330.496,"{'m1-1': 2.42, 'm2-1': 1.794, 'm3-1': 4.547, 'm4-1': 1.067}",0.0,inf,inf,inf,335.496,335.496
1350,TT2,BESTEFFORT,CANCELLED,,330.975,"{'m1-1': 2.167, 'm2-1': 1.841, 'm3-1': 4.125, 'm4-1': 0.984}",0.0,inf,inf,inf,336.07500000000005,336.07500000000005
1351,TT2,BESTEFFORT,CANCELLED,,331.096,"{'m1-1': 2.438, 'm2-1': 1.52, 'm3-1': 4.965, 'm4-1': 0.844}",0.0,inf,inf,inf,336.196,336.196
1352,TT4,BESTEFFORT,CANCELLED,,331.172,"{'m1-1': 2.276, 'm2-1': 1.843, 'm3-1': 3.771, 'm4-1': 0.937}",0.0,inf,inf,inf,336.172,336.172
1353,TT3,BESTEFFORT,CANCELLED,,331.176,"{'m1-1': 2.195, 'm2-1': 1.418, 'm3-1': 5.351, 'm4-1': 0.816}",0.0,inf,inf,inf,336.376,336.376
1354,TT1,BESTEFFORT,COMPLETED,m4-1,331.352,"{'m1-1': 2.347, 'm2-1': 1.851, 'm3-1': 3.604, 'm4-1': 0.689}",1.0334999999999999,333.5560000000001,334.2450000000001,inf,336.352,336.352
1355,TT2,BESTEFFORT,MISSED,m1-1,331.732,"{'m1-1': 2.314, 'm2-1': 1.943, 'm3-1': 4.177, 'm4-1': 0.77}",3.6032000000000153,334.58000000000004,inf,336.83200000000005,336.83200000000005,336.83200000000005
1356,TT1,BESTEFFORT,COMPLETED,m4-1,332.603,"{'m1-1': 2.388, 'm2-1': 1.478, 'm3-1': 4.131, 'm4-1': 0.675}",1.0125000000000002,334.2450000000001,334.92000000000013,inf,337.603,337.603
1357,TT4,BESTEFFORT,COMPLETED,m2-1,332.738,"{'m1-1': 2.376, 'm2-1': 1.753, 'm3-1': 4.14, 'm4-1': 1.045}",5.2589999999999995,334.716,336.469,inf,337.738,337.738
1358,TT2,BESTEFFORT,COMPLETED,m4-1,333.576,"{'m1-1': 2.017, 'm2-1': 1.773, 'm3-1': 3.63, 'm4-1': 0.833}",1.2494999999999998,334.92000000000013,335.75300000000016,inf,338.67600000000004,338.67600000000004
1359,TT2,BESTEFFORT,COMPLETED,m4-1,333.584,"{'m1-1': 2.108, 'm2-1': 2.104, 'm3-1': 4.466, 'm4-1': 0.968}",1.452,335.75300000000016,336.7210000000002,inf,338.684,338.684
1360,TT2,BESTEFFORT,COMPLETED,m2-1,333.682,"{'m1-1': 2.305, 'm2-1': 1.866, 'm3-1': 5.025, 'm4-1': 0.885}",5.598000000000001,336.469,338.335,inf,338.78200000000004,338.78200000000004
1361,TT3,BESTEFFORT,CANCELLED,,333.734,"{'m1-1': 2.24, 'm2-1': 1.27, 'm3-1': 5.695, 'm4-1': 0.873}",0.0,inf,inf,inf,338.93399999999997,338.93399999999997
1362,TT2,BESTEFFORT,COMPLETED,m3-1,333.888,"{'m1-1': 2.569, 'm2-1': 1.585, 'm3-1': 3.985, 'm4-1': 0.91}",7.173,333.888,337.873,inf,338.988,338.988
1363,TT2,BESTEFFORT,COMPLETED,m1-1,334.107,"{'m1-1': 2.138, 'm2-1': 1.597, 'm3-1': 4.522, 'm4-1': 0.885}",3.4208,336.83200000000005,338.97,inf,339.20700000000005,339.20700000000005
1364,TT4,BESTEFFORT,COMPLETED,m4-1,334.127,"{'m1-1': 1.89, 'm2-1': 1.479, 'm3-1': 4.809, 'm4-1': 1.005}",1.5074999999999998,336.7210000000002,337.72600000000017,inf,339.127,339.127
1365,TT1,BESTEFFORT,CANCELLED,,334.633,"{'m1-1': 2.326, 'm2-1': 1.518, 'm3-1': 4.977, 'm4-1': 0.734}",0.0,inf,inf,inf,339.633,339.633
1366,TT3,BESTEFFORT,COMPLETED,m4-1,335.226,"{'m1-1': 1.835, 'm2-1': 1.432, 'm3-1': 4.859, 'm4-1': 0.898}",1.347,337.72600000000017,338.6240000000002,inf,340.426,340.426
1367,TT1,BESTEFFORT,COMPLETED,m4-1,335.815,"{'m1-1': 2.231, 'm2-1': 1.467, 'm3-1': 4.386, 'm4-1': 0.612}",0.9179999999999999,338.6240000000002,339.2360000000002,inf,340.815,340.815
1368,TT1,BESTEFFORT,MISSED,m1-1,336.4,"{'m1-1': 2.505, 'm2-1': 1.543, 'm3-1': 4.454, 'm4-1': 0.735}",3.88799999999992,338.97,inf,341.4,341.4,341.4
1369,TT4,BESTEFFORT,COMPLETED,m4-1,337.618,"{'m1-1': 2.279, 'm2-1': 1.688, 'm3-1': 4.691, 'm4-1': 0.802}",1.203,339.2360000000002,340.03800000000024,inf,342.618,342.618
1370,TT2,BESTEFFORT,COMPLETED,m4-1,337.801,"{'m1-1': 2.197, 'm2-1': 1.641, 'm3-1': 4.178, 'm4-1': 0.949}",1.4235,340.03800000000024,340.98700000000025,inf,342.901,342.901
1371,TT4,BESTEFFORT,COMPLETED,m2-1,338.063,"{'m1-1': 2.401, 'm2-1': 1.343, 'm3-1': 4.605, 'm4-1': 0.806}",4.029,338.335,339.678,inf,343.063,343.063
1372,TT1,BESTEFFORT,MISSED,m1-1,338.256,"{'m1-1': 2.479, 'm2-1': 1.741, 'm3-1': 4.388, 'm4-1': 0.702}",2.9695999999999914,341.4,inf,343.256,343.256,343.256
1373,TT1,BESTEFFORT,COMPLETED,m2-1,338.608,"{'m1-1': 2.235, 'm2-1': 1.738, 'm3-1': 3.604, 'm4-1': 0.716}",5.214,339.678,341.416,inf,343.608,343.608
1374,TT1,BESTEFFORT,COMPLETED,m4-1,338.641,"{'m1-1': 2.393, 'm2-1': 1.969, 'm3-1': 4.622, 'm4-1': 0.742}",1.113,340.98700000000025,341.72900000000027,inf,343.641,343.641
1375,TT3,BESTEFFORT,COMPLETED,m2-1,339.024,"{'m1-1': 2.22, 'm2-1': 1.371, 'm3-1': 4.477, 'm4-1': 0.986}",4.1129999999999995,341.416,342.787,inf,344.224,344.224
1376,TT1,BESTEFFORT,COMPLETED,m3-1,339.212,"{'m1-1': 2.075, 'm2-1': 1.743, 'm3-1': 4.483, 'm4-1': 0.854}",8.0694,339.212,343.695,inf,344.212,344.212
1377,TT4,BESTEFFORT,COMPLETED,m4-1,339.778,"{'m1-1': 2.075, 'm2-1': 1.502, 'm3-1': 4.68, 'm4-1': 1.043}",1.5644999999999998,341.72900000000027,342.7720000000003,inf,344.778,344.778
1378,TT1,BESTEFFORT,COMPLETED,m2-1,339.824,"{'m1-1': 1.925, 'm2-1': 1.824, 'm3-1': 4.624, 'm4-1': 0.664}",5.472,342.787,344.611,inf,344.824,344.824
1379,TT4,BESTEFFORT,CANCELLED,,339.895,"{'m1-1': 2.45, 'm2-1': 1.898, 'm3-1': 4.463, 'm4-1': 0.926}",0.0,inf,inf,inf,344.895,344.895
1380,TT4,BESTEFFORT,CANCELLED,,339.957,"{'m1-1': 2.037, 'm2-1': 1.608, 'm3-1': 4.428, 'm4-1': 0.92}",0.0,inf,inf,inf,344.957,344.957
1381,TT2,BESTEFFORT,COMPLETED,m4-1,340.055,"{'m1-1': 2.443, 'm2-1': 1.875, 'm3-1': 4.478, 'm4-1': 0.795}",1.1925000000000001,342.7720000000003,343.5670000000003,inf,345.15500000000003,345.15500000000003
1382,TT2,BESTEFFORT,MISSED,m1-1,340.109,"{'m1-1': 2.313, 'm2-1': 1.688, 'm3-1': 4.001, 'm4-1': 0.803}",3.12480000000005,343.256,inf,345.209,345.209,345.209
1383,TT3,BESTEFFORT,MISSED,m2-1,340.418,"{'m1-1': 2.293, 'm2-1': 1.717, 'm3-1': 4.266, 'm4-1': 0.817}",3.021000000000015,344.611,inf,345.618,345.618,345.618
1384,TT3,BESTEFFORT,COMPLETED,m4-1,340.484,"{'m1-1': 2.292, 'm2-1': 1.444, 'm3-1': 5.74, 'm4-1': 0.888}",1.332,343.5670000000003,344.45500000000027,inf,345.68399999999997,345.68399999999997
1385,TT1,BESTEFFORT,CANCELLED,,341.175,"{'m1-1': 2.1, 'm2-1': 1.942, 'm3-1': 3.785, 'm4-1': 0.844}",0.0,inf,inf,inf,346.175,346.175
1386,TT4,BESTEFFORT,CANCELLED,,341.288,"{'m1-1': 1.804, 'm2-1': 1.811, 'm3-1': 4.283, 'm4-1': 0.977}",0.0,inf,inf,inf,346.288,346.288
1387,TT2,BESTEFFORT,CANCELLED,,341.512,"{'m1-1': 1.89, 'm2-1': 1.761, 'm3-1': 4.961, 'm4-1': 0.738}",0.0,inf,inf,inf,346.612,346.612
1388,TT2,BESTEFFORT,CANCELLED,,341.582,"{'m1-1': 2.058, 'm2-1': 1.708, 'm3-1': 5.069, 'm4-1': 0.821}",0.0,inf,inf,inf,346.682,346.682
1389,TT2,BESTEFFORT,COMPLETED,m4-1,341.715,"{'m1-1': 1.922, 'm2-1': 1.912, 'm3-1': 4.368, 'm4-1': 0.74}",1.1099999999999999,344.45500000000027,345.1950000000003,inf,346.815,346.815
1390,TT4,BESTEFFORT,CANCELLED,,341.755,"{'m1-1': 1.745, 'm2-1': 1.387, 'm3-1': 4.9, 'm4-1': 0.983}",0.0,inf,inf,inf,346.755,346.755
1391,TT2,BESTEFFORT,CANCELLED,,342.095,"{'m1-1': 2.109, 'm2-1': 1.721, 'm3-1': 4.191, 'm4-1': 0.998}",0.0,inf,inf,inf,347.19500000000005,347.19500000000005
1392,TT2,BESTEFFORT,COMPLETED,m4-1,342.516,"{'m1-1': 2.632, 'm2-1': 1.797, 'm3-1': 5.073, 'm4-1': 0.944}",1.416,345.1950000000003,346.1390000000003,inf,347.61600000000004,347.61600000000004
1393,TT2,BESTEFFORT,COMPLETED,m1-1,343.188,"{'m1-1': 2.421, 'm2-1': 1.702, 'm3-1': 3.722, 'm4-1': 0.829}",3.8735999999999997,345.209,347.63,inf,348.288,348.288
1394,TT4,BESTEFFORT,COMPLETED,m2-1,343.208,"{'m1-1': 2.219, 'm2-1': 1.658, 'm3-1': 3.713, 'm4-1': 0.845}",4.974,345.618,347.276,inf,348.208,348.208
1395,TT2,BESTEFFORT,COMPLETED,m4-1,343.972,"{'m1-1': 2.302, 'm2-1': 1.906, 'm3-1': 3.831, 'm4-1': 0.983}",1.4745,346.1390000000003,347.1220000000003,inf,349.072,349.072
1396,TT3,BESTEFFORT,MISSED,m1-1,343.988,"{'m1-1': 1.909, 'm2-1': 1.623, 'm3-1': 4.552, 'm4-1': 0.759}",2.4927999999999884,347.63,inf,349.188,349.188,349.188
1397,TT4,BESTEFFORT,COMPLETED,m2-1,344.169,"{'m1-1': 2.08, 'm2-1': 1.729, 'm3-1': 3.822, 'm4-1': 1.016}",5.187,347.276,349.005,inf,349.169,349.169
1398,TT2,BESTEFFORT,MISSED,m3-1,344.407,"{'m1-1': 1.948, 'm2-1': 1.785, 'm3-1': 5.109, 'm4-1': 0.913}",9.18000000000004,344.407,inf,349.507,349.507,349.507
1399,TT4,BESTEFFORT,COMPLETED,m4-1,345.073,"{'m1-1': 1.909, 'm2-1': 1.632, 'm3-1': 3.764, 'm4-1': 0.869}",1.3035,347.1220000000003,347.9910000000003,inf,350.073,350.073
1400,TT4,BESTEFFORT,COMPLETED,m4-1,345.347,"{'m1-1': 1.866, 'm2-1': 1.608, 'm3-1': 4.035, 'm4-1': 0.964}",1.446,347.9910000000003,348.9550000000003,inf,350.347,350.347
1401,TT3,BESTEFFORT,MISSED,m2-1,345.474,"{'m1-1': 1.874, 'm2-1': 1.749, 'm3-1': 5.748, 'm4-1': 0.775}",5.006999999999948,349.005,inf,350.674,350.674,350.674
1402,TT1,BESTEFFORT,COMPLETED,m4-1,345.869,"{'m1-1': 2.346, 'm2-1': 1.989, 'm3-1': 3.691, 'm4-1': 0.685}",1.0275,348.9550000000003,349.6400000000003,inf,350.869,350.869
1403,TT2,BESTEFFORT,COMPLETED,m1-1,346.424,"{'m1-1': 2.258, 'm2-1': 2.088, 'm3-1': 3.795, 'm4-1': 0.728}",3.6128,349.188,351.44599999999997,inf,351.524,351.524
1404,TT1,BESTEFFORT,CANCELLED,,346.533,"{'m1-1': 2.458, 'm2-1': 1.845, 'm3-1': 4.505, 'm4-1': 0.739}",0.0,inf,inf,inf,351.533,351.533
1405,TT4,BESTEFFORT,MISSED,m2-1,346.783,"{'m1-1': 2.237, 'm2-1': 1.641, 'm3-1': 4.049, 'm4-1': 0.856}",3.327000000000112,350.674,inf,351.783,351.783,351.783
1406,TT2,BESTEFFORT,COMPLETED,m4-1,347.818,"{'m1-1': 2.628, 'm2-1': 1.948, 'm3-1': 3.662, 'm4-1': 0.936}",1.4040000000000001,349.6400000000003,350.5760000000003,inf,352.918,352.918
1407,TT4,BESTEFFORT,COMPLETED,m4-1,347.918,"{'m1-1': 1.918, 'm2-1': 1.698, 'm3-1': 3.75, 'm4-1': 0.758}",1.137,350.5760000000003,351.3340000000003,inf,352.918,352.918
1408,TT4,BESTEFFORT,MISSED,m1-1,348.246,"{'m1-1': 2.101, 'm2-1': 1.406, 'm3-1': 4.188, 'm4-1': 1.001}",2.8800000000000185,351.44599999999997,inf,353.246,353.246,353.246
1409,TT3,BESTEFFORT,COMPLETED,m2-1,348.347,"{'m1-1': 2.049, 'm2-1': 1.715, 'm3-1': 4.424, 'm4-1': 0.812}",5.1450000000000005,351.783,353.498,inf,353.54699999999997,353.54699999999997
1410,TT3,BESTEFFORT,COMPLETED,m4-1,349.004,"{'m1-1': 1.867, 'm2-1': 1.748, 'm3-1': 4.951, 'm4-1': 0.791}",1.1865,351.3340000000003,352.1250000000003,inf,354.204,354.204
1411,TT2,BESTEFFORT,MISSED,m3-1,349.319,"{'m1-1': 2.325, 'm2-1': 2.049, 'm3-1': 5.074, 'm4-1': 1.018}",8.841600000000062,349.507,inf,354.41900000000004,354.41900000000004,354.41900000000004
1412,TT3,BESTEFFORT,CANCELLED,,349.351,"{'m1-1': 2.064, 'm2-1': 1.748, 'm3-1': 4.596, 'm4-1': 0.997}",0.0,inf,inf,inf,354.551,354.551
1413,TT3,BESTEFFORT,COMPLETED,m4-1,349.83,"{'m1-1': 2.397, 'm2-1': 1.527, 'm3-1': 5.622, 'm4-1': 0.993}",1.4895,352.1250000000003,353.1180000000003,inf,355.03,355.03
1414,TT3,BESTEFFORT,COMPLETED,m4-1,350.806,"{'m1-1': 1.81, 'm2-1': 1.607, 'm3-1': 4.713, 'm4-1': 0.886}",1.329,353.1180000000003,354.0040000000003,inf,356.006,356.006
1415,TT1,BESTEFFORT,COMPLETED,m1-1,351.013,"{'m1-1': 2.191, 'm2-1': 1.639, 'm3-1': 4.411, 'm4-1': 0.695}",3.5056,353.246,355.43699999999995,inf,356.013,356.013
1416,TT1,BESTEFFORT,COMPLETED,m2-1,351.085,"{'m1-1': 2.308, 'm2-1': 1.663, 'm3-1': 4.723, 'm4-1': 0.861}",4.989,353.498,355.161,inf,356.085,356.085
1417,TT1,BESTEFFORT,COMPLETED,m4-1,351.692,"{'m1-1': 2.177, 'm2-1': 1.684, 'm3-1': 3.995, 'm4-1': 0.719}",1.0785,354.0040000000003,354.7230000000003,inf,356.692,356.692
1418,TT2,BESTEFFORT,COMPLETED,m4-1,351.788,"{'m1-1': 1.912, 'm2-1': 1.66, 'm3-1': 3.93, 'm4-1': 0.727}",1.0905,354.7230000000003,355.4500000000003,inf,356.88800000000003,356.88800000000003
1419,TT1,BESTEFFORT,COMPLETED,m2-1,352.264,"{'m1-1': 2.45, 'm2-1': 1.631, 'm3-1': 4.478, 'm4-1': 0.791}",4.893,355.161,356.792,inf,357.264,357.264
1420,TT4,BESTEFFORT,COMPLETED,m4-1,352.344,"{'m1-1': 1.771, 'm2-1': 1.736, 'm3-1': 4.24, 'm4-1': 0.767}",1.1505,355.4500000000003,356.21700000000027,inf,357.344,357.344
1421,TT2,BESTEFFORT,COMPLETED,m1-1,353.376,"{'m1-1': 2.137, 'm2-1': 2.098, 'm3-1': 3.93, 'm4-1': 0.868}",3.4192,355.43699999999995,357.57399999999996,inf,358.476,358.476
1422,TT1,BESTEFFORT,COMPLETED,m2-1,354.003,"{'m1-1': 2.474, 'm2-1': 1.931, 'm3-1': 4.138, 'm4-1': 0.703}",5.793,356.792,358.72299999999996,inf,359.003,359.003
1423,TT3,BESTEFFORT,COMPLETED,m4-1,354.68,"{'m1-1': 1.901, 'm2-1': 1.617, 'm3-1': 4.874, 'm4-1': 0.79}",1.185,356.21700000000027,357.0070000000003,inf,359.88,359.88
1424,TT2,BESTEFFORT,COMPLETED,m4-1,355.12,"{'m1-1': 2.382, 'm2-1': 1.52, 'm3-1': 3.703, 'm4-1': 0.97}",1.455,357.0070000000003,357.9770000000003,inf,360.22,360.22
1425,TT1,BESTEFFORT,COMPLETED,m4-1,355.538,"{'m1-1': 2.474, 'm2-1': 1.827, 'm3-1': 3.884, 'm4-1': 0.661}",0.9915,357.9770000000003,358.6380000000003,inf,360.538,360.538
1426,TT2,BESTEFFORT,COMPLETED,m1-1,355.566,"{'m1-1': 2.359, 'm2-1': 1.987, 'm3-1': 3.997, 'm4-1': 0.953}",3.7744,357.57399999999996,359.93299999999994,inf,360.666,360.666
1427,TT2,BESTEFFORT,COMPLETED,m2-1,355.768,"{'m1-1': 2.644, 'm2-1': 1.904, 'm3-1': 5.001, 'm4-1': 0.891}",5.712,358.72299999999996,360.62699999999995,inf,360.868,360.868
1428,TT1,BESTEFFORT,COMPLETED,m3-1,356.107,"{'m1-1': 2.486, 'm2-1': 1.777, 'm3-1': 3.61, 'm4-1': 0.677}",6.498,356.107,359.71700000000004,inf,361.107,361.107
1429,TT2,BESTEFFORT,COMPLETED,m4-1,356.798,"{'m1-1': 2.311, 'm2-1': 1.847, 'm3-1': 4.063, 'm4-1': 0.861}",1.2915,358.6380000000003,359.4990000000003,inf,361.898,361.898
1430,TT1,BESTEFFORT,COMPLETED,m4-1,357.226,"{'m1-1': 2.277, 'm2-1': 1.675, 'm3-1': 4.549, 'm4-1': 0.671}",1.0065,359.4990000000003,360.1700000000003,inf,362.226,362.226
1431,TT2,BESTEFFORT,COMPLETED,m2-1,357.274,"{'m1-1': 2.615, 'm2-1': 1.671, 'm3-1': 4.344, 'm4-1': 0.752}",5.013,360.62699999999995,362.29799999999994,inf,362.374,362.374
1432,TT2,BESTEFFORT,COMPLETED,m1-1,357.346,"{'m1-1': 2.408, 'm2-1': 2.047, 'm3-1': 4.771, 'm4-1': 0.794}",3.8528000000000002,359.93299999999994,362.34099999999995,inf,362.446,362.446
1433,TT1,BESTEFFORT,COMPLETED,m4-1,357.577,"{'m1-1': 2.062, 'm2-1': 1.631, 'm3-1': 5.1, 'm4-1': 0.675}",1.0125000000000002,360.1700000000003,360.8450000000003,inf,362.577,362.577
1434,TT1,BESTEFFORT,CANCELLED,,358.045,"{'m1-1': 2.528, 'm2-1': 1.438, 'm3-1': 4.86, 'm4-1': 0.658}",0.0,inf,inf,inf,363.045,363.045
1435,TT4,BESTEFFORT,CANCELLED,,358.56,"{'m1-1': 2.234, 'm2-1': 1.803, 'm3-1': 4.703, 'm4-1': 1.037}",0.0,inf,inf,inf,363.56,363.56
1436,TT4,BESTEFFORT,COMPLETED,m4-1,359.106,"{'m1-1': 2.172, 'm2-1': 1.522, 'm3-1': 3.804, 'm4-1': 0.977}",1.4655,360.8450000000003,361.8220000000003,inf,364.106,364.106
1437,TT2,BESTEFFORT,COMPLETED,m2-1,359.208,"{'m1-1': 2.209, 'm2-1': 1.767, 'm3-1': 4.642, 'm4-1': 0.901}",5.301,362.29799999999994,364.06499999999994,inf,364.30800000000005,364.30800000000005
1438,TT4,BESTEFFORT,COMPLETED,m1-1,359.465,"{'m1-1': 1.793, 'm2-1': 1.41, 'm3-1': 3.987, 'm4-1': 1.009}",2.8688000000000002,362.34099999999995,364.13399999999996,inf,364.465,364.465
1439,TT3,BESTEFFORT,COMPLETED,m4-1,359.565,"{'m1-1': 2.286, 'm2-1': 1.345, 'm3-1': 5.968, 'm4-1': 0.72}",1.08,361.8220000000003,362.5420000000003,inf,364.765,364.765
1440,TT3,BESTEFFORT,CANCELLED,,359.88,"{'m1-1': 2.073, 'm2-1': 1.447, 'm3-1': 5.279, 'm4-1': 0.839}",0.0,inf,inf,inf,365.08,365.08
1441,TT3,BESTEFFORT,COMPLETED,m3-1,359.977,"{'m1-1': 2.29, 'm2-1': 1.62, 'm3-1': 4.713, 'm4-1': 0.891}",8.4834,359.977,364.69,inf,365.17699999999996,365.17699999999996
1442,TT4,BESTEFFORT,COMPLETED,m4-1,360.144,"{'m1-1': 2.019, 'm2-1': 1.709, 'm3-1': 4.439, 'm4-1': 1.015}",1.5225,362.5420000000003,363.5570000000003,inf,365.144,365.144
1443,TT3,BESTEFFORT,COMPLETED,m2-1,360.31,"{'m1-1': 1.947, 'm2-1': 1.33, 'm3-1': 5.209, 'm4-1': 0.731}",3.99,364.06499999999994,365.3949999999999,inf,365.51,365.51
1444,TT1,BESTEFFORT,CANCELLED,,360.33,"{'m1-1': 2.108, 'm2-1': 1.613, 'm3-1': 4.905, 'm4-1': 0.627}",0.0,inf,inf,inf,365.33,365.33
1445,TT2,BESTEFFORT,CANCELLED,,360.371,"{'m1-1': 2.361, 'm2-1': 1.912, 'm3-1': 5.115, 'm4-1': 1.007}",0.0,inf,inf,inf,365.471,365.471
1446,TT3,BESTEFFORT,CANCELLED,,360.535,"{'m1-1': 1.979, 'm2-1': 1.283, 'm3-1': 5.119, 'm4-1': 0.824}",0.0,inf,inf,inf,365.735,365.735
1447,TT2,BESTEFFORT,CANCELLED,,360.541,"{'m1-1': 2.137, 'm2-1': 1.913, 'm3-1': 3.792, 'm4-1': 0.815}",0.0,inf,inf,inf,365.641,365.641
1448,TT4,BESTEFFORT,CANCELLED,,360.742,"{'m1-1': 1.785, 'm2-1': 1.349, 'm3-1': 4.234, 'm4-1': 1.01}",0.0,inf,inf,inf,365.742,365.742
1449,TT4,BESTEFFORT,CANCELLED,,360.788,"{'m1-1': 1.785, 'm2-1': 1.842, 'm3-1': 4.976, 'm4-1': 1.014}",0.0,inf,inf,inf,365.788,365.788
1450,TT2,BESTEFFORT,COMPLETED,m4-1,360.929,"{'m1-1': 2.384, 'm2-1': 1.803, 'm3-1': 3.863, 'm4-1': 0.855}",1.2825,363.5570000000003,364.4120000000003,inf,366.029,366.029
1451,TT4,BESTEFFORT,MISSED,m1-1,361.005,"{'m1-1': 2.258, 'm2-1': 1.886, 'm3-1': 3.633, 'm4-1': 0.767}",2.9936000000000607,364.13399999999996,inf,366.005,366.005,366.005
1452,TT1,BESTEFFORT,COMPLETED,m4-1,361.331,"{'m1-1': 1.882, 'm2-1': 1.809, 'm3-1': 5.019, 'm4-1': 0.797}",1.1955,364.4120000000003,365.20900000000034,inf,366.331,366.331
1453,TT4,BESTEFFORT,COMPLETED,m2-1,362.127,"{'m1-1': 1.789, 'm2-1': 1.649, 'm3-1': 5.043, 'm4-1': 0.894}",4.947,365.3949999999999,367.0439999999999,inf,367.127,367.127
1454,TT4,BESTEFFORT,CANCELLED,,362.28,"{'m1-1': 1.749, 'm2-1': 1.373, 'm3-1': 4.167, 'm4-1': 0.957}",0.0,inf,inf,inf,367.28,367.28
1455,TT1,BESTEFFORT,COMPLETED,m4-1,362.348,"{'m1-1': 2.562, 'm2-1': 1.559, 'm3-1': 3.748, 'm4-1': 0.834}",1.251,365.20900000000034,366.04300000000035,inf,367.348,367.348
1456,TT2,BESTEFFORT,CANCELLED,,362.66,"{'m1-1': 2.438, 'm2-1': 1.907, 'm3-1': 3.936, 'm4-1': 0.944}",0.0,inf,inf,inf,367.76000000000005,367.76000000000005
1457,TT3,BESTEFFORT,CANCELLED,,362.888,"{'m1-1': 2.423, 'm2-1': 1.491, 'm3-1': 5.954, 'm4-1': 0.857}",0.0,inf,inf,inf,368.08799999999997,368.08799999999997
1458,TT1,BESTEFFORT,CANCELLED,,363.138,"{'m1-1': 2.382, 'm2-1': 1.815, 'm3-1': 4.553, 'm4-1': 0.829}",0.0,inf,inf,inf,368.138,368.138
1459,TT4,BESTEFFORT,COMPLETED,m1-1,363.418,"{'m1-1': 1.786, 'm2-1': 1.794, 'm3-1': 4.807, 'm4-1': 0.912}",2.8576,366.005,367.791,inf,368.418,368.418
1460,TT1,BESTEFFORT,COMPLETED,m4-1,363.564,"{'m1-1': 2.254, 'm2-1': 1.582, 'm3-1': 4.923, 'm4-1': 0.659}",0.9885,366.04300000000035,366.70200000000034,inf,368.564,368.564
1461,TT3,BESTEFFORT,COMPLETED,m2-1,363.609,"{'m1-1': 2.432, 'm2-1': 1.382, 'm3-1': 5.857, 'm4-1': 0.906}",4.146,367.0439999999999,368.42599999999993,inf,368.80899999999997,368.80899999999997
1462,TT4,BESTEFFORT,CANCELLED,,363.926,"{'m1-1': 1.877, 'm2-1': 1.884, 'm3-1': 4.089, 'm4-1': 0.945}",0.0,inf,inf,inf,368.926,368.926
1463,TT3,BESTEFFORT,CANCELLED,,364.135,"{'m1-1': 1.998, 'm2-1': 1.651, 'm3-1': 5.796, 'm4-1': 0.787}",0.0,inf,inf,inf,369.335,369.335
1464,TT2,BESTEFFORT,CANCELLED,,364.222,"{'m1-1': 1.879, 'm2-1': 2.034, 'm3-1': 4.2, 'm4-1': 0.96}",0.0,inf,inf,inf,369.322,369.322
1465,TT1,BESTEFFORT,COMPLETED,m4-1,364.45,"{'m1-1': 2.413, 'm2-1': 1.8, 'm3-1': 4.431, 'm4-1': 0.808}",1.2120000000000002,366.70200000000034,367.51000000000033,inf,369.45,369.45
1466,TT3,BESTEFFORT,COMPLETED,m1-1,365.169,"{'m1-1': 2.278, 'm2-1': 1.382, 'm3-1': 5.173, 'm4-1': 0.975}",3.6448,367.791,370.069,inf,370.36899999999997,370.36899999999997
1467,TT2,BESTEFFORT,COMPLETED,m4-1,365.317,"{'m1-1': 2.201, 'm2-1': 2.143, 'm3-1': 5.095, 'm4-1': 0.73}",1.095,367.51000000000033,368.24000000000035,inf,370.41700000000003,370.41700000000003
1468,TT2,BESTEFFORT,COMPLETED,m3-1,365.346,"{'m1-1': 1.912, 'm2-1': 1.987, 'm3-1': 3.744, 'm4-1': 0.774}",6.7392,365.346,369.09000000000003,inf,370.446,370.446
1469,TT3,BESTEFFORT,COMPLETED,m2-1,365.461,"{'m1-1': 1.947, 'm2-1': 1.492, 'm3-1': 4.93, 'm4-1': 0.799}",4.476,368.42599999999993,369.91799999999995,inf,370.661,370.661
1470,TT4,BESTEFFORT,CANCELLED,,365.626,"{'m1-1': 2.085, 'm2-1': 1.465, 'm3-1': 4.929, 'm4-1': 1.038}",0.0,inf,inf,inf,370.626,370.626
1471,TT2,BESTEFFORT,CANCELLED,,365.644,"{'m1-1': 2.569, 'm2-1': 1.897, 'm3-1': 4.622, 'm4-1': 1.003}",0.0,inf,inf,inf,370.744,370.744
1472,TT2,BESTEFFORT,CANCELLED,,365.735,"{'m1-1': 1.905, 'm2-1': 1.765, 'm3-1': 3.954, 'm4-1': 0.933}",0.0,inf,inf,inf,370.83500000000004,370.83500000000004
1473,TT4,BESTEFFORT,CANCELLED,,365.854,"{'m1-1': 2.03, 'm2-1': 1.594, 'm3-1': 4.386, 'm4-1': 0.927}",0.0,inf,inf,inf,370.854,370.854
1474,TT1,BESTEFFORT,COMPLETED,m4-1,366.315,"{'m1-1': 2.507, 'm2-1': 1.461, 'm3-1': 4.994, 'm4-1': 0.639}",0.9585,368.24000000000035,368.87900000000036,inf,371.315,371.315
1475,TT4,BESTEFFORT,CANCELLED,,366.452,"{'m1-1': 1.844, 'm2-1': 1.404, 'm3-1': 4.043, 'm4-1': 0.807}",0.0,inf,inf,inf,371.452,371.452
1476,TT3,BESTEFFORT,MISSED,m1-1,366.666,"{'m1-1': 1.836, 'm2-1': 1.266, 'm3-1': 5.233, 'm4-1': 0.964}",2.87519999999995,370.069,inf,371.866,371.866,371.866
1477,TT1,BESTEFFORT,COMPLETED,m4-1,367.001,"{'m1-1': 1.865, 'm2-1': 1.961, 'm3-1': 4.108, 'm4-1': 0.712}",1.068,368.87900000000036,369.59100000000035,inf,372.001,372.001
1478,TT2,BESTEFFORT,COMPLETED,m2-1,367.183,"{'m1-1': 2.38, 'm2-1': 1.906, 'm3-1': 4.125, 'm4-1': 0.877}",5.718,369.91799999999995,371.82399999999996,inf,372.283,372.283
1479,TT3,BESTEFFORT,CANCELLED,,367.257,"{'m1-1': 2.149, 'm2-1': 1.391, 'm3-1': 4.546, 'm4-1': 0.885}",0.0,inf,inf,inf,372.457,372.457
1480,TT1,BESTEFFORT,CANCELLED,,367.482,"{'m1-1': 2.276, 'm2-1': 1.501, 'm3-1': 4.455, 'm4-1': 0.627}",0.0,inf,inf,inf,372.482,372.482
1481,TT1,BESTEFFORT,COMPLETED,m4-1,367.507,"{'m1-1': 2.147, 'm2-1': 1.868, 'm3-1': 4.346, 'm4-1': 0.724}",1.0859999999999999,369.59100000000035,370.31500000000034,inf,372.507,372.507
1482,TT1,BESTEFFORT,CANCELLED,,367.54,"{'m1-1': 1.882, 'm2-1': 1.799, 'm3-1': 3.627, 'm4-1': 0.836}",0.0,inf,inf,inf,372.54,372.54
1483,TT1,BESTEFFORT,COMPLETED,m3-1,367.994,"{'m1-1': 2.221, 'm2-1': 1.402, 'm3-1': 3.685, 'm4-1': 0.789}",6.633,369.09000000000003,372.77500000000003,inf,372.994,372.994
1484,TT2,BESTEFFORT,COMPLETED,m4-1,368.045,"{'m1-1': 2.001, 'm2-1': 1.847, 'm3-1': 4.345, 'm4-1': 0.815}",1.2225,370.31500000000034,371.13000000000034,inf,373.14500000000004,373.14500000000004
1485,TT2,BESTEFFORT,CANCELLED,,368.249,"{'m1-1': 2.481, 'm2-1': 1.76, 'm3-1': 5.095, 'm4-1': 0.78}",0.0,inf,inf,inf,373.34900000000005,373.34900000000005
1486,TT1,BESTEFFORT,COMPLETED,m2-1,368.353,"{'m1-1': 2.309, 'm2-1': 1.519, 'm3-1': 4.084, 'm4-1': 0.822}",4.5569999999999995,371.82399999999996,373.34299999999996,inf,373.353,373.353
1487,TT2,BESTEFFORT,CANCELLED,,368.429,"{'m1-1': 2.433, 'm2-1': 2.124, 'm3-1': 5.109, 'm4-1': 0.822}",0.0,inf,inf,inf,373.529,373.529
1488,TT1,BESTEFFORT,CANCELLED,,368.48,"{'m1-1': 2.318, 'm2-1': 1.452, 'm3-1': 4.339, 'm4-1': 0.824}",0.0,inf,inf,inf,373.48,373.48
1489,TT3,BESTEFFORT,COMPLETED,m4-1,368.972,"{'m1-1': 2.34, 'm2-1': 1.299, 'm3-1': 5.715, 'm4-1': 0.892}",1.338,371.13000000000034,372.02200000000033,inf,374.17199999999997,374.17199999999997
1490,TT2,BESTEFFORT,COMPLETED,m1-1,369.268,"{'m1-1': 2.145, 'm2-1': 2.125, 'm3-1': 4.931, 'm4-1': 0.93}",3.4320000000000004,371.866,374.01099999999997,inf,374.368,374.368
1491,TT3,BESTEFFORT,COMPLETED,m4-1,369.995,"{'m1-1': 2.341, 'm2-1': 1.69, 'm3-1': 4.577, 'm4-1': 1.002}",1.5030000000000001,372.02200000000033,373.02400000000034,inf,375.195,375.195
1492,TT1,BESTEFFORT,COMPLETED,m2-1,370.294,"{'m1-1': 2.468, 'm2-1': 1.913, 'm3-1': 3.86, 'm4-1': 0.796}",5.739,373.34299999999996,375.256,inf,375.294,375.294
1493,TT3,BESTEFFORT,COMPLETED,m4-1,370.324,"{'m1-1': 1.854, 'm2-1': 1.351, 'm3-1': 5.351, 'm4-1': 0.761}",1.1415,373.02400000000034,373.78500000000037,inf,375.524,375.524
1494,TT3,BESTEFFORT,MISSED,m1-1,370.672,"{'m1-1': 1.915, 'm2-1': 1.428, 'm3-1': 4.541, 'm4-1': 0.839}",2.9776000000000753,374.01099999999997,inf,375.872,375.872,375.872
1495,TT3,BESTEFFORT,MISSED,m2-1,370.886,"{'m1-1': 2.416, 'm2-1': 1.758, 'm3-1': 5.173, 'm4-1': 0.944}",2.490000000000123,375.256,inf,376.086,376.086,376.086
1496,TT4,BESTEFFORT,COMPLETED,m4-1,371.127,"{'m1-1': 2.378, 'm2-1': 1.624, 'm3-1': 3.982, 'm4-1': 1.048}",1.572,373.78500000000037,374.83300000000037,inf,376.127,376.127
1497,TT3,BESTEFFORT,CANCELLED,,371.155,"{'m1-1': 2.333, 'm2-1': 1.485, 'm3-1': 5.882, 'm4-1': 0.945}",0.0,inf,inf,inf,376.35499999999996,376.35499999999996
1498,TT3,BESTEFFORT,CANCELLED,,371.245,"{'m1-1': 1.959, 'm2-1': 1.404, 'm3-1': 5.777, 'm4-1': 0.983}",0.0,inf,inf,inf,376.445,376.445
1499,TT1,BESTEFFORT,COMPLETED,m4-1,372.179,"{'m1-1': 2.201, 'm2-1': 1.471, 'm3-1': 4.663, 'm4-1': 0.734}",1.101,374.83300000000037,375.56700000000035,inf,377.179,377.179
1500,TT4,BESTEFFORT,COMPLETED,m4-1,373.185,"{'m1-1': 2.322, 'm2-1': 1.602, 'm3-1': 3.746, 'm4-1': 1.07}",1.605,375.56700000000035,376.63700000000034,inf,378.185,378.185
1501,TT3,BESTEFFORT,COMPLETED,m4-1,373.828,"{'m1-1': 1.882, 'm2-1': 1.424, 'm3-1': 5.741, 'm4-1': 0.855}",1.2825,376.63700000000034,377.49200000000036,inf,379.02799999999996,379.02799999999996
1502,TT4,BESTEFFORT,COMPLETED,m1-1,374.002,"{'m1-1': 1.798, 'm2-1': 1.485, 'm3-1': 4.362, 'm4-1': 1.043}",2.8768000000000002,375.872,377.67,inf,379.002,379.002
1503,TT1,BESTEFFORT,COMPLETED,m2-1,374.04,"{'m1-1': 2.552, 'm2-1': 1.755, 'm3-1': 4.405, 'm4-1': 0.687}",5.265,376.086,377.841,inf,379.04,379.04
1504,TT1,BESTEFFORT,COMPLETED,m3-1,374.244,"{'m1-1': 2.124, 'm2-1': 1.48, 'm3-1': 4.674, 'm4-1': 0.684}",8.413200000000002,374.244,378.918,inf,379.244,379.244
1505,TT2,BESTEFFORT,MISSED,m2-1,374.375,"{'m1-1': 1.973, 'm2-1': 1.968, 'm3-1': 4.535, 'm4-1': 0.836}",4.902000000000044,377.841,inf,379.475,379.475,379.475
1506,TT3,BESTEFFORT,CANCELLED,,374.401,"{'m1-1': 1.736, 'm2-1': 1.689, 'm3-1': 4.564, 'm4-1': 0.908}",0.0,inf,inf,inf,379.601,379.601
1507,TT1,BESTEFFORT,CANCELLED,,374.656,"{'m1-1': 2.466, 'm2-1': 1.501, 'm3-1': 3.796, 'm4-1': 0.842}",0.0,inf,inf,inf,379.656,379.656
1508,TT4,BESTEFFORT,COMPLETED,m4-1,374.929,"{'m1-1': 2.359, 'm2-1': 1.629, 'm3-1': 4.07, 'm4-1': 0.937}",1.4055,377.49200000000036,378.42900000000037,inf,379.929,379.929
1509,TT1,BESTEFFORT,MISSED,m1-1,375.011,"{'m1-1': 2.432, 'm2-1': 1.784, 'm3-1': 4.305, 'm4-1': 0.723}",3.7456000000000134,377.67,inf,380.011,380.011,380.011
1510,TT4,BESTEFFORT,CANCELLED,,375.073,"{'m1-1': 2.25, 'm2-1': 1.697, 'm3-1': 3.897, 'm4-1': 0.977}",0.0,inf,inf,inf,380.073,380.073
1511,TT4,BESTEFFORT,COMPLETED,m4-1,375.541,"{'m1-1': 1.83, 'm2-1': 1.826, 'm3-1': 4.895, 'm4-1': 0.818}",1.2269999999999999,378.42900000000037,379.24700000000036,inf,380.541,380.541
1512,TT2,BESTEFFORT,CANCELLED,,375.639,"{'m1-1': 2.429, 'm2-1': 1.67, 'm3-1': 3.632, 'm4-1': 0.822}",0.0,inf,inf,inf,380.73900000000003,380.73900000000003
1513,TT1,BESTEFFORT,CANCELLED,,376.224,"{'m1-1': 2.167, 'm2-1': 1.899, 'm3-1': 4.506, 'm4-1': 0.709}",0.0,inf,inf,inf,381.224,381.224
1514,TT1,BESTEFFORT,COMPLETED,m2-1,376.552,"{'m1-1': 2.251, 'm2-1': 1.548, 'm3-1': 4.889, 'm4-1': 0.806}",4.644,379.475,381.023,inf,381.552,381.552
1515,TT2,BESTEFFORT,COMPLETED,m4-1,376.655,"{'m1-1': 2.371, 'm2-1': 1.667, 'm3-1': 5.073, 'm4-1': 0.733}",1.0995,379.24700000000036,379.98000000000036,inf,381.755,381.755
1516,TT1,BESTEFFORT,CANCELLED,,376.689,"{'m1-1': 2.104, 'm2-1': 1.447, 'm3-1': 4.025, 'm4-1': 0.836}",0.0,inf,inf,inf,381.689,381.689
1517,TT1,BESTEFFORT,COMPLETED,m1-1,377.154,"{'m1-1': 1.886, 'm2-1': 1.605, 'm3-1': 5.001, 'm4-1': 0.755}",3.0176,380.011,381.89700000000005,inf,382.154,382.154
1518,TT2,BESTEFFORT,COMPLETED,m4-1,377.352,"{'m1-1': 2.269, 'm2-1': 1.949, 'm3-1': 3.658, 'm4-1': 0.894}",1.341,379.98000000000036,380.87400000000036,inf,382.452,382.452
1519,TT2,BESTEFFORT,COMPLETED,m3-1,378.23,"{'m1-1': 2.556, 'm2-1': 2.042, 'm3-1': 3.936, 'm4-1': 0.89}",7.0848,378.918,382.854,inf,383.33000000000004,383.33000000000004
1520,TT1,BESTEFFORT,COMPLETED,m4-1,378.491,"{'m1-1': 1.914, 'm2-1': 1.663, 'm3-1': 4.371, 'm4-1': 0.813}",1.2195,380.87400000000036,381.68700000000035,inf,383.491,383.491
1521,TT4,BESTEFFORT,COMPLETED,m2-1,378.503,"{'m1-1': 1.769, 'm2-1': 1.654, 'm3-1': 4.343, 'm4-1': 1.016}",4.962,381.023,382.677,inf,383.503,383.503
1522,TT3,BESTEFFORT,CANCELLED,,378.637,"{'m1-1': 2.106, 'm2-1': 1.726, 'm3-1': 4.362, 'm4-1': 1.011}",0.0,inf,inf,inf,383.837,383.837
1523,TT1,BESTEFFORT,COMPLETED,m1-1,379.048,"{'m1-1': 1.955, 'm2-1': 1.531, 'm3-1': 4.723, 'm4-1': 0.806}",3.128,381.89700000000005,383.85200000000003,inf,384.048,384.048
1524,TT3,BESTEFFORT,COMPLETED,m4-1,379.372,"{'m1-1': 2.381, 'm2-1': 1.529, 'm3-1': 4.405, 'm4-1': 0.936}",1.4040000000000001,381.68700000000035,382.62300000000033,inf,384.572,384.572
1525,TT3,BESTEFFORT,COMPLETED,m4-1,380.193,"{'m1-1': 2.193, 'm2-1': 1.508, 'm3-1': 4.714, 'm4-1': 0.801}",1.2015,382.62300000000033,383.4240000000003,inf,385.393,385.393
1526,TT1,BESTEFFORT,COMPLETED,m2-1,380.309,"{'m1-1': 2.123, 'm2-1': 1.469, 'm3-1': 4.196, 'm4-1': 0.832}",4.407,382.677,384.146,inf,385.309,385.309
1527,TT3,BESTEFFORT,CANCELLED,,380.446,"{'m1-1': 2.0, 'm2-1': 1.432, 'm3-1': 4.346, 'm4-1': 0.841}",0.0,inf,inf,inf,385.646,385.646
1528,TT1,BESTEFFORT,CANCELLED,,380.469,"{'m1-1': 2.015, 'm2-1': 1.513, 'm3-1': 4.275, 'm4-1': 0.733}",0.0,inf,inf,inf,385.469,385.469
1529,TT1,BESTEFFORT,COMPLETED,m4-1,380.967,"{'m1-1': 2.375, 'm2-1': 1.807, 'm3-1': 4.977, 'm4-1': 0.782}",1.173,383.4240000000003,384.2060000000003,inf,385.967,385.967
1530,TT2,BESTEFFORT,COMPLETED,m4-1,381.711,"{'m1-1': 1.913, 'm2-1': 1.706, 'm3-1': 3.848, 'm4-1': 0.848}",1.272,384.2060000000003,385.0540000000003,inf,386.81100000000004,386.81100000000004
1531,TT4,BESTEFFORT,COMPLETED,m1-1,381.76,"{'m1-1': 2.09, 'm2-1': 1.376, 'm3-1': 4.034, 'm4-1': 0.888}",3.344,383.85200000000003,385.942,inf,386.76,386.76
1532,TT2,BESTEFFORT,COMPLETED,m2-1,381.842,"{'m1-1': 2.188, 'm2-1': 1.576, 'm3-1': 5.05, 'm4-1': 0.76}",4.728,384.146,385.72200000000004,inf,386.942,386.942
1533,TT3,BESTEFFORT,CANCELLED,,382.06,"{'m1-1': 2.095, 'm2-1': 1.618, 'm3-1': 4.941, 'm4-1': 1.011}",0.0,inf,inf,inf,387.26,387.26
1534,TT4,BESTEFFORT,CANCELLED,,382.119,"{'m1-1': 1.819, 'm2-1': 1.685, 'm3-1': 4.364, 'm4-1': 0.876}",0.0,inf,inf,inf,387.119,387.119
1535,TT4,BESTEFFORT,COMPLETED,m3-1,382.379,"{'m1-1': 2.101, 'm2-1': 1.623, 'm3-1': 4.212, 'm4-1': 1.067}",7.5816,382.854,387.066,inf,387.379,387.379
1536,TT4,BESTEFFORT,COMPLETED,m4-1,382.477,"{'m1-1': 2.353, 'm2-1': 1.601, 'm3-1': 5.086, 'm4-1': 0.957}",1.4355,385.0540000000003,386.0110000000003,inf,387.477,387.477
1537,TT2,BESTEFFORT,CANCELLED,,382.804,"{'m1-1': 2.215, 'm2-1': 1.613, 'm3-1': 3.803, 'm4-1': 0.747}",0.0,inf,inf,inf,387.904,387.904
1538,TT1,BESTEFFORT,CANCELLED,,382.989,"{'m1-1': 2.478, 'm2-1': 1.868, 'm3-1': 4.925, 'm4-1': 0.815}",0.0,inf,inf,inf,387.989,387.989
1539,TT4,BESTEFFORT,COMPLETED,m1-1,383.077,"{'m1-1': 1.982, 'm2-1': 1.641, 'm3-1': 4.364, 'm4-1': 0.967}",3.1712000000000002,385.942,387.92400000000004,inf,388.077,388.077
1540,TT3,BESTEFFORT,COMPLETED,m4-1,383.507,"{'m1-1': 2.08, 'm2-1': 1.466, 'm3-1': 5.642, 'm4-1': 0.895}",1.3425,386.0110000000003,386.9060000000003,inf,388.707,388.707
1541,TT2,BESTEFFORT,COMPLETED,m2-1,383.97,"{'m1-1': 2.315, 'm2-1': 1.688, 'm3-1': 4.702, 'm4-1': 0.911}",5.064,385.72200000000004,387.41,inf,389.07000000000005,389.07000000000005
1542,TT4,BESTEFFORT,COMPLETED,m4-1,384.225,"{'m1-1': 2.296, 'm2-1': 1.354, 'm3-1': 5.082, 'm4-1': 0.847}",1.2705,386.9060000000003,387.75300000000027,inf,389.225,389.225
1543,TT1,BESTEFFORT,CANCELLED,,384.342,"{'m1-1': 2.34, 'm2-1': 1.648, 'm3-1': 4.791, 'm4-1': 0.628}",0.0,inf,inf,inf,389.342,389.342
1544,TT1,BESTEFFORT,CANCELLED,,384.745,"{'m1-1': 1.965, 'm2-1': 1.506, 'm3-1': 3.761, 'm4-1': 0.734}",0.0,inf,inf,inf,389.745,389.745
1545,TT3,BESTEFFORT,COMPLETED,m4-1,385.123,"{'m1-1': 1.837, 'm2-1': 1.281, 'm3-1': 5.937, 'm4-1': 0.723}",1.0845,387.75300000000027,388.4760000000003,inf,390.323,390.323
1546,TT2,BESTEFFORT,COMPLETED,m1-1,385.428,"{'m1-1': 2.164, 'm2-1': 1.946, 'm3-1': 4.123, 'm4-1': 0.828}",3.4624000000000006,387.92400000000004,390.088,inf,390.528,390.528
1547,TT1,BESTEFFORT,COMPLETED,m2-1,385.584,"{'m1-1': 2.456, 'm2-1': 1.579, 'm3-1': 4.926, 'm4-1': 0.724}",4.737,387.41,388.98900000000003,inf,390.584,390.584
1548,TT3,BESTEFFORT,CANCELLED,,385.648,"{'m1-1': 1.83, 'm2-1': 1.566, 'm3-1': 5.804, 'm4-1': 0.909}",0.0,inf,inf,inf,390.848,390.848
1549,TT4,BESTEFFORT,CANCELLED,,385.668,"{'m1-1': 2.346, 'm2-1': 1.61, 'm3-1': 3.82, 'm4-1': 0.951}",0.0,inf,inf,inf,390.668,390.668
1550,TT4,BESTEFFORT,COMPLETED,m4-1,386.127,"{'m1-1': 1.807, 'm2-1': 1.505, 'm3-1': 4.811, 'm4-1': 1.034}",1.5510000000000002,388.4760000000003,389.5100000000003,inf,391.127,391.127
1551,TT2,BESTEFFORT,COMPLETED,m2-1,386.357,"{'m1-1': 2.045, 'm2-1': 1.74, 'm3-1': 4.14, 'm4-1': 0.98}",5.22,388.98900000000003,390.72900000000004,inf,391.45700000000005,391.45700000000005
1552,TT1,BESTEFFORT,COMPLETED,m3-1,386.465,"{'m1-1': 2.507, 'm2-1': 1.754, 'm3-1': 4.205, 'm4-1': 0.682}",7.569,387.066,391.27099999999996,inf,391.465,391.465
1553,TT1,BESTEFFORT,CANCELLED,,386.549,"{'m1-1': 2.476, 'm2-1': 1.502, 'm3-1': 4.508, 'm4-1': 0.819}",0.0,inf,inf,inf,391.549,391.549
1554,TT4,BESTEFFORT,MISSED,m1-1,386.563,"{'m1-1': 1.846, 'm2-1': 1.576, 'm3-1': 4.288, 'm4-1': 0.876}",2.3599999999999457,390.088,inf,391.563,391.563,391.563
1555,TT3,BESTEFFORT,CANCELLED,,386.672,"{'m1-1': 1.784, 'm2-1': 1.633, 'm3-1': 5.849, 'm4-1': 0.945}",0.0,inf,inf,inf,391.872,391.872
1556,TT2,BESTEFFORT,CANCELLED,,386.839,"{'m1-1': 2.511, 'm2-1': 1.671, 'm3-1': 4.541, 'm4-1': 0.721}",0.0,inf,inf,inf,391.939,391.939
1557,TT3,BESTEFFORT,COMPLETED,m4-1,387.152,"{'m1-1': 1.838, 'm2-1': 1.458, 'm3-1': 4.247, 'm4-1': 0.82}",1.23,389.5100000000003,390.33000000000027,inf,392.352,392.352
1558,TT4,BESTEFFORT,CANCELLED,,387.229,"{'m1-1': 2.444, 'm2-1': 1.427, 'm3-1': 4.576, 'm4-1': 1.053}",0.0,inf,inf,inf,392.229,392.229
1559,TT2,BESTEFFORT,CANCELLED,,387.23,"{'m1-1': 2.606, 'm2-1': 1.832, 'm3-1': 4.079, 'm4-1': 0.89}",0.0,inf,inf,inf,392.33000000000004,392.33000000000004
1560,TT1,BESTEFFORT,CANCELLED,,387.558,"{'m1-1': 2.571, 'm2-1': 1.967, 'm3-1': 3.858, 'm4-1': 0.761}",0.0,inf,inf,inf,392.558,392.558
1561,TT3,BESTEFFORT,COMPLETED,m2-1,387.601,"{'m1-1': 2.035, 'm2-1': 1.759, 'm3-1': 4.261, 'm4-1': 0.719}",5.276999999999999,390.72900000000004,392.48800000000006,inf,392.801,392.801
1562,TT2,BESTEFFORT,CANCELLED,,387.659,"{'m1-1': 2.169, 'm2-1': 1.737, 'm3-1': 4.956, 'm4-1': 0.995}",0.0,inf,inf,inf,392.759,392.759
1563,TT4,BESTEFFORT,CANCELLED,,387.699,"{'m1-1': 1.948, 'm2-1': 1.545, 'm3-1': 4.472, 'm4-1': 0.95}",0.0,inf,inf,inf,392.699,392.699
1564,TT3,BESTEFFORT,COMPLETED,m4-1,387.841,"{'m1-1': 2.069, 'm2-1': 1.485, 'm3-1': 5.178, 'm4-1': 0.757}",1.1355,390.33000000000027,391.0870000000003,inf,393.041,393.041
1565,TT2,BESTEFFORT,COMPLETED,m4-1,388.435,"{'m1-1': 2.017, 'm2-1': 2.099, 'm3-1': 4.109, 'm4-1': 0.871}",1.3065,391.0870000000003,391.95800000000025,inf,393.535,393.535
1566,TT3,BESTEFFORT,COMPLETED,m4-1,390.449,"{'m1-1': 1.934, 'm2-1': 1.605, 'm3-1': 4.972, 'm4-1': 0.993}",1.4895,391.95800000000025,392.95100000000025,inf,395.649,395.649
1567,TT1,BESTEFFORT,COMPLETED,m4-1,390.939,"{'m1-1': 2.125, 'm2-1': 1.674, 'm3-1': 4.833, 'm4-1': 0.702}",1.053,392.95100000000025,393.65300000000025,inf,395.939,395.939
1568,TT2,BESTEFFORT,COMPLETED,m1-1,390.976,"{'m1-1': 1.893, 'm2-1': 2.034, 'm3-1': 4.359, 'm4-1': 0.846}",3.0288000000000004,391.563,393.45599999999996,inf,396.076,396.076
1569,TT4,BESTEFFORT,COMPLETED,m4-1,391.134,"{'m1-1': 2.224, 'm2-1': 1.521, 'm3-1': 4.996, 'm4-1': 0.902}",1.353,393.65300000000025,394.55500000000023,inf,396.134,396.134
1570,TT4,BESTEFFORT,COMPLETED,m1-1,391.176,"{'m1-1': 2.01, 'm2-1': 1.652, 'm3-1': 3.641, 'm4-1': 1.071}",3.2159999999999997,393.45599999999996,395.46599999999995,inf,396.176,396.176
1571,TT3,BESTEFFORT,COMPLETED,m2-1,391.299,"{'m1-1': 1.804, 'm2-1': 1.484, 'm3-1': 5.086, 'm4-1': 0.927}",4.452,392.48800000000006,393.97200000000004,inf,396.49899999999997,396.49899999999997
1572,TT3,BESTEFFORT,COMPLETED,m2-1,391.476,"{'m1-1': 1.955, 'm2-1': 1.495, 'm3-1': 5.0, 'm4-1': 0.991}",4.485,393.97200000000004,395.46700000000004,inf,396.676,396.676
1573,TT3,BESTEFFORT,COMPLETED,m4-1,391.737,"{'m1-1': 2.061, 'm2-1': 1.415, 'm3-1': 5.975, 'm4-1': 0.895}",1.3425,394.55500000000023,395.4500000000002,inf,396.937,396.937
1574,TT1,BESTEFFORT,COMPLETED,m3-1,391.978,"{'m1-1': 2.397, 'm2-1': 1.702, 'm3-1': 3.805, 'm4-1': 0.734}",6.849,391.978,395.783,inf,396.978,396.978
1575,TT3,BESTEFFORT,COMPLETED,m2-1,392.161,"{'m1-1': 1.859, 'm2-1': 1.7, 'm3-1': 5.332, 'm4-1': 0.98}",5.1,395.46700000000004,397.16700000000003,inf,397.361,397.361
1576,TT3,BESTEFFORT,CANCELLED,,392.32,"{'m1-1': 2.095, 'm2-1': 1.706, 'm3-1': 4.575, 'm4-1': 0.735}",0.0,inf,inf,inf,397.52,397.52
1577,TT2,BESTEFFORT,CANCELLED,,392.456,"{'m1-1': 2.209, 'm2-1': 1.655, 'm3-1': 3.837, 'm4-1': 0.956}",0.0,inf,inf,inf,397.55600000000004,397.55600000000004
1578,TT1,BESTEFFORT,CANCELLED,,392.719,"{'m1-1': 2.449, 'm2-1': 1.846, 'm3-1': 3.65, 'm4-1': 0.747}",0.0,inf,inf,inf,397.719,397.719
1579,TT3,BESTEFFORT,CANCELLED,,392.791,"{'m1-1': 2.24, 'm2-1': 1.405, 'm3-1': 4.73, 'm4-1': 0.875}",0.0,inf,inf,inf,397.991,397.991
1580,TT1,BESTEFFORT,COMPLETED,m1-1,392.915,"{'m1-1': 1.982, 'm2-1': 1.583, 'm3-1': 4.515, 'm4-1': 0.681}",3.1712000000000002,395.46599999999995,397.448,inf,397.915,397.915
1581,TT4,BESTEFFORT,COMPLETED,m4-1,392.995,"{'m1-1': 2.385, 'm2-1': 1.674, 'm3-1': 3.702, 'm4-1': 1.006}",1.509,395.4500000000002,396.4560000000002,inf,397.995,397.995
1582,TT2,BESTEFFORT,CANCELLED,,393.009,"{'m1-1': 2.14, 'm2-1': 2.088, 'm3-1': 3.796, 'm4-1': 0.766}",0.0,inf,inf,inf,398.10900000000004,398.10900000000004
1583,TT1,BESTEFFORT,CANCELLED,,393.026,"{'m1-1': 1.914, 'm2-1': 1.535, 'm3-1': 4.446, 'm4-1': 0.612}",0.0,inf,inf,inf,398.026,398.026
1584,TT2,BESTEFFORT,CANCELLED,,393.512,"{'m1-1': 2.591, 'm2-1': 1.529, 'm3-1': 4.886, 'm4-1': 0.891}",0.0,inf,inf,inf,398.612,398.612
1585,TT4,BESTEFFORT,CANCELLED,,393.593,"{'m1-1': 1.931, 'm2-1': 1.576, 'm3-1': 5.094, 'm4-1': 0.889}",0.0,inf,inf,inf,398.593,398.593
1586,TT1,BESTEFFORT,COMPLETED,m4-1,393.964,"{'m1-1': 1.943, 'm2-1': 1.583, 'm3-1': 3.696, 'm4-1': 0.789}",1.1835,396.4560000000002,397.2450000000002,inf,398.964,398.964
1587,TT1,BESTEFFORT,MISSED,m2-1,393.983,"{'m1-1': 1.876, 'm2-1': 1.916, 'm3-1': 4.136, 'm4-1': 0.728}",5.447999999999922,397.16700000000003,inf,398.983,398.983,398.983
1588,TT1,BESTEFFORT,CANCELLED,,394.026,"{'m1-1': 2.31, 'm2-1': 1.685, 'm3-1': 4.028, 'm4-1': 0.801}",0.0,inf,inf,inf,399.026,399.026
1589,TT3,BESTEFFORT,MISSED,m1-1,394.057,"{'m1-1': 2.22, 'm2-1': 1.791, 'm3-1': 5.624, 'm4-1': 0.997}",2.894400000000042,397.448,inf,399.257,399.257,399.257
1590,TT1,BESTEFFORT,CANCELLED,,394.245,"{'m1-1': 2.291, 'm2-1': 1.779, 'm3-1': 4.654, 'm4-1': 0.684}",0.0,inf,inf,inf,399.245,399.245
1591,TT3,BESTEFFORT,CANCELLED,,394.376,"{'m1-1': 2.236, 'm2-1': 1.786, 'm3-1': 4.468, 'm4-1': 0.993}",0.0,inf,inf,inf,399.57599999999996,399.57599999999996
1592,TT2,BESTEFFORT,CANCELLED,,394.515,"{'m1-1': 1.997, 'm2-1': 1.585, 'm3-1': 4.237, 'm4-1': 0.795}",0.0,inf,inf,inf,399.615,399.615
1593,TT1,BESTEFFORT,CANCELLED,,394.552,"{'m1-1': 2.584, 'm2-1': 1.952, 'm3-1': 4.611, 'm4-1': 0.713}",0.0,inf,inf,inf,399.552,399.552
1594,TT2,BESTEFFORT,COMPLETED,m4-1,394.637,"{'m1-1': 2.577, 'm2-1': 1.793, 'm3-1': 4.29, 'm4-1': 0.734}",1.101,397.2450000000002,397.97900000000016,inf,399.737,399.737
1595,TT3,BESTEFFORT,CANCELLED,,395.014,"{'m1-1': 2.028, 'm2-1': 1.388, 'm3-1': 5.095, 'm4-1': 0.857}",0.0,inf,inf,inf,400.214,400.214
1596,TT1,BESTEFFORT,CANCELLED,,395.38,"{'m1-1': 2.234, 'm2-1': 1.616, 'm3-1': 4.357, 'm4-1': 0.661}",0.0,inf,inf,inf,400.38,400.38
1597,TT1,BESTEFFORT,COMPLETED,m4-1,395.863,"{'m1-1': 1.955, 'm2-1': 1.905, 'm3-1': 4.747, 'm4-1': 0.659}",0.9885,397.97900000000016,398.63800000000015,inf,400.863,400.863
1598,TT2,BESTEFFORT,COMPLETED,m2-1,396.295,"{'m1-1': 2.333, 'm2-1': 2.054, 'm3-1': 4.2, 'm4-1': 0.944}",6.161999999999999,398.983,401.037,inf,401.39500000000004,401.39500000000004
1599,TT2,BESTEFFORT,COMPLETED,m4-1,396.733,"{'m1-1': 1.897, 'm2-1': 1.918, 'm3-1': 4.529, 'm4-1': 0.812}",1.218,398.63800000000015,399.45000000000016,inf,401.833,401.833
1600,TT4,BESTEFFORT,COMPLETED,m1-1,396.735,"{'m1-1': 2.293, 'm2-1': 1.786, 'm3-1': 4.351, 'm4-1': 0.857}",3.6688000000000005,399.257,401.55,inf,401.735,401.735
1601,TT2,BESTEFFORT,COMPLETED,m3-1,396.879,"{'m1-1': 2.323, 'm2-1': 1.612, 'm3-1': 4.259, 'm4-1': 0.933}",7.666200000000001,396.879,401.13800000000003,inf,401.97900000000004,401.97900000000004
1602,TT3,BESTEFFORT,MISSED,m2-1,396.93,"{'m1-1': 1.901, 'm2-1': 1.564, 'm3-1': 5.312, 'm4-1': 0.744}",3.279000000000053,401.037,inf,402.13,402.13,402.13
1603,TT4,BESTEFFORT,COMPLETED,m4-1,397.736,"{'m1-1': 2.012, 'm2-1': 1.708, 'm3-1': 4.967, 'm4-1': 0.807}",1.2105000000000001,399.45000000000016,400.2570000000002,inf,402.736,402.736
1604,TT4,BESTEFFORT,COMPLETED,m4-1,398.701,"{'m1-1': 1.801, 'm2-1': 1.667, 'm3-1': 4.879, 'm4-1': 1.018}",1.5270000000000001,400.2570000000002,401.27500000000015,inf,403.701,403.701
1605,TT4,BESTEFFORT,COMPLETED,m4-1,398.852,"{'m1-1': 1.949, 'm2-1': 1.366, 'm3-1': 4.045, 'm4-1': 0.987}",1.4805,401.27500000000015,402.26200000000017,inf,403.852,403.852
1606,TT1,BESTEFFORT,COMPLETED,m1-1,398.926,"{'m1-1': 2.194, 'm2-1': 1.549, 'm3-1': 4.355, 'm4-1': 0.837}",3.5104,401.55,403.744,inf,403.926,403.926
1607,TT4,BESTEFFORT,COMPLETED,m2-1,398.948,"{'m1-1': 2.287, 'm2-1': 1.691, 'm3-1': 4.003, 'm4-1': 0.972}",5.073,402.13,403.82099999999997,inf,403.948,403.948
1608,TT4,BESTEFFORT,COMPLETED,m4-1,399.873,"{'m1-1': 2.219, 'm2-1': 1.89, 'm3-1': 4.071, 'm4-1': 0.873}",1.3094999999999999,402.26200000000017,403.13500000000016,inf,404.873,404.873
1609,TT1,BESTEFFORT,MISSED,m2-1,400.117,"{'m1-1': 2.479, 'm2-1': 1.531, 'm3-1': 4.031, 'm4-1': 0.732}",3.8880000000001473,403.82099999999997,inf,405.117,405.117,405.117
1610,TT3,BESTEFFORT,COMPLETED,m4-1,400.281,"{'m1-1': 2.227, 'm2-1': 1.736, 'm3-1': 4.895, 'm4-1': 1.001}",1.5014999999999998,403.13500000000016,404.13600000000014,inf,405.481,405.481
1611,TT4,BESTEFFORT,MISSED,m1-1,400.411,"{'m1-1': 2.261, 'm2-1': 1.709, 'm3-1': 3.897, 'm4-1': 0.997}",2.667199999999957,403.744,inf,405.411,405.411,405.411
1612,TT1,BESTEFFORT,CANCELLED,,400.426,"{'m1-1': 2.483, 'm2-1': 1.543, 'm3-1': 4.029, 'm4-1': 0.845}",0.0,inf,inf,inf,405.426,405.426
1613,TT4,BESTEFFORT,CANCELLED,,400.593,"{'m1-1': 2.268, 'm2-1': 1.694, 'm3-1': 3.693, 'm4-1': 0.8}",0.0,inf,inf,inf,405.593,405.593
1614,TT2,BESTEFFORT,COMPLETED,m3-1,400.619,"{'m1-1': 1.972, 'm2-1': 1.652, 'm3-1': 3.903, 'm4-1': 0.749}",7.0254,401.13800000000003,405.04100000000005,inf,405.71900000000005,405.71900000000005
1615,TT2,BESTEFFORT,CANCELLED,,400.715,"{'m1-1': 1.996, 'm2-1': 1.869, 'm3-1': 4.793, 'm4-1': 0.823}",0.0,inf,inf,inf,405.815,405.815
1616,TT4,BESTEFFORT,COMPLETED,m4-1,401.505,"{'m1-1': 2.385, 'm2-1': 1.366, 'm3-1': 3.642, 'm4-1': 0.812}",1.218,404.13600000000014,404.94800000000015,inf,406.505,406.505
1617,TT2,BESTEFFORT,CANCELLED,,401.586,"{'m1-1': 2.531, 'm2-1': 1.847, 'm3-1': 4.527, 'm4-1': 0.899}",0.0,inf,inf,inf,406.68600000000004,406.68600000000004
1618,TT1,BESTEFFORT,COMPLETED,m2-1,401.964,"{'m1-1': 2.346, 'm2-1': 1.577, 'm3-1': 5.019, 'm4-1': 0.659}",4.731,405.117,406.694,inf,406.964,406.964
1619,TT3,BESTEFFORT,MISSED,m1-1,402.061,"{'m1-1': 1.89, 'm2-1': 1.566, 'm3-1': 4.517, 'm4-1': 0.813}",2.959999999999946,405.411,inf,407.26099999999997,407.26099999999997,407.26099999999997
1620,TT1,BESTEFFORT,COMPLETED,m4-1,402.158,"{'m1-1': 2.343, 'm2-1': 1.465, 'm3-1': 3.972, 'm4-1': 0.698}",1.047,404.94800000000015,405.64600000000013,inf,407.158,407.158
1621,TT3,BESTEFFORT,CANCELLED,,402.77,"{'m1-1': 2.397, 'm2-1': 1.73, 'm3-1': 5.715, 'm4-1': 0.821}",0.0,inf,inf,inf,407.96999999999997,407.96999999999997
1622,TT1,BESTEFFORT,CANCELLED,,402.937,"{'m1-1': 2.347, 'm2-1': 1.543, 'm3-1': 4.219, 'm4-1': 0.791}",0.0,inf,inf,inf,407.937,407.937
1623,TT3,BESTEFFORT,COMPLETED,m4-1,404.556,"{'m1-1': 1.863, 'm2-1': 1.71, 'm3-1': 4.568, 'm4-1': 0.746}",1.119,405.64600000000013,406.3920000000001,inf,409.756,409.756
1624,TT1,BESTEFFORT,COMPLETED,m4-1,404.806,"{'m1-1': 2.566, 'm2-1': 1.959, 'm3-1': 4.46, 'm4-1': 0.641}",0.9615,406.3920000000001,407.03300000000013,inf,409.806,409.806
1625,TT2,BESTEFFORT,COMPLETED,m4-1,404.965,"{'m1-1': 2.558, 'm2-1': 1.789, 'm3-1': 3.792, 'm4-1': 0.911}",1.3665,407.03300000000013,407.94400000000013,inf,410.065,410.065
1626,TT1,BESTEFFORT,COMPLETED,m1-1,405.301,"{'m1-1': 2.483, 'm2-1': 1.562, 'm3-1': 3.807, 'm4-1': 0.703}",3.9728000000000003,407.26099999999997,409.74399999999997,inf,410.301,410.301
1627,TT1,BESTEFFORT,COMPLETED,m4-1,405.837,"{'m1-1': 1.98, 'm2-1': 1.905, 'm3-1': 4.108, 'm4-1': 0.629}",0.9435,407.94400000000013,408.57300000000015,inf,410.837,410.837
1628,TT2,BESTEFFORT,COMPLETED,m2-1,406.126,"{'m1-1': 2.566, 'm2-1': 1.592, 'm3-1': 4.946, 'm4-1': 0.845}",4.776,406.694,408.286,inf,411.226,411.226
1629,TT4,BESTEFFORT,COMPLETED,m4-1,406.745,"{'m1-1': 2.075, 'm2-1': 1.659, 'm3-1': 4.641, 'm4-1': 0.994}",1.491,408.57300000000015,409.5670000000002,inf,411.745,411.745
1630,TT2,BESTEFFORT,COMPLETED,m4-1,407.977,"{'m1-1': 2.277, 'm2-1': 1.546, 'm3-1': 4.508, 'm4-1': 0.866}",1.299,409.5670000000002,410.43300000000016,inf,413.077,413.077
1631,TT1,BESTEFFORT,COMPLETED,m4-1,408.365,"{'m1-1': 2.525, 'm2-1': 1.684, 'm3-1': 4.138, 'm4-1': 0.727}",1.0905,410.43300000000016,411.16000000000014,inf,413.365,413.365
1632,TT2,BESTEFFORT,COMPLETED,m4-1,409.157,"{'m1-1': 2.628, 'm2-1': 1.726, 'm3-1': 4.956, 'm4-1': 0.811}",1.2165000000000001,411.16000000000014,411.9710000000001,inf,414.257,414.257
1633,TT2,BESTEFFORT,COMPLETED,m4-1,410.366,"{'m1-1': 2.269, 'm2-1': 1.793, 'm3-1': 4.409, 'm4-1': 0.753}",1.1295,411.9710000000001,412.7240000000001,inf,415.466,415.466
1634,TT2,BESTEFFORT,COMPLETED,m4-1,411.565,"{'m1-1': 2.232, 'm2-1': 2.126, 'm3-1': 4.714, 'm4-1': 0.781}",1.1715,412.7240000000001,413.5050000000001,inf,416.665,416.665
1635,TT3,BESTEFFORT,COMPLETED,m4-1,411.566,"{'m1-1': 2.139, 'm2-1': 1.302, 'm3-1': 5.853, 'm4-1': 1.002}",1.5030000000000001,413.5050000000001,414.5070000000001,inf,416.76599999999996,416.76599999999996
1636,TT1,BESTEFFORT,COMPLETED,m1-1,411.738,"{'m1-1': 2.494, 'm2-1': 1.662, 'm3-1': 4.562, 'm4-1': 0.729}",3.9904000000000006,411.738,414.232,inf,416.738,416.738
1637,TT3,BESTEFFORT,COMPLETED,m4-1,412.063,"{'m1-1': 2.074, 'm2-1': 1.484, 'm3-1': 5.508, 'm4-1': 0.788}",1.182,414.5070000000001,415.29500000000013,inf,417.263,417.263
1638,TT4,BESTEFFORT,COMPLETED,m4-1,412.761,"{'m1-1': 2.147, 'm2-1': 1.789, 'm3-1': 4.914, 'm4-1': 0.765}",1.1475,415.29500000000013,416.0600000000001,inf,417.761,417.761
1639,TT3,BESTEFFORT,COMPLETED,m1-1,413.024,"{'m1-1': 1.794, 'm2-1': 1.451, 'm3-1': 5.783, 'm4-1': 0.909}",2.8704,414.232,416.026,inf,418.224,418.224
1640,TT4,BESTEFFORT,COMPLETED,m4-1,413.552,"{'m1-1': 1.798, 'm2-1': 1.582, 'm3-1': 4.091, 'm4-1': 0.774}",1.161,416.0600000000001,416.8340000000001,inf,418.552,418.552
1641,TT1,BESTEFFORT,COMPLETED,m1-1,413.956,"{'m1-1': 2.12, 'm2-1': 1.825, 'm3-1': 3.882, 'm4-1': 0.677}",3.3920000000000003,416.026,418.146,inf,418.956,418.956
1642,TT4,BESTEFFORT,COMPLETED,m2-1,413.977,"{'m1-1': 1.916, 'm2-1': 1.851, 'm3-1': 4.036, 'm4-1': 0.897}",5.553,413.977,415.828,inf,418.977,418.977
1643,TT1,BESTEFFORT,COMPLETED,m4-1,414.632,"{'m1-1': 2.351, 'm2-1': 1.818, 'm3-1': 3.783, 'm4-1': 0.825}",1.2374999999999998,416.8340000000001,417.6590000000001,inf,419.632,419.632
1644,TT2,BESTEFFORT,COMPLETED,m2-1,414.652,"{'m1-1': 1.88, 'm2-1': 1.819, 'm3-1': 4.351, 'm4-1': 0.987}",5.457,415.828,417.647,inf,419.752,419.752
1645,TT2,BESTEFFORT,COMPLETED,m2-1,414.691,"{'m1-1': 2.36, 'm2-1': 1.637, 'm3-1': 4.409, 'm4-1': 0.83}",4.911,417.647,419.284,inf,419.791,419.791
1646,TT4,BESTEFFORT,COMPLETED,m3-1,414.811,"{'m1-1': 1.861, 'm2-1': 1.734, 'm3-1': 3.926, 'm4-1': 1.045}",7.066800000000001,414.811,418.73699999999997,inf,419.811,419.811
1647,TT3,BESTEFFORT,CANCELLED,,414.837,"{'m1-1': 2.329, 'm2-1': 1.58, 'm3-1': 4.783, 'm4-1': 0.912}",0.0,inf,inf,inf,420.037,420.037
1648,TT1,BESTEFFORT,CANCELLED,,414.917,"{'m1-1': 2.431, 'm2-1': 1.947, 'm3-1': 4.331, 'm4-1': 0.746}",0.0,inf,inf,inf,419.917,419.917
1649,TT2,BESTEFFORT,COMPLETED,m4-1,415.314,"{'m1-1': 2.005, 'm2-1': 1.889, 'm3-1': 4.44, 'm4-1': 0.819}",1.2285,417.6590000000001,418.4780000000001,inf,420.41400000000004,420.41400000000004
1650,TT3,BESTEFFORT,MISSED,m2-1,415.407,"{'m1-1': 2.129, 'm2-1': 1.514, 'm3-1': 5.705, 'm4-1': 0.784}",3.9689999999999372,419.284,inf,420.60699999999997,420.60699999999997,420.60699999999997
1651,TT4,BESTEFFORT,COMPLETED,m1-1,416.047,"{'m1-1': 2.158, 'm2-1': 1.601, 'm3-1': 5.104, 'm4-1': 0.918}",3.4528,418.146,420.30400000000003,inf,421.047,421.047
1652,TT2,BESTEFFORT,COMPLETED,m4-1,416.285,"{'m1-1': 2.04, 'm2-1': 1.883, 'm3-1': 4.777, 'm4-1': 0.968}",1.452,418.4780000000001,419.44600000000014,inf,421.38500000000005,421.38500000000005
1653,TT4,BESTEFFORT,CANCELLED,,416.569,"{'m1-1': 2.081, 'm2-1': 1.848, 'm3-1': 4.531, 'm4-1': 0.965}",0.0,inf,inf,inf,421.569,421.569
1654,TT1,BESTEFFORT,CANCELLED,,416.571,"{'m1-1': 2.491, 'm2-1': 1.948, 'm3-1': 4.62, 'm4-1': 0.751}",0.0,inf,inf,inf,421.571,421.571
1655,TT3,BESTEFFORT,COMPLETED,m4-1,416.822,"{'m1-1': 2.271, 'm2-1': 1.786, 'm3-1': 5.526, 'm4-1': 0.979}",1.4685,419.44600000000014,420.4250000000001,inf,422.022,422.022
1656,TT1,BESTEFFORT,CANCELLED,,416.908,"{'m1-1': 2.477, 'm2-1': 1.541, 'm3-1': 4.292, 'm4-1': 0.722}",0.0,inf,inf,inf,421.908,421.908
1657,TT3,BESTEFFORT,COMPLETED,m2-1,417.116,"{'m1-1': 2.038, 'm2-1': 1.345, 'm3-1': 5.878, 'm4-1': 1.014}",4.035,420.60699999999997,421.952,inf,422.316,422.316
1658,TT2,BESTEFFORT,CANCELLED,,417.431,"{'m1-1': 2.065, 'm2-1': 1.864, 'm3-1': 4.166, 'm4-1': 0.83}",0.0,inf,inf,inf,422.531,422.531
1659,TT2,BESTEFFORT,MISSED,m1-1,417.499,"{'m1-1': 2.341, 'm2-1': 1.665, 'm3-1': 4.79, 'm4-1': 0.892}",3.6720000000000255,420.30400000000003,inf,422.59900000000005,422.59900000000005,422.59900000000005
1660,TT4,BESTEFFORT,COMPLETED,m4-1,417.805,"{'m1-1': 2.165, 'm2-1': 1.799, 'm3-1': 5.049, 'm4-1': 0.815}",1.2225,420.4250000000001,421.2400000000001,inf,422.805,422.805
1661,TT3,BESTEFFORT,CANCELLED,,417.911,"{'m1-1': 1.876, 'm2-1': 1.456, 'm3-1': 5.92, 'm4-1': 0.746}",0.0,inf,inf,inf,423.111,423.111
1662,TT4,BESTEFFORT,COMPLETED,m4-1,418.518,"{'m1-1': 2.033, 'm2-1': 1.601, 'm3-1': 3.633, 'm4-1': 0.957}",1.4355,421.2400000000001,422.1970000000001,inf,423.518,423.518
1663,TT4,BESTEFFORT,MISSED,m3-1,418.56,"{'m1-1': 2.364, 'm2-1': 1.571, 'm3-1': 4.957, 'm4-1': 0.841}",8.681400000000066,418.73699999999997,inf,423.56,423.56,423.56
1664,TT3,BESTEFFORT,COMPLETED,m2-1,418.624,"{'m1-1': 2.063, 'm2-1': 1.368, 'm3-1': 4.679, 'm4-1': 0.933}",4.104,421.952,423.32,inf,423.824,423.824
1665,TT2,BESTEFFORT,CANCELLED,,418.828,"{'m1-1': 2.341, 'm2-1': 1.627, 'm3-1': 3.772, 'm4-1': 0.884}",0.0,inf,inf,inf,423.928,423.928
1666,TT2,BESTEFFORT,CANCELLED,,418.868,"{'m1-1': 2.61, 'm2-1': 1.761, 'm3-1': 3.691, 'm4-1': 0.772}",0.0,inf,inf,inf,423.968,423.968
1667,TT3,BESTEFFORT,CANCELLED,,418.921,"{'m1-1': 2.271, 'm2-1': 1.358, 'm3-1': 5.147, 'm4-1': 0.744}",0.0,inf,inf,inf,424.121,424.121
1668,TT1,BESTEFFORT,CANCELLED,,418.961,"{'m1-1': 1.939, 'm2-1': 1.875, 'm3-1': 3.942, 'm4-1': 0.751}",0.0,inf,inf,inf,423.961,423.961
1669,TT1,BESTEFFORT,CANCELLED,,418.961,"{'m1-1': 1.922, 'm2-1': 1.825, 'm3-1': 4.108, 'm4-1': 0.614}",0.0,inf,inf,inf,423.961,423.961
1670,TT4,BESTEFFORT,CANCELLED,,419.087,"{'m1-1': 2.335, 'm2-1': 1.809, 'm3-1': 4.012, 'm4-1': 0.859}",0.0,inf,inf,inf,424.087,424.087
1671,TT2,BESTEFFORT,MISSED,m1-1,419.238,"{'m1-1': 2.604, 'm2-1': 1.654, 'm3-1': 5.043, 'm4-1': 1.002}",2.782399999999962,422.59900000000005,inf,424.338,424.338,424.338
1672,TT2,BESTEFFORT,COMPLETED,m4-1,419.437,"{'m1-1': 2.368, 'm2-1': 1.725, 'm3-1': 4.368, 'm4-1': 0.984}",1.476,422.1970000000001,423.1810000000001,inf,424.53700000000003,424.53700000000003
1673,TT2,BESTEFFORT,CANCELLED,,419.451,"{'m1-1': 1.903, 'm2-1': 1.973, 'm3-1': 3.705, 'm4-1': 0.913}",0.0,inf,inf,inf,424.55100000000004,424.55100000000004
1674,TT4,BESTEFFORT,COMPLETED,m2-1,420.082,"{'m1-1': 2.158, 'm2-1': 1.366, 'm3-1': 4.981, 'm4-1': 0.893}",4.098000000000001,423.32,424.686,inf,425.082,425.082
1675,TT1,BESTEFFORT,CANCELLED,,420.152,"{'m1-1': 2.042, 'm2-1': 1.728, 'm3-1': 4.772, 'm4-1': 0.723}",0.0,inf,inf,inf,425.152,425.152
1676,TT4,BESTEFFORT,COMPLETED,m4-1,420.366,"{'m1-1': 1.743, 'm2-1': 1.368, 'm3-1': 4.258, 'm4-1': 0.91}",1.365,423.1810000000001,424.0910000000001,inf,425.366,425.366
1677,TT1,BESTEFFORT,CANCELLED,,420.903,"{'m1-1': 2.322, 'm2-1': 1.459, 'm3-1': 4.347, 'm4-1': 0.74}",0.0,inf,inf,inf,425.903,425.903
1678,TT2,BESTEFFORT,CANCELLED,,421.012,"{'m1-1': 2.283, 'm2-1': 1.96, 'm3-1': 4.533, 'm4-1': 0.752}",0.0,inf,inf,inf,426.112,426.112
1679,TT3,BESTEFFORT,COMPLETED,m2-1,421.167,"{'m1-1': 1.875, 'm2-1': 1.515, 'm3-1': 5.492, 'm4-1': 1.006}",4.545,424.686,426.20099999999996,inf,426.36699999999996,426.36699999999996
1680,TT3,BESTEFFORT,COMPLETED,m4-1,421.617,"{'m1-1': 2.013, 'm2-1': 1.636, 'm3-1': 4.957, 'm4-1': 0.986}",1.479,424.0910000000001,425.0770000000001,inf,426.817,426.817
1681,TT1,BESTEFFORT,MISSED,m1-1,421.782,"{'m1-1': 2.447, 'm2-1': 1.547, 'm3-1': 4.029, 'm4-1': 0.723}",3.910399999999936,424.338,inf,426.782,426.782,426.782
1682,TT3,BESTEFFORT,COMPLETED,m4-1,422.583,"{'m1-1': 2.151, 'm2-1': 1.601, 'm3-1': 5.333, 'm4-1': 0.989}",1.4835,425.0770000000001,426.0660000000001,inf,427.783,427.783
1683,TT1,BESTEFFORT,COMPLETED,m2-1,423.039,"{'m1-1': 2.276, 'm2-1': 1.723, 'm3-1': 3.669, 'm4-1': 0.854}",5.1690000000000005,426.20099999999996,427.924,inf,428.039,428.039
1684,TT2,BESTEFFORT,COMPLETED,m4-1,423.45,"{'m1-1': 1.89, 'm2-1': 1.942, 'm3-1': 3.744, 'm4-1': 0.968}",1.452,426.0660000000001,427.0340000000001,inf,428.55,428.55
1685,TT4,BESTEFFORT,MISSED,m3-1,423.451,"{'m1-1': 2.39, 'm2-1': 1.664, 'm3-1': 4.936, 'm4-1': 0.974}",8.803800000000036,423.56,inf,428.451,428.451,428.451
1686,TT4,BESTEFFORT,MISSED,m1-1,423.468,"{'m1-1': 2.077, 'm2-1': 1.47, 'm3-1': 3.974, 'm4-1': 0.989}",2.697600000000057,426.782,inf,428.468,428.468,428.468
1687,TT4,BESTEFFORT,COMPLETED,m4-1,424.204,"{'m1-1': 2.228, 'm2-1': 1.774, 'm3-1': 4.748, 'm4-1': 0.774}",1.161,427.0340000000001,427.8080000000001,inf,429.204,429.204
1688,TT2,BESTEFFORT,CANCELLED,,424.583,"{'m1-1': 2.569, 'm2-1': 1.571, 'm3-1': 3.752, 'm4-1': 0.765}",0.0,inf,inf,inf,429.68300000000005,429.68300000000005
1689,TT2,BESTEFFORT,MISSED,m2-1,424.604,"{'m1-1': 1.895, 'm2-1': 2.144, 'm3-1': 4.774, 'm4-1': 1.008}",5.340000000000089,427.924,inf,429.704,429.704,429.704
1690,TT2,BESTEFFORT,CANCELLED,,424.655,"{'m1-1': 2.433, 'm2-1': 1.882, 'm3-1': 4.072, 'm4-1': 0.77}",0.0,inf,inf,inf,429.755,429.755
1691,TT4,BESTEFFORT,COMPLETED,m4-1,424.729,"{'m1-1': 2.045, 'm2-1': 1.86, 'm3-1': 3.763, 'm4-1': 0.862}",1.293,427.8080000000001,428.67000000000013,inf,429.729,429.729
1692,TT4,BESTEFFORT,CANCELLED,,425.201,"{'m1-1': 2.369, 'm2-1': 1.756, 'm3-1': 4.184, 'm4-1': 1.05}",0.0,inf,inf,inf,430.201,430.201
1693,TT4,BESTEFFORT,CANCELLED,,425.368,"{'m1-1': 1.968, 'm2-1': 1.753, 'm3-1': 4.145, 'm4-1': 0.876}",0.0,inf,inf,inf,430.368,430.368
1694,TT1,BESTEFFORT,COMPLETED,m1-1,425.859,"{'m1-1': 2.185, 'm2-1': 1.582, 'm3-1': 4.204, 'm4-1': 0.803}",3.4960000000000004,428.468,430.653,inf,430.859,430.859
1695,TT2,BESTEFFORT,COMPLETED,m4-1,426.161,"{'m1-1': 2.156, 'm2-1': 1.921, 'm3-1': 4.592, 'm4-1': 0.765}",1.1475,428.67000000000013,429.4350000000001,inf,431.261,431.261
1696,TT2,BESTEFFORT,CANCELLED,,426.265,"{'m1-1': 2.14, 'm2-1': 1.517, 'm3-1': 3.642, 'm4-1': 0.835}",0.0,inf,inf,inf,431.365,431.365
1697,TT3,BESTEFFORT,COMPLETED,m4-1,427.075,"{'m1-1': 2.323, 'm2-1': 1.561, 'm3-1': 4.298, 'm4-1': 0.731}",1.0965,429.4350000000001,430.1660000000001,inf,432.275,432.275
1698,TT2,BESTEFFORT,COMPLETED,m2-1,427.079,"{'m1-1': 2.201, 'm2-1': 1.655, 'm3-1': 4.062, 'm4-1': 0.85}",4.965,429.704,431.359,inf,432.17900000000003,432.17900000000003
1699,TT4,BESTEFFORT,CANCELLED,,427.158,"{'m1-1': 1.787, 'm2-1': 1.655, 'm3-1': 3.704, 'm4-1': 0.986}",0.0,inf,inf,inf,432.158,432.158
1700,TT2,BESTEFFORT,CANCELLED,,427.504,"{'m1-1': 2.391, 'm2-1': 2.099, 'm3-1': 4.331, 'm4-1': 0.931}",0.0,inf,inf,inf,432.60400000000004,432.60400000000004
1701,TT1,BESTEFFORT,COMPLETED,m4-1,427.719,"{'m1-1': 2.07, 'm2-1': 1.92, 'm3-1': 4.596, 'm4-1': 0.764}",1.146,430.1660000000001,430.9300000000001,inf,432.719,432.719
1702,TT4,BESTEFFORT,CANCELLED,,428.02,"{'m1-1': 2.187, 'm2-1': 1.766, 'm3-1': 4.188, 'm4-1': 0.929}",0.0,inf,inf,inf,433.02,433.02
1703,TT2,BESTEFFORT,COMPLETED,m1-1,428.22,"{'m1-1': 2.639, 'm2-1': 2.127, 'm3-1': 5.013, 'm4-1': 0.766}",4.2223999999999995,430.653,433.29200000000003,inf,433.32000000000005,433.32000000000005
1704,TT4,BESTEFFORT,COMPLETED,m2-1,428.572,"{'m1-1': 2.336, 'm2-1': 1.852, 'm3-1': 4.447, 'm4-1': 0.952}",5.556,431.359,433.21099999999996,inf,433.572,433.572
1705,TT4,BESTEFFORT,COMPLETED,m4-1,428.724,"{'m1-1': 2.117, 'm2-1': 1.43, 'm3-1': 3.694, 'm4-1': 0.876}",1.314,430.9300000000001,431.8060000000001,inf,433.724,433.724
1706,TT1,BESTEFFORT,COMPLETED,m3-1,428.93,"{'m1-1': 2.006, 'm2-1': 1.877, 'm3-1': 4.836, 'm4-1': 0.724}",8.7048,428.93,433.766,inf,433.93,433.93
1707,TT2,BESTEFFORT,COMPLETED,m4-1,429.5,"{'m1-1': 2.628, 'm2-1': 2.095, 'm3-1': 5.098, 'm4-1': 0.841}",1.2614999999999998,431.8060000000001,432.6470000000001,inf,434.6,434.6
1708,TT3,BESTEFFORT,CANCELLED,,429.508,"{'m1-1': 1.792, 'm2-1': 1.416, 'm3-1': 4.428, 'm4-1': 0.892}",0.0,inf,inf,inf,434.70799999999997,434.70799999999997
1709,TT2,BESTEFFORT,CANCELLED,,429.539,"{'m1-1': 2.514, 'm2-1': 1.735, 'm3-1': 4.145, 'm4-1': 0.734}",0.0,inf,inf,inf,434.639,434.639
1710,TT3,BESTEFFORT,MISSED,m1-1,429.868,"{'m1-1': 2.285, 'm2-1': 1.344, 'm3-1': 5.454, 'm4-1': 0.771}",2.841599999999926,433.29200000000003,inf,435.068,435.068,435.068
1711,TT4,BESTEFFORT,COMPLETED,m4-1,430.224,"{'m1-1': 2.083, 'm2-1': 1.678, 'm3-1': 4.735, 'm4-1': 0.998}",1.4969999999999999,432.6470000000001,433.6450000000001,inf,435.224,435.224
1712,TT2,BESTEFFORT,COMPLETED,m2-1,430.705,"{'m1-1': 2.296, 'm2-1': 1.697, 'm3-1': 4.207, 'm4-1': 0.818}",5.091,433.21099999999996,434.90799999999996,inf,435.805,435.805
1713,TT1,BESTEFFORT,CANCELLED,,430.797,"{'m1-1': 2.163, 'm2-1': 1.737, 'm3-1': 3.776, 'm4-1': 0.763}",0.0,inf,inf,inf,435.797,435.797
1714,TT3,BESTEFFORT,CANCELLED,,430.871,"{'m1-1': 1.887, 'm2-1': 1.441, 'm3-1': 5.16, 'm4-1': 0.793}",0.0,inf,inf,inf,436.07099999999997,436.07099999999997
1715,TT3,BESTEFFORT,COMPLETED,m4-1,431.75,"{'m1-1': 1.979, 'm2-1': 1.611, 'm3-1': 5.666, 'm4-1': 0.833}",1.2494999999999998,433.6450000000001,434.4780000000001,inf,436.95,436.95
1716,TT3,BESTEFFORT,COMPLETED,m4-1,431.845,"{'m1-1': 2.225, 'm2-1': 1.55, 'm3-1': 4.992, 'm4-1': 0.85}",1.275,434.4780000000001,435.32800000000015,inf,437.045,437.045
1717,TT4,BESTEFFORT,MISSED,m1-1,431.934,"{'m1-1': 2.439, 'm2-1': 1.726, 'm3-1': 4.739, 'm4-1': 0.926}",2.9856000000000678,435.068,inf,436.934,436.934,436.934
1718,TT2,BESTEFFORT,COMPLETED,m4-1,433.023,"{'m1-1': 2.492, 'm2-1': 1.688, 'm3-1': 4.227, 'm4-1': 0.745}",1.1175,435.32800000000015,436.07300000000015,inf,438.12300000000005,438.12300000000005
1719,TT2,BESTEFFORT,COMPLETED,m2-1,433.027,"{'m1-1': 1.873, 'm2-1': 1.591, 'm3-1': 4.861, 'm4-1': 0.885}",4.773,434.90799999999996,436.49899999999997,inf,438.127,438.127
1720,TT4,BESTEFFORT,COMPLETED,m2-1,433.029,"{'m1-1': 2.219, 'm2-1': 1.374, 'm3-1': 3.766, 'm4-1': 0.817}",4.122,436.49899999999997,437.873,inf,438.029,438.029
1721,TT1,BESTEFFORT,MISSED,m3-1,433.369,"{'m1-1': 1.857, 'm2-1': 1.467, 'm3-1': 4.967, 'm4-1': 0.809}",8.285400000000015,433.766,inf,438.369,438.369,438.369
1722,TT4,BESTEFFORT,COMPLETED,m4-1,433.69,"{'m1-1': 2.257, 'm2-1': 1.788, 'm3-1': 3.913, 'm4-1': 1.022}",1.533,436.07300000000015,437.09500000000014,inf,438.69,438.69
1723,TT4,BESTEFFORT,MISSED,m1-1,433.864,"{'m1-1': 2.121, 'm2-1': 1.654, 'm3-1': 3.756, 'm4-1': 0.936}",3.08799999999992,436.934,inf,438.864,438.864,438.864
1724,TT3,BESTEFFORT,COMPLETED,m4-1,434.337,"{'m1-1': 2.393, 'm2-1': 1.329, 'm3-1': 4.665, 'm4-1': 0.822}",1.2329999999999999,437.09500000000014,437.91700000000014,inf,439.537,439.537
1725,TT4,BESTEFFORT,MISSED,m2-1,434.587,"{'m1-1': 2.406, 'm2-1': 1.889, 'm3-1': 4.976, 'm4-1': 0.856}",5.141999999999996,437.873,inf,439.587,439.587,439.587
1726,TT3,BESTEFFORT,CANCELLED,,435.068,"{'m1-1': 2.317, 'm2-1': 1.375, 'm3-1': 5.508, 'm4-1': 1.002}",0.0,inf,inf,inf,440.268,440.268
1727,TT1,BESTEFFORT,COMPLETED,m4-1,435.399,"{'m1-1': 2.491, 'm2-1': 1.636, 'm3-1': 4.64, 'm4-1': 0.639}",0.9585,437.91700000000014,438.55600000000015,inf,440.399,440.399
1728,TT2,BESTEFFORT,COMPLETED,m4-1,435.888,"{'m1-1': 2.272, 'm2-1': 1.73, 'm3-1': 4.427, 'm4-1': 0.774}",1.161,438.55600000000015,439.33000000000015,inf,440.988,440.988
1729,TT3,BESTEFFORT,COMPLETED,m1-1,436.29,"{'m1-1': 2.341, 'm2-1': 1.295, 'm3-1': 4.623, 'm4-1': 0.77}",3.7456000000000005,438.864,441.205,inf,441.49,441.49
1730,TT1,BESTEFFORT,COMPLETED,m2-1,436.75,"{'m1-1': 2.541, 'm2-1': 1.905, 'm3-1': 4.233, 'm4-1': 0.789}",5.715,439.587,441.49199999999996,inf,441.75,441.75
1731,TT2,BESTEFFORT,CANCELLED,,436.9,"{'m1-1': 1.911, 'm2-1': 1.916, 'm3-1': 4.143, 'm4-1': 0.797}",0.0,inf,inf,inf,442.0,442.0
1732,TT2,BESTEFFORT,COMPLETED,m3-1,437.038,"{'m1-1': 2.337, 'm2-1': 1.765, 'm3-1': 3.707, 'm4-1': 0.818}",6.6726,438.369,442.076,inf,442.13800000000003,442.13800000000003
1733,TT4,BESTEFFORT,COMPLETED,m4-1,437.067,"{'m1-1': 2.026, 'm2-1': 1.526, 'm3-1': 4.512, 'm4-1': 0.9}",1.35,439.33000000000015,440.23000000000013,inf,442.067,442.067
1734,TT2,BESTEFFORT,CANCELLED,,437.597,"{'m1-1': 2.409, 'm2-1': 2.022, 'm3-1': 4.884, 'm4-1': 0.964}",0.0,inf,inf,inf,442.697,442.697
1735,TT2,BESTEFFORT,CANCELLED,,437.805,"{'m1-1': 2.369, 'm2-1': 1.609, 'm3-1': 5.025, 'm4-1': 0.999}",0.0,inf,inf,inf,442.90500000000003,442.90500000000003
1736,TT4,BESTEFFORT,COMPLETED,m4-1,438.055,"{'m1-1': 1.909, 'm2-1': 1.774, 'm3-1': 3.823, 'm4-1': 0.984}",1.476,440.23000000000013,441.2140000000001,inf,443.055,443.055
1737,TT4,BESTEFFORT,MISSED,m1-1,438.393,"{'m1-1': 2.386, 'm2-1': 1.836, 'm3-1': 4.32, 'm4-1': 0.929}",3.5007999999999813,441.205,inf,443.393,443.393,443.393
1738,TT3,BESTEFFORT,COMPLETED,m4-1,438.639,"{'m1-1': 1.745, 'm2-1': 1.556, 'm3-1': 4.941, 'm4-1': 0.829}",1.2435,441.2140000000001,442.0430000000001,inf,443.839,443.839
1739,TT1,BESTEFFORT,COMPLETED,m4-1,439.869,"{'m1-1': 2.2, 'm2-1': 1.806, 'm3-1': 5.036, 'm4-1': 0.697}",1.0454999999999999,442.0430000000001,442.7400000000001,inf,444.869,444.869
1740,TT2,BESTEFFORT,COMPLETED,m2-1,439.957,"{'m1-1': 1.914, 'm2-1': 1.625, 'm3-1': 3.958, 'm4-1': 0.914}",4.875,441.49199999999996,443.11699999999996,inf,445.057,445.057
1741,TT4,BESTEFFORT,COMPLETED,m2-1,440.145,"{'m1-1': 1.94, 'm2-1': 1.519, 'm3-1': 4.929, 'm4-1': 0.878}",4.5569999999999995,443.11699999999996,444.63599999999997,inf,445.145,445.145
1742,TT2,BESTEFFORT,COMPLETED,m4-1,440.281,"{'m1-1': 2.252, 'm2-1': 1.665, 'm3-1': 3.788, 'm4-1': 1.008}",1.512,442.7400000000001,443.7480000000001,inf,445.38100000000003,445.38100000000003
1743,TT2,BESTEFFORT,COMPLETED,m1-1,441.101,"{'m1-1': 2.022, 'm2-1': 2.027, 'm3-1': 4.613, 'm4-1': 0.87}",3.2352,443.393,445.41499999999996,inf,446.201,446.201
1744,TT3,BESTEFFORT,COMPLETED,m4-1,441.328,"{'m1-1': 2.281, 'm2-1': 1.538, 'm3-1': 4.269, 'm4-1': 0.749}",1.1235,443.7480000000001,444.4970000000001,inf,446.52799999999996,446.52799999999996
1745,TT3,BESTEFFORT,COMPLETED,m2-1,441.691,"{'m1-1': 1.961, 'm2-1': 1.362, 'm3-1': 4.416, 'm4-1': 0.869}",4.086,444.63599999999997,445.998,inf,446.89099999999996,446.89099999999996
1746,TT4,BESTEFFORT,COMPLETED,m3-1,441.941,"{'m1-1': 1.857, 'm2-1': 1.667, 'm3-1': 4.822, 'm4-1': 0.907}",8.6796,442.076,446.898,inf,446.941,446.941
1747,TT1,BESTEFFORT,CANCELLED,,442.016,"{'m1-1': 2.124, 'm2-1': 1.544, 'm3-1': 4.901, 'm4-1': 0.692}",0.0,inf,inf,inf,447.016,447.016
1748,TT2,BESTEFFORT,CANCELLED,,442.041,"{'m1-1': 2.617, 'm2-1': 2.036, 'm3-1': 4.465, 'm4-1': 0.923}",0.0,inf,inf,inf,447.141,447.141
1749,TT4,BESTEFFORT,COMPLETED,m4-1,442.599,"{'m1-1': 2.071, 'm2-1': 1.72, 'm3-1': 4.437, 'm4-1': 0.765}",1.1475,444.4970000000001,445.2620000000001,inf,447.599,447.599
1750,TT4,BESTEFFORT,MISSED,m1-1,442.616,"{'m1-1': 2.366, 'm2-1': 1.519, 'm3-1': 3.66, 'm4-1': 0.901}",3.521600000000035,445.41499999999996,inf,447.616,447.616,447.616
1751,TT1,BESTEFFORT,COMPLETED,m4-1,443.104,"{'m1-1': 2.491, 'm2-1': 1.948, 'm3-1': 3.627, 'm4-1': 0.654}",0.9810000000000001,445.2620000000001,445.9160000000001,inf,448.104,448.104
1752,TT2,BESTEFFORT,COMPLETED,m2-1,443.631,"{'m1-1': 2.425, 'm2-1': 1.636, 'm3-1': 5.011, 'm4-1': 0.957}",4.9079999999999995,445.998,447.634,inf,448.731,448.731
1753,TT2,BESTEFFORT,COMPLETED,m4-1,443.857,"{'m1-1': 2.604, 'm2-1': 1.92, 'm3-1': 4.324, 'm4-1': 0.933}",1.3995000000000002,445.9160000000001,446.8490000000001,inf,448.95700000000005,448.95700000000005
1754,TT2,BESTEFFORT,COMPLETED,m4-1,444.588,"{'m1-1': 2.629, 'm2-1': 1.739, 'm3-1': 4.983, 'm4-1': 0.911}",1.3665,446.8490000000001,447.7600000000001,inf,449.68800000000005,449.68800000000005
1755,TT3,BESTEFFORT,COMPLETED,m1-1,444.871,"{'m1-1': 2.193, 'm2-1': 1.775, 'm3-1': 4.458, 'm4-1': 0.785}",3.5088000000000004,447.616,449.80899999999997,inf,450.07099999999997,450.07099999999997
1756,TT2,BESTEFFORT,COMPLETED,m2-1,445.161,"{'m1-1': 2.351, 'm2-1': 2.101, 'm3-1': 4.86, 'm4-1': 1.016}",6.303,447.634,449.735,inf,450.261,450.261
1757,TT2,BESTEFFORT,COMPLETED,m4-1,445.708,"{'m1-1': 2.521, 'm2-1': 1.959, 'm3-1': 4.893, 'm4-1': 0.721}",1.0815,447.7600000000001,448.4810000000001,inf,450.80800000000005,450.80800000000005
1758,TT1,BESTEFFORT,COMPLETED,m3-1,445.84,"{'m1-1': 2.018, 'm2-1': 1.55, 'm3-1': 3.706, 'm4-1': 0.61}",6.6708,446.898,450.60400000000004,inf,450.84,450.84
1759,TT1,BESTEFFORT,COMPLETED,m4-1,445.907,"{'m1-1': 2.507, 'm2-1': 1.696, 'm3-1': 4.108, 'm4-1': 0.768}",1.1520000000000001,448.4810000000001,449.2490000000001,inf,450.907,450.907
1760,TT4,BESTEFFORT,CANCELLED,,446.221,"{'m1-1': 2.393, 'm2-1': 1.631, 'm3-1': 4.664, 'm4-1': 0.765}",0.0,inf,inf,inf,451.221,451.221
1761,TT1,BESTEFFORT,MISSED,m1-1,446.66,"{'m1-1': 1.94, 'm2-1': 1.438, 'm3-1': 3.769, 'm4-1': 0.633}",2.9616000000000895,449.80899999999997,inf,451.66,451.66,451.66
1762,TT3,BESTEFFORT,COMPLETED,m2-1,446.755,"{'m1-1': 2.046, 'm2-1': 1.329, 'm3-1': 4.752, 'm4-1': 0.986}",3.987,449.735,451.064,inf,451.955,451.955
1763,TT4,BESTEFFORT,COMPLETED,m4-1,446.801,"{'m1-1': 1.75, 'm2-1': 1.45, 'm3-1': 4.107, 'm4-1': 0.987}",1.4805,449.2490000000001,450.2360000000001,inf,451.801,451.801
1764,TT3,BESTEFFORT,CANCELLED,,446.973,"{'m1-1': 2.345, 'm2-1': 1.378, 'm3-1': 5.702, 'm4-1': 0.945}",0.0,inf,inf,inf,452.173,452.173
1765,TT1,BESTEFFORT,CANCELLED,,447.166,"{'m1-1': 2.386, 'm2-1': 1.518, 'm3-1': 3.854, 'm4-1': 0.765}",0.0,inf,inf,inf,452.166,452.166
1766,TT2,BESTEFFORT,COMPLETED,m2-1,447.757,"{'m1-1': 2.615, 'm2-1': 1.625, 'm3-1': 3.633, 'm4-1': 0.977}",4.875,451.064,452.689,inf,452.857,452.857
1767,TT2,BESTEFFORT,COMPLETED,m4-1,448.301,"{'m1-1': 2.119, 'm2-1': 1.935, 'm3-1': 4.359, 'm4-1': 0.918}",1.377,450.2360000000001,451.1540000000001,inf,453.401,453.401
1768,TT2,BESTEFFORT,COMPLETED,m4-1,448.437,"{'m1-1': 1.916, 'm2-1': 1.62, 'm3-1': 3.737, 'm4-1': 0.788}",1.182,451.1540000000001,451.9420000000001,inf,453.53700000000003,453.53700000000003
1769,TT2,BESTEFFORT,CANCELLED,,448.731,"{'m1-1': 2.108, 'm2-1': 2.112, 'm3-1': 5.091, 'm4-1': 0.883}",0.0,inf,inf,inf,453.831,453.831
1770,TT1,BESTEFFORT,CANCELLED,,448.795,"{'m1-1': 2.267, 'm2-1': 1.977, 'm3-1': 4.322, 'm4-1': 0.773}",0.0,inf,inf,inf,453.795,453.795
1771,TT2,BESTEFFORT,COMPLETED,m1-1,448.867,"{'m1-1': 2.297, 'm2-1': 1.72, 'm3-1': 4.504, 'm4-1': 0.763}",3.6752000000000002,451.66,453.95700000000005,inf,453.96700000000004,453.96700000000004
1772,TT4,BESTEFFORT,CANCELLED,,448.954,"{'m1-1': 2.275, 'm2-1': 1.519, 'm3-1': 3.684, 'm4-1': 0.765}",0.0,inf,inf,inf,453.954,453.954
1773,TT3,BESTEFFORT,MISSED,m2-1,449.064,"{'m1-1': 2.328, 'm2-1': 1.77, 'm3-1': 5.201, 'm4-1': 1.003}",4.724999999999966,452.689,inf,454.264,454.264,454.264
1774,TT4,BESTEFFORT,COMPLETED,m4-1,449.415,"{'m1-1': 1.955, 'm2-1': 1.556, 'm3-1': 3.963, 'm4-1': 0.931}",1.3965,451.9420000000001,452.8730000000001,inf,454.415,454.415
1775,TT2,BESTEFFORT,MISSED,m3-1,449.911,"{'m1-1': 1.99, 'm2-1': 1.972, 'm3-1': 4.935, 'm4-1': 0.988}",7.932599999999968,450.60400000000004,inf,455.011,455.011,455.011
1776,TT3,BESTEFFORT,COMPLETED,m4-1,449.922,"{'m1-1': 2.215, 'm2-1': 1.772, 'm3-1': 4.933, 'm4-1': 0.857}",1.2854999999999999,452.8730000000001,453.73000000000013,inf,455.122,455.122
1777,TT4,BESTEFFORT,MISSED,m1-1,450.584,"{'m1-1': 2.224, 'm2-1': 1.358, 'm3-1': 4.377, 'm4-1': 0.906}",2.6031999999999247,453.95700000000005,inf,455.584,455.584,455.584
1778,TT2,BESTEFFORT,COMPLETED,m2-1,451.034,"{'m1-1': 2.408, 'm2-1': 1.519, 'm3-1': 3.632, 'm4-1': 0.832}",4.5569999999999995,454.264,455.783,inf,456.134,456.134
1779,TT2,BESTEFFORT,CANCELLED,,451.143,"{'m1-1': 2.276, 'm2-1': 2.071, 'm3-1': 4.965, 'm4-1': 0.905}",0.0,inf,inf,inf,456.243,456.243
1780,TT3,BESTEFFORT,CANCELLED,,451.151,"{'m1-1': 2.351, 'm2-1': 1.524, 'm3-1': 4.907, 'm4-1': 0.903}",0.0,inf,inf,inf,456.351,456.351
1781,TT3,BESTEFFORT,COMPLETED,m4-1,451.23,"{'m1-1': 2.194, 'm2-1': 1.561, 'm3-1': 5.327, 'm4-1': 0.766}",1.149,453.73000000000013,454.49600000000015,inf,456.43,456.43
1782,TT2,BESTEFFORT,COMPLETED,m4-1,451.698,"{'m1-1': 2.443, 'm2-1': 1.956, 'm3-1': 4.99, 'm4-1': 0.975}",1.4625,454.49600000000015,455.4710000000002,inf,456.798,456.798
1783,TT2,BESTEFFORT,CANCELLED,,451.956,"{'m1-1': 1.969, 'm2-1': 1.769, 'm3-1': 4.444, 'm4-1': 0.75}",0.0,inf,inf,inf,457.05600000000004,457.05600000000004
1784,TT2,BESTEFFORT,COMPLETED,m4-1,452.972,"{'m1-1': 1.969, 'm2-1': 1.533, 'm3-1': 4.656, 'm4-1': 0.799}",1.1985000000000001,455.4710000000002,456.27000000000015,inf,458.072,458.072
1785,TT4,BESTEFFORT,COMPLETED,m1-1,453.696,"{'m1-1': 2.07, 'm2-1': 1.655, 'm3-1': 3.751, 'm4-1': 1.0}",3.312,455.584,457.654,inf,458.696,458.696
1786,TT1,BESTEFFORT,COMPLETED,m2-1,453.7,"{'m1-1': 2.163, 'm2-1': 1.538, 'm3-1': 4.613, 'm4-1': 0.741}",4.614,455.783,457.321,inf,458.7,458.7
1787,TT1,BESTEFFORT,COMPLETED,m4-1,453.828,"{'m1-1': 2.443, 'm2-1': 1.831, 'm3-1': 4.687, 'm4-1': 0.711}",1.0665,456.27000000000015,456.98100000000017,inf,458.828,458.828
1788,TT4,BESTEFFORT,MISSED,m2-1,453.844,"{'m1-1': 2.408, 'm2-1': 1.765, 'm3-1': 4.175, 'm4-1': 0.833}",4.568999999999903,457.321,inf,458.844,458.844,458.844
1789,TT3,BESTEFFORT,MISSED,m3-1,454.144,"{'m1-1': 1.759, 'm2-1': 1.584, 'm3-1': 5.175, 'm4-1': 0.793}",7.799399999999946,455.011,inf,459.344,459.344,459.344
1790,TT3,BESTEFFORT,CANCELLED,,454.275,"{'m1-1': 1.882, 'm2-1': 1.727, 'm3-1': 5.416, 'm4-1': 0.753}",0.0,inf,inf,inf,459.47499999999997,459.47499999999997
1791,TT1,BESTEFFORT,CANCELLED,,454.481,"{'m1-1': 2.115, 'm2-1': 1.874, 'm3-1': 3.861, 'm4-1': 0.813}",0.0,inf,inf,inf,459.481,459.481
1792,TT4,BESTEFFORT,COMPLETED,m4-1,454.689,"{'m1-1': 2.373, 'm2-1': 1.345, 'm3-1': 4.01, 'm4-1': 1.019}",1.5284999999999997,456.98100000000017,458.00000000000017,inf,459.689,459.689
1793,TT2,BESTEFFORT,CANCELLED,,454.787,"{'m1-1': 2.014, 'm2-1': 1.63, 'm3-1': 4.793, 'm4-1': 0.795}",0.0,inf,inf,inf,459.887,459.887
1794,TT4,BESTEFFORT,CANCELLED,,454.89,"{'m1-1': 2.434, 'm2-1': 1.681, 'm3-1': 4.32, 'm4-1': 0.954}",0.0,inf,inf,inf,459.89,459.89
1795,TT4,BESTEFFORT,CANCELLED,,455.122,"{'m1-1': 1.742, 'm2-1': 1.616, 'm3-1': 4.68, 'm4-1': 1.025}",0.0,inf,inf,inf,460.122,460.122
1796,TT2,BESTEFFORT,CANCELLED,,455.145,"{'m1-1': 1.883, 'm2-1': 1.62, 'm3-1': 3.932, 'm4-1': 0.82}",0.0,inf,inf,inf,460.245,460.245
1797,TT3,BESTEFFORT,COMPLETED,m1-1,455.326,"{'m1-1': 1.99, 'm2-1': 1.638, 'm3-1': 4.348, 'm4-1': 0.873}",3.184,457.654,459.644,inf,460.526,460.526
1798,TT2,BESTEFFORT,MISSED,m2-1,455.383,"{'m1-1': 2.25, 'm2-1': 1.943, 'm3-1': 5.001, 'm4-1': 0.719}",4.91700000000003,458.844,inf,460.483,460.483,460.483
1799,TT2,BESTEFFORT,COMPLETED,m4-1,455.435,"{'m1-1': 2.202, 'm2-1': 1.984, 'm3-1': 4.427, 'm4-1': 0.938}",1.407,458.00000000000017,458.93800000000016,inf,460.535,460.535
1800,TT3,BESTEFFORT,CANCELLED,,455.736,"{'m1-1': 2.108, 'm2-1': 1.432, 'm3-1': 5.689, 'm4-1': 0.716}",0.0,inf,inf,inf,460.936,460.936
1801,TT2,BESTEFFORT,CANCELLED,,455.968,"{'m1-1': 2.14, 'm2-1': 1.825, 'm3-1': 3.785, 'm4-1': 1.017}",0.0,inf,inf,inf,461.06800000000004,461.06800000000004
1802,TT4,BESTEFFORT,CANCELLED,,456.018,"{'m1-1': 2.204, 'm2-1': 1.705, 'm3-1': 4.571, 'm4-1': 0.761}",0.0,inf,inf,inf,461.018,461.018
1803,TT4,BESTEFFORT,CANCELLED,,456.123,"{'m1-1': 1.771, 'm2-1': 1.555, 'm3-1': 3.906, 'm4-1': 1.002}",0.0,inf,inf,inf,461.123,461.123
1804,TT2,BESTEFFORT,CANCELLED,,456.148,"{'m1-1': 1.938, 'm2-1': 1.916, 'm3-1': 4.283, 'm4-1': 0.77}",0.0,inf,inf,inf,461.24800000000005,461.24800000000005
1805,TT2,BESTEFFORT,COMPLETED,m4-1,456.371,"{'m1-1': 2.209, 'm2-1': 1.762, 'm3-1': 4.397, 'm4-1': 0.991}",1.4865,458.93800000000016,459.92900000000014,inf,461.471,461.471
1806,TT2,BESTEFFORT,CANCELLED,,456.787,"{'m1-1': 2.048, 'm2-1': 1.68, 'm3-1': 3.674, 'm4-1': 0.867}",0.0,inf,inf,inf,461.887,461.887
1807,TT1,BESTEFFORT,CANCELLED,,456.86,"{'m1-1': 1.89, 'm2-1': 1.479, 'm3-1': 3.854, 'm4-1': 0.834}",0.0,inf,inf,inf,461.86,461.86
1808,TT3,BESTEFFORT,COMPLETED,m1-1,456.96,"{'m1-1': 1.947, 'm2-1': 1.78, 'm3-1': 5.02, 'm4-1': 0.72}",3.1152,459.644,461.591,inf,462.15999999999997,462.15999999999997
1809,TT2,BESTEFFORT,COMPLETED,m4-1,457.35,"{'m1-1': 2.512, 'm2-1': 1.824, 'm3-1': 3.782, 'm4-1': 0.961}",1.4415,459.92900000000014,460.89000000000016,inf,462.45000000000005,462.45000000000005
1810,TT1,BESTEFFORT,COMPLETED,m2-1,457.724,"{'m1-1': 2.521, 'm2-1': 1.574, 'm3-1': 4.851, 'm4-1': 0.845}",4.722,460.483,462.057,inf,462.724,462.724
1811,TT3,BESTEFFORT,COMPLETED,m4-1,458.318,"{'m1-1': 2.131, 'm2-1': 1.762, 'm3-1': 4.716, 'm4-1': 0.751}",1.1265,460.89000000000016,461.64100000000013,inf,463.518,463.518
1812,TT2,BESTEFFORT,CANCELLED,,458.665,"{'m1-1': 2.552, 'm2-1': 2.075, 'm3-1': 4.686, 'm4-1': 0.719}",0.0,inf,inf,inf,463.76500000000004,463.76500000000004
1813,TT1,BESTEFFORT,MISSED,m1-1,458.686,"{'m1-1': 2.482, 'm2-1': 1.61, 'm3-1': 4.134, 'm4-1': 0.752}",3.351999999999953,461.591,inf,463.686,463.686,463.686
1814,TT3,BESTEFFORT,COMPLETED,m2-1,458.905,"{'m1-1': 1.844, 'm2-1': 1.312, 'm3-1': 4.217, 'm4-1': 0.775}",3.936,462.057,463.369,inf,464.10499999999996,464.10499999999996
1815,TT3,BESTEFFORT,COMPLETED,m4-1,459.329,"{'m1-1': 2.094, 'm2-1': 1.65, 'm3-1': 5.936, 'm4-1': 0.965}",1.4475,461.64100000000013,462.6060000000001,inf,464.529,464.529
1816,TT4,BESTEFFORT,COMPLETED,m4-1,460.026,"{'m1-1': 1.789, 'm2-1': 1.864, 'm3-1': 3.66, 'm4-1': 1.053}",1.5795,462.6060000000001,463.6590000000001,inf,465.026,465.026
1817,TT2,BESTEFFORT,COMPLETED,m3-1,460.111,"{'m1-1': 2.631, 'm2-1': 1.598, 'm3-1': 4.039, 'm4-1': 0.915}",7.2702,460.111,464.15,inf,465.211,465.211
1818,TT3,BESTEFFORT,MISSED,m1-1,460.469,"{'m1-1': 2.159, 'm2-1': 1.69, 'm3-1': 5.457, 'm4-1': 0.791}",3.1728000000000067,463.686,inf,465.669,465.669,465.669
1819,TT1,BESTEFFORT,CANCELLED,,460.495,"{'m1-1': 2.002, 'm2-1': 1.882, 'm3-1': 4.347, 'm4-1': 0.822}",0.0,inf,inf,inf,465.495,465.495
1820,TT4,BESTEFFORT,COMPLETED,m2-1,460.611,"{'m1-1': 2.444, 'm2-1': 1.599, 'm3-1': 4.982, 'm4-1': 0.857}",4.797,463.369,464.968,inf,465.611,465.611
1821,TT2,BESTEFFORT,CANCELLED,,460.749,"{'m1-1': 2.604, 'm2-1': 1.565, 'm3-1': 3.773, 'm4-1': 0.959}",0.0,inf,inf,inf,465.84900000000005,465.84900000000005
1822,TT1,BESTEFFORT,CANCELLED,,460.782,"{'m1-1': 2.397, 'm2-1': 1.838, 'm3-1': 5.067, 'm4-1': 0.719}",0.0,inf,inf,inf,465.782,465.782
1823,TT3,BESTEFFORT,COMPLETED,m4-1,460.982,"{'m1-1': 1.81, 'm2-1': 1.41, 'm3-1': 5.008, 'm4-1': 0.793}",1.1895,463.6590000000001,464.4520000000001,inf,466.182,466.182
1824,TT1,BESTEFFORT,CANCELLED,,461.285,"{'m1-1': 2.098, 'm2-1': 1.622, 'm3-1': 4.993, 'm4-1': 0.847}",0.0,inf,inf,inf,466.285,466.285
1825,TT2,BESTEFFORT,COMPLETED,m4-1,461.655,"{'m1-1': 2.058, 'm2-1': 2.035, 'm3-1': 3.779, 'm4-1': 0.886}",1.329,464.4520000000001,465.33800000000014,inf,466.755,466.755
1826,TT3,BESTEFFORT,CANCELLED,,461.779,"{'m1-1': 2.111, 'm2-1': 1.527, 'm3-1': 5.7, 'm4-1': 0.787}",0.0,inf,inf,inf,466.979,466.979
1827,TT1,BESTEFFORT,CANCELLED,,461.838,"{'m1-1': 2.248, 'm2-1': 1.8, 'm3-1': 4.468, 'm4-1': 0.694}",0.0,inf,inf,inf,466.838,466.838
1828,TT1,BESTEFFORT,CANCELLED,,461.924,"{'m1-1': 1.976, 'm2-1': 1.544, 'm3-1': 4.176, 'm4-1': 0.759}",0.0,inf,inf,inf,466.924,466.924
1829,TT3,BESTEFFORT,COMPLETED,m2-1,462.211,"{'m1-1': 2.352, 'm2-1': 1.645, 'm3-1': 5.647, 'm4-1': 0.942}",4.9350000000000005,464.968,466.613,inf,467.411,467.411
1830,TT1,BESTEFFORT,CANCELLED,,462.261,"{'m1-1': 2.059, 'm2-1': 1.842, 'm3-1': 4.373, 'm4-1': 0.676}",0.0,inf,inf,inf,467.261,467.261
1831,TT3,BESTEFFORT,COMPLETED,m1-1,462.331,"{'m1-1': 1.778, 'm2-1': 1.275, 'm3-1': 4.366, 'm4-1': 0.9}",2.8448,465.669,467.447,inf,467.531,467.531
1832,TT4,BESTEFFORT,CANCELLED,,462.342,"{'m1-1': 2.263, 'm2-1': 1.669, 'm3-1': 4.15, 'm4-1': 0.834}",0.0,inf,inf,inf,467.342,467.342
1833,TT4,BESTEFFORT,CANCELLED,,462.446,"{'m1-1': 1.861, 'm2-1': 1.511, 'm3-1': 4.284, 'm4-1': 0.972}",0.0,inf,inf,inf,467.446,467.446
1834,TT3,BESTEFFORT,COMPLETED,m4-1,462.533,"{'m1-1': 2.343, 'm2-1': 1.275, 'm3-1': 4.741, 'm4-1': 0.937}",1.4055,465.33800000000014,466.27500000000015,inf,467.733,467.733
1835,TT3,BESTEFFORT,CANCELLED,,462.65,"{'m1-1': 1.773, 'm2-1': 1.644, 'm3-1': 5.577, 'm4-1': 0.795}",0.0,inf,inf,inf,467.84999999999997,467.84999999999997
1836,TT3,BESTEFFORT,CANCELLED,,462.794,"{'m1-1': 1.868, 'm2-1': 1.557, 'm3-1': 5.175, 'm4-1': 0.818}",0.0,inf,inf,inf,467.99399999999997,467.99399999999997
1837,TT4,BESTEFFORT,CANCELLED,,462.892,"{'m1-1': 2.282, 'm2-1': 1.665, 'm3-1': 4.451, 'm4-1': 0.866}",0.0,inf,inf,inf,467.892,467.892
1838,TT2,BESTEFFORT,CANCELLED,,463.132,"{'m1-1': 2.022, 'm2-1': 1.553, 'm3-1': 3.999, 'm4-1': 0.748}",0.0,inf,inf,inf,468.232,468.232
1839,TT1,BESTEFFORT,COMPLETED,m2-1,463.641,"{'m1-1': 2.54, 'm2-1': 1.512, 'm3-1': 4.64, 'm4-1': 0.791}",4.536,466.613,468.125,inf,468.641,468.641
1840,TT2,BESTEFFORT,COMPLETED,m4-1,463.652,"{'m1-1': 2.421, 'm2-1': 1.52, 'm3-1': 3.63, 'm4-1': 0.871}",1.3065,466.27500000000015,467.14600000000013,inf,468.752,468.752
1841,TT4,BESTEFFORT,COMPLETED,m3-1,463.988,"{'m1-1': 1.747, 'm2-1': 1.865, 'm3-1': 4.032, 'm4-1': 0.861}",7.2576,464.15,468.18199999999996,inf,468.988,468.988
1842,TT2,BESTEFFORT,CANCELLED,,464.012,"{'m1-1': 2.383, 'm2-1': 1.898, 'm3-1': 4.283, 'm4-1': 0.97}",0.0,inf,inf,inf,469.112,469.112
1843,TT3,BESTEFFORT,CANCELLED,,464.056,"{'m1-1': 1.99, 'm2-1': 1.642, 'm3-1': 5.951, 'm4-1': 0.769}",0.0,inf,inf,inf,469.256,469.256
1844,TT3,BESTEFFORT,COMPLETED,m4-1,464.852,"{'m1-1': 1.893, 'm2-1': 1.713, 'm3-1': 5.816, 'm4-1': 0.786}",1.179,467.14600000000013,467.93200000000013,inf,470.05199999999996,470.05199999999996
1845,TT3,BESTEFFORT,COMPLETED,m1-1,465.331,"{'m1-1': 2.051, 'm2-1': 1.298, 'm3-1': 5.762, 'm4-1': 0.815}",3.2816000000000005,467.447,469.498,inf,470.531,470.531
1846,TT4,BESTEFFORT,COMPLETED,m4-1,465.457,"{'m1-1': 1.905, 'm2-1': 1.875, 'm3-1': 4.5, 'm4-1': 1.036}",1.554,467.93200000000013,468.96800000000013,inf,470.457,470.457
1847,TT1,BESTEFFORT,COMPLETED,m2-1,465.684,"{'m1-1': 1.983, 'm2-1': 1.439, 'm3-1': 4.62, 'm4-1': 0.612}",4.317,468.125,469.564,inf,470.684,470.684
1848,TT2,BESTEFFORT,COMPLETED,m4-1,465.812,"{'m1-1': 2.529, 'm2-1': 2.033, 'm3-1': 4.692, 'm4-1': 0.815}",1.2225,468.96800000000013,469.78300000000013,inf,470.91200000000003,470.91200000000003
1849,TT2,BESTEFFORT,COMPLETED,m2-1,466.684,"{'m1-1': 2.466, 'm2-1': 1.916, 'm3-1': 4.677, 'm4-1': 0.956}",5.747999999999999,469.564,471.48,inf,471.78400000000005,471.78400000000005
1850,TT3,BESTEFFORT,COMPLETED,m4-1,466.836,"{'m1-1': 2.111, 'm2-1': 1.563, 'm3-1': 4.447, 'm4-1': 0.894}",1.341,469.78300000000013,470.67700000000013,inf,472.036,472.036
1851,TT2,BESTEFFORT,COMPLETED,m1-1,467.167,"{'m1-1': 2.19, 'm2-1': 1.833, 'm3-1': 4.842, 'm4-1': 0.914}",3.504,469.498,471.688,inf,472.267,472.267
1852,TT2,BESTEFFORT,MISSED,m3-1,467.202,"{'m1-1': 2.635, 'm2-1': 2.098, 'm3-1': 4.665, 'm4-1': 0.719}",7.4160000000001105,468.18199999999996,inf,472.302,472.302,472.302
1853,TT2,BESTEFFORT,CANCELLED,,467.29,"{'m1-1': 2.15, 'm2-1': 1.7, 'm3-1': 4.135, 'm4-1': 0.975}",0.0,inf,inf,inf,472.39000000000004,472.39000000000004
1854,TT4,BESTEFFORT,CANCELLED,,467.769,"{'m1-1': 2.056, 'm2-1': 1.689, 'm3-1': 4.55, 'm4-1': 0.829}",0.0,inf,inf,inf,472.769,472.769
1855,TT2,BESTEFFORT,CANCELLED,,467.803,"{'m1-1': 2.571, 'm2-1': 1.854, 'm3-1': 3.96, 'm4-1': 1.006}",0.0,inf,inf,inf,472.903,472.903
1856,TT3,BESTEFFORT,COMPLETED,m4-1,468.023,"{'m1-1': 1.837, 'm2-1': 1.38, 'm3-1': 4.3, 'm4-1': 0.906}",1.359,470.67700000000013,471.58300000000014,inf,473.223,473.223
1857,TT4,BESTEFFORT,COMPLETED,m2-1,468.079,"{'m1-1': 1.793, 'm2-1': 1.597, 'm3-1': 4.023, 'm4-1': 0.963}",4.791,471.48,473.077,inf,473.079,473.079
1858,TT1,BESTEFFORT,CANCELLED,,468.2,"{'m1-1': 2.044, 'm2-1': 1.809, 'm3-1': 4.009, 'm4-1': 0.758}",0.0,inf,inf,inf,473.2,473.2
1859,TT2,BESTEFFORT,CANCELLED,,468.556,"{'m1-1': 2.573, 'm2-1': 1.962, 'm3-1': 4.331, 'm4-1': 0.984}",0.0,inf,inf,inf,473.656,473.656
1860,TT2,BESTEFFORT,COMPLETED,m4-1,468.641,"{'m1-1': 2.24, 'm2-1': 1.881, 'm3-1': 3.649, 'm4-1': 0.906}",1.359,471.58300000000014,472.48900000000015,inf,473.74100000000004,473.74100000000004
1861,TT1,BESTEFFORT,COMPLETED,m1-1,469.312,"{'m1-1': 1.922, 'm2-1': 1.552, 'm3-1': 3.625, 'm4-1': 0.663}",3.0752,471.688,473.61,inf,474.312,474.312
1862,TT2,BESTEFFORT,COMPLETED,m4-1,470.239,"{'m1-1': 2.526, 'm2-1': 1.606, 'm3-1': 4.209, 'm4-1': 0.9}",1.35,472.48900000000015,473.3890000000001,inf,475.339,475.339
1863,TT3,BESTEFFORT,COMPLETED,m2-1,470.397,"{'m1-1': 2.303, 'm2-1': 1.319, 'm3-1': 4.952, 'm4-1': 0.728}",3.957,473.077,474.396,inf,475.597,475.597
1864,TT2,BESTEFFORT,COMPLETED,m4-1,471.23,"{'m1-1': 2.501, 'm2-1': 1.609, 'm3-1': 3.626, 'm4-1': 0.73}",1.095,473.3890000000001,474.11900000000014,inf,476.33000000000004,476.33000000000004
1865,TT4,BESTEFFORT,COMPLETED,m2-1,471.47,"{'m1-1': 2.335, 'm2-1': 1.515, 'm3-1': 5.094, 'm4-1': 0.859}",4.545,474.396,475.911,inf,476.47,476.47
1866,TT2,BESTEFFORT,MISSED,m3-1,471.47,"{'m1-1': 2.132, 'm2-1': 1.813, 'm3-1': 5.134, 'm4-1': 0.882}",7.682400000000053,472.302,inf,476.57000000000005,476.57000000000005,476.57000000000005
1867,TT4,BESTEFFORT,COMPLETED,m4-1,471.765,"{'m1-1': 1.74, 'm2-1': 1.762, 'm3-1': 4.811, 'm4-1': 0.756}",1.134,474.11900000000014,474.8750000000001,inf,476.765,476.765
1868,TT1,BESTEFFORT,COMPLETED,m1-1,472.159,"{'m1-1': 2.562, 'm2-1': 1.868, 'm3-1': 4.508, 'm4-1': 0.615}",4.0992,473.61,476.172,inf,477.159,477.159
1869,TT4,BESTEFFORT,CANCELLED,,472.258,"{'m1-1': 2.435, 'm2-1': 1.745, 'm3-1': 4.203, 'm4-1': 0.995}",0.0,inf,inf,inf,477.258,477.258
1870,TT1,BESTEFFORT,COMPLETED,m4-1,472.435,"{'m1-1': 1.891, 'm2-1': 1.445, 'm3-1': 4.895, 'm4-1': 0.733}",1.0995,474.8750000000001,475.6080000000001,inf,477.435,477.435
1871,TT1,BESTEFFORT,COMPLETED,m2-1,473.208,"{'m1-1': 2.162, 'm2-1': 1.663, 'm3-1': 3.865, 'm4-1': 0.688}",4.989,475.911,477.574,inf,478.208,478.208
1872,TT3,BESTEFFORT,COMPLETED,m4-1,473.541,"{'m1-1': 2.352, 'm2-1': 1.575, 'm3-1': 5.517, 'm4-1': 0.749}",1.1235,475.6080000000001,476.35700000000014,inf,478.741,478.741
1873,TT1,BESTEFFORT,COMPLETED,m1-1,473.575,"{'m1-1': 2.096, 'm2-1': 1.714, 'm3-1': 4.608, 'm4-1': 0.832}",3.3536,476.172,478.26800000000003,inf,478.575,478.575
1874,TT1,BESTEFFORT,CANCELLED,,473.656,"{'m1-1': 1.982, 'm2-1': 1.565, 'm3-1': 3.987, 'm4-1': 0.712}",0.0,inf,inf,inf,478.656,478.656
1875,TT1,BESTEFFORT,CANCELLED,,473.888,"{'m1-1': 2.15, 'm2-1': 1.946, 'm3-1': 4.833, 'm4-1': 0.799}",0.0,inf,inf,inf,478.888,478.888
1876,TT1,BESTEFFORT,COMPLETED,m4-1,473.933,"{'m1-1': 2.01, 'm2-1': 1.622, 'm3-1': 4.386, 'm4-1': 0.612}",0.9179999999999999,476.35700000000014,476.96900000000016,inf,478.933,478.933
1877,TT3,BESTEFFORT,MISSED,m1-1,474.254,"{'m1-1': 2.252, 'm2-1': 1.444, 'm3-1': 5.667, 'm4-1': 0.905}",1.897599999999966,478.26800000000003,inf,479.454,479.454,479.454
1878,TT4,BESTEFFORT,COMPLETED,m2-1,474.715,"{'m1-1': 2.304, 'm2-1': 1.41, 'm3-1': 3.944, 'm4-1': 0.927}",4.2299999999999995,477.574,478.98400000000004,inf,479.715,479.715
1879,TT4,BESTEFFORT,COMPLETED,m4-1,474.937,"{'m1-1': 1.748, 'm2-1': 1.739, 'm3-1': 4.795, 'm4-1': 1.053}",1.5795,476.96900000000016,478.02200000000016,inf,479.937,479.937
1880,TT4,BESTEFFORT,CANCELLED,,474.963,"{'m1-1': 1.771, 'm2-1': 1.85, 'm3-1': 3.71, 'm4-1': 0.939}",0.0,inf,inf,inf,479.963,479.963
1881,TT4,BESTEFFORT,CANCELLED,,475.468,"{'m1-1': 2.254, 'm2-1': 1.597, 'm3-1': 4.926, 'm4-1': 1.029}",0.0,inf,inf,inf,480.468,480.468
1882,TT4,BESTEFFORT,COMPLETED,m4-1,475.95,"{'m1-1': 2.28, 'm2-1': 1.591, 'm3-1': 4.557, 'm4-1': 0.873}",1.3094999999999999,478.02200000000016,478.89500000000015,inf,480.95,480.95
1883,TT1,BESTEFFORT,COMPLETED,m3-1,476.236,"{'m1-1': 2.103, 'm2-1': 1.616, 'm3-1': 4.393, 'm4-1': 0.837}",7.9074,476.57000000000005,480.963,inf,481.236,481.236
1884,TT1,BESTEFFORT,COMPLETED,m4-1,477.203,"{'m1-1': 2.116, 'm2-1': 1.696, 'm3-1': 4.471, 'm4-1': 0.623}",0.9345,478.89500000000015,479.51800000000014,inf,482.203,482.203
1885,TT1,BESTEFFORT,COMPLETED,m4-1,477.281,"{'m1-1': 2.197, 'm2-1': 1.767, 'm3-1': 4.653, 'm4-1': 0.848}",1.272,479.51800000000014,480.36600000000016,inf,482.281,482.281
1886,TT3,BESTEFFORT,COMPLETED,m1-1,477.329,"{'m1-1': 1.741, 'm2-1': 1.471, 'm3-1': 4.561, 'm4-1': 0.988}",2.7856000000000005,479.454,481.195,inf,482.529,482.529
1887,TT1,BESTEFFORT,COMPLETED,m2-1,477.45,"{'m1-1': 2.388, 'm2-1': 1.871, 'm3-1': 4.079, 'm4-1': 0.782}",5.6129999999999995,478.98400000000004,480.855,inf,482.45,482.45
1888,TT1,BESTEFFORT,COMPLETED,m2-1,477.726,"{'m1-1': 2.455, 'm2-1': 1.603, 'm3-1': 3.618, 'm4-1': 0.685}",4.809,480.855,482.458,inf,482.726,482.726
1889,TT1,BESTEFFORT,COMPLETED,m4-1,478.519,"{'m1-1': 1.963, 'm2-1': 1.841, 'm3-1': 3.87, 'm4-1': 0.697}",1.0454999999999999,480.36600000000016,481.06300000000016,inf,483.519,483.519
1890,TT4,BESTEFFORT,COMPLETED,m4-1,479.891,"{'m1-1': 1.947, 'm2-1': 1.611, 'm3-1': 4.562, 'm4-1': 0.97}",1.455,481.06300000000016,482.0330000000002,inf,484.891,484.891
1891,TT1,BESTEFFORT,COMPLETED,m4-1,480.156,"{'m1-1': 2.022, 'm2-1': 1.596, 'm3-1': 4.784, 'm4-1': 0.688}",1.032,482.0330000000002,482.7210000000002,inf,485.156,485.156
1892,TT1,BESTEFFORT,COMPLETED,m4-1,480.559,"{'m1-1': 2.326, 'm2-1': 1.776, 'm3-1': 3.786, 'm4-1': 0.712}",1.068,482.7210000000002,483.43300000000016,inf,485.559,485.559
1893,TT4,BESTEFFORT,COMPLETED,m1-1,480.942,"{'m1-1': 1.905, 'm2-1': 1.759, 'm3-1': 4.966, 'm4-1': 0.925}",3.048,481.195,483.09999999999997,inf,485.942,485.942
1894,TT1,BESTEFFORT,COMPLETED,m4-1,481.072,"{'m1-1': 2.235, 'm2-1': 1.87, 'm3-1': 3.964, 'm4-1': 0.636}",0.954,483.43300000000016,484.0690000000002,inf,486.072,486.072
1895,TT1,BESTEFFORT,COMPLETED,m1-1,481.35,"{'m1-1': 1.988, 'm2-1': 1.723, 'm3-1': 4.003, 'm4-1': 0.765}",3.1808,483.09999999999997,485.08799999999997,inf,486.35,486.35
1896,TT1,BESTEFFORT,COMPLETED,m2-1,481.543,"{'m1-1': 2.131, 'm2-1': 1.738, 'm3-1': 4.042, 'm4-1': 0.749}",5.214,482.458,484.196,inf,486.543,486.543
1897,TT4,BESTEFFORT,COMPLETED,m2-1,481.815,"{'m1-1': 2.445, 'm2-1': 1.731, 'm3-1': 4.77, 'm4-1': 1.043}",5.1930000000000005,484.196,485.927,inf,486.815,486.815
1898,TT3,BESTEFFORT,MISSED,m2-1,481.838,"{'m1-1': 1.952, 'm2-1': 1.429, 'm3-1': 4.957, 'm4-1': 0.748}",3.33299999999997,485.927,inf,487.038,487.038,487.038
1899,TT4,BESTEFFORT,COMPLETED,m3-1,481.968,"{'m1-1': 1.94, 'm2-1': 1.579, 'm3-1': 4.72, 'm4-1': 0.911}",8.496,481.968,486.68800000000005,inf,486.968,486.968
1900,TT1,BESTEFFORT,COMPLETED,m4-1,482.104,"{'m1-1': 2.334, 'm2-1': 1.661, 'm3-1': 4.297, 'm4-1': 0.734}",1.101,484.0690000000002,484.80300000000017,inf,487.104,487.104
1901,TT3,BESTEFFORT,COMPLETED,m1-1,482.594,"{'m1-1': 1.884, 'm2-1': 1.474, 'm3-1': 5.107, 'm4-1': 0.74}",3.0144,485.08799999999997,486.972,inf,487.794,487.794
1902,TT4,BESTEFFORT,COMPLETED,m4-1,482.675,"{'m1-1': 2.018, 'm2-1': 1.456, 'm3-1': 4.554, 'm4-1': 1.042}",1.5630000000000002,484.80300000000017,485.84500000000014,inf,487.675,487.675
1903,TT4,BESTEFFORT,CANCELLED,,482.803,"{'m1-1': 2.426, 'm2-1': 1.774, 'm3-1': 5.104, 'm4-1': 0.931}",0.0,inf,inf,inf,487.803,487.803
1904,TT3,BESTEFFORT,MISSED,m2-1,483.366,"{'m1-1': 2.203, 'm2-1': 1.583, 'm3-1': 5.003, 'm4-1': 0.802}",4.5839999999998895,487.038,inf,488.566,488.566,488.566
1905,TT3,BESTEFFORT,COMPLETED,m4-1,483.428,"{'m1-1': 1.99, 'm2-1': 1.378, 'm3-1': 5.768, 'm4-1': 0.899}",1.3485,485.84500000000014,486.74400000000014,inf,488.628,488.628
1906,TT4,BESTEFFORT,CANCELLED,,483.725,"{'m1-1': 2.051, 'm2-1': 1.513, 'm3-1': 4.537, 'm4-1': 0.84}",0.0,inf,inf,inf,488.725,488.725
1907,TT4,BESTEFFORT,MISSED,m1-1,484.0,"{'m1-1': 2.421, 'm2-1': 1.531, 'm3-1': 4.619, 'm4-1': 0.872}",3.244800000000032,486.972,inf,489.0,489.0,489.0
1908,TT4,BESTEFFORT,COMPLETED,m4-1,484.294,"{'m1-1': 2.427, 'm2-1': 1.786, 'm3-1': 4.353, 'm4-1': 0.947}",1.4204999999999999,486.74400000000014,487.69100000000014,inf,489.294,489.294
1909,TT1,BESTEFFORT,CANCELLED,,484.521,"{'m1-1': 2.49, 'm2-1': 1.523, 'm3-1': 4.663, 'm4-1': 0.76}",0.0,inf,inf,inf,489.521,489.521
1910,TT1,BESTEFFORT,CANCELLED,,484.766,"{'m1-1': 1.925, 'm2-1': 1.577, 'm3-1': 3.675, 'm4-1': 0.704}",0.0,inf,inf,inf,489.766,489.766
1911,TT4,BESTEFFORT,COMPLETED,m4-1,485.475,"{'m1-1': 2.215, 'm2-1': 1.659, 'm3-1': 4.324, 'm4-1': 1.004}",1.506,487.69100000000014,488.69500000000016,inf,490.475,490.475
1912,TT1,BESTEFFORT,COMPLETED,m2-1,485.557,"{'m1-1': 2.395, 'm2-1': 1.696, 'm3-1': 3.847, 'm4-1': 0.784}",5.088,488.566,490.262,inf,490.557,490.557
1913,TT4,BESTEFFORT,COMPLETED,m4-1,485.697,"{'m1-1': 2.354, 'm2-1': 1.812, 'm3-1': 3.682, 'm4-1': 0.96}",1.44,488.69500000000016,489.65500000000014,inf,490.697,490.697
1914,TT4,BESTEFFORT,COMPLETED,m4-1,487.032,"{'m1-1': 2.007, 'm2-1': 1.41, 'm3-1': 4.736, 'm4-1': 0.769}",1.1535,489.65500000000014,490.42400000000015,inf,492.032,492.032
1915,TT1,BESTEFFORT,COMPLETED,m1-1,487.351,"{'m1-1': 2.285, 'm2-1': 1.689, 'm3-1': 4.483, 'm4-1': 0.622}",3.6560000000000006,489.0,491.285,inf,492.351,492.351
1916,TT1,BESTEFFORT,COMPLETED,m2-1,487.38,"{'m1-1': 1.904, 'm2-1': 1.879, 'm3-1': 3.8, 'm4-1': 0.831}",5.6370000000000005,490.262,492.141,inf,492.38,492.38
1917,TT1,BESTEFFORT,COMPLETED,m3-1,487.531,"{'m1-1': 1.899, 'm2-1': 1.702, 'm3-1': 3.931, 'm4-1': 0.688}",7.0758,487.531,491.462,inf,492.531,492.531
1918,TT1,BESTEFFORT,COMPLETED,m4-1,489.096,"{'m1-1': 2.162, 'm2-1': 1.494, 'm3-1': 4.468, 'm4-1': 0.623}",0.9345,490.42400000000015,491.04700000000014,inf,494.096,494.096
1919,TT1,BESTEFFORT,COMPLETED,m4-1,489.105,"{'m1-1': 2.458, 'm2-1': 1.942, 'm3-1': 4.719, 'm4-1': 0.661}",0.9915,491.04700000000014,491.70800000000014,inf,494.105,494.105
1920,TT4,BESTEFFORT,COMPLETED,m1-1,489.465,"{'m1-1': 2.199, 'm2-1': 1.397, 'm3-1': 4.827, 'm4-1': 0.765}",3.5183999999999997,491.285,493.48400000000004,inf,494.465,494.465
1921,TT3,BESTEFFORT,COMPLETED,m4-1,489.809,"{'m1-1': 1.827, 'm2-1': 1.378, 'm3-1': 4.625, 'm4-1': 0.876}",1.314,491.70800000000014,492.5840000000001,inf,495.009,495.009
1922,TT3,BESTEFFORT,MISSED,m1-1,489.833,"{'m1-1': 1.881, 'm2-1': 1.29, 'm3-1': 4.991, 'm4-1': 0.717}",2.478399999999965,493.48400000000004,inf,495.033,495.033,495.033
1923,TT3,BESTEFFORT,COMPLETED,m2-1,490.057,"{'m1-1': 1.901, 'm2-1': 1.431, 'm3-1': 4.791, 'm4-1': 0.934}",4.293,492.141,493.572,inf,495.257,495.257
1924,TT1,BESTEFFORT,CANCELLED,,490.058,"{'m1-1': 2.022, 'm2-1': 1.603, 'm3-1': 4.303, 'm4-1': 0.834}",0.0,inf,inf,inf,495.058,495.058
1925,TT3,BESTEFFORT,COMPLETED,m2-1,490.31,"{'m1-1': 2.396, 'm2-1': 1.343, 'm3-1': 4.396, 'm4-1': 0.812}",4.029,493.572,494.915,inf,495.51,495.51
1926,TT4,BESTEFFORT,COMPLETED,m4-1,490.322,"{'m1-1': 1.837, 'm2-1': 1.453, 'm3-1': 3.758, 'm4-1': 0.824}",1.236,492.5840000000001,493.40800000000013,inf,495.322,495.322
1927,TT4,BESTEFFORT,COMPLETED,m4-1,491.263,"{'m1-1': 2.37, 'm2-1': 1.641, 'm3-1': 4.732, 'm4-1': 0.775}",1.1625,493.40800000000013,494.1830000000001,inf,496.263,496.263
1928,TT1,BESTEFFORT,COMPLETED,m4-1,491.855,"{'m1-1': 2.074, 'm2-1': 1.433, 'm3-1': 4.042, 'm4-1': 0.668}",1.002,494.1830000000001,494.8510000000001,inf,496.855,496.855
1929,TT4,BESTEFFORT,MISSED,m1-1,492.233,"{'m1-1': 2.413, 'm2-1': 1.476, 'm3-1': 3.656, 'm4-1': 0.846}",3.519999999999982,495.033,inf,497.233,497.233,497.233
1930,TT3,BESTEFFORT,COMPLETED,m2-1,492.52,"{'m1-1': 2.212, 'm2-1': 1.454, 'm3-1': 5.565, 'm4-1': 0.916}",4.362,494.915,496.369,inf,497.71999999999997,497.71999999999997
1931,TT3,BESTEFFORT,COMPLETED,m4-1,492.882,"{'m1-1': 1.837, 'm2-1': 1.561, 'm3-1': 4.37, 'm4-1': 0.918}",1.377,494.8510000000001,495.7690000000001,inf,498.082,498.082
1932,TT1,BESTEFFORT,COMPLETED,m3-1,493.38,"{'m1-1': 2.483, 'm2-1': 1.489, 'm3-1': 3.726, 'm4-1': 0.764}",6.7068,493.38,497.106,inf,498.38,498.38
1933,TT3,BESTEFFORT,COMPLETED,m4-1,493.641,"{'m1-1': 2.291, 'm2-1': 1.42, 'm3-1': 4.407, 'm4-1': 0.828}",1.242,495.7690000000001,496.5970000000001,inf,498.841,498.841
1934,TT1,BESTEFFORT,CANCELLED,,493.752,"{'m1-1': 2.155, 'm2-1': 1.653, 'm3-1': 4.775, 'm4-1': 0.689}",0.0,inf,inf,inf,498.752,498.752
1935,TT4,BESTEFFORT,COMPLETED,m2-1,493.891,"{'m1-1': 2.395, 'm2-1': 1.812, 'm3-1': 4.204, 'm4-1': 0.989}",5.436,496.369,498.18100000000004,inf,498.891,498.891
1936,TT3,BESTEFFORT,MISSED,m1-1,493.972,"{'m1-1': 2.027, 'm2-1': 1.484, 'm3-1': 5.931, 'm4-1': 0.822}",3.1023999999999434,497.233,inf,499.17199999999997,499.17199999999997,499.17199999999997
1937,TT4,BESTEFFORT,COMPLETED,m4-1,494.242,"{'m1-1': 2.294, 'm2-1': 1.485, 'm3-1': 4.972, 'm4-1': 1.051}",1.5764999999999998,496.5970000000001,497.6480000000001,inf,499.242,499.242
1938,TT1,BESTEFFORT,CANCELLED,,494.288,"{'m1-1': 2.108, 'm2-1': 1.869, 'm3-1': 4.828, 'm4-1': 0.805}",0.0,inf,inf,inf,499.288,499.288
1939,TT3,BESTEFFORT,CANCELLED,,494.336,"{'m1-1': 2.069, 'm2-1': 1.743, 'm3-1': 4.314, 'm4-1': 0.769}",0.0,inf,inf,inf,499.536,499.536
1940,TT1,BESTEFFORT,COMPLETED,m4-1,494.743,"{'m1-1': 2.526, 'm2-1': 1.654, 'm3-1': 4.081, 'm4-1': 0.76}",1.1400000000000001,497.6480000000001,498.4080000000001,inf,499.743,499.743
1941,TT3,BESTEFFORT,COMPLETED,m2-1,495.03,"{'m1-1': 1.901, 'm2-1': 1.501, 'm3-1': 5.65, 'm4-1': 1.001}",4.503,498.18100000000004,499.682,inf,500.22999999999996,500.22999999999996
1942,TT4,BESTEFFORT,CANCELLED,,495.129,"{'m1-1': 1.804, 'm2-1': 1.555, 'm3-1': 4.054, 'm4-1': 0.892}",0.0,inf,inf,inf,500.129,500.129
1943,TT1,BESTEFFORT,CANCELLED,,495.247,"{'m1-1': 2.183, 'm2-1': 1.893, 'm3-1': 4.725, 'm4-1': 0.741}",0.0,inf,inf,inf,500.247,500.247
1944,TT3,BESTEFFORT,CANCELLED,,495.5,"{'m1-1': 2.41, 'm2-1': 1.526, 'm3-1': 5.03, 'm4-1': 0.85}",0.0,inf,inf,inf,500.7,500.7
1945,TT1,BESTEFFORT,CANCELLED,,495.601,"{'m1-1': 1.925, 'm2-1': 1.589, 'm3-1': 4.45, 'm4-1': 0.649}",0.0,inf,inf,inf,500.601,500.601
1946,TT3,BESTEFFORT,COMPLETED,m4-1,496.296,"{'m1-1': 2.129, 'm2-1': 1.343, 'm3-1': 4.348, 'm4-1': 0.956}",1.434,498.4080000000001,499.3640000000001,inf,501.496,501.496
1947,TT3,BESTEFFORT,COMPLETED,m4-1,496.675,"{'m1-1': 2.234, 'm2-1': 1.548, 'm3-1': 5.567, 'm4-1': 0.743}",1.1145,499.3640000000001,500.1070000000001,inf,501.875,501.875
1948,TT1,BESTEFFORT,COMPLETED,m1-1,496.806,"{'m1-1': 2.096, 'm2-1': 1.553, 'm3-1': 4.132, 'm4-1': 0.706}",3.3536,499.17199999999997,501.268,inf,501.806,501.806
1949,TT4,BESTEFFORT,COMPLETED,m2-1,496.838,"{'m1-1': 1.8, 'm2-1': 1.51, 'm3-1': 5.082, 'm4-1': 0.786}",4.53,499.682,501.192,inf,501.838,501.838
1950,TT3,BESTEFFORT,COMPLETED,m4-1,497.831,"{'m1-1': 2.273, 'm2-1': 1.608, 'm3-1': 5.203, 'm4-1': 0.788}",1.182,500.1070000000001,500.8950000000001,inf,503.031,503.031
1951,TT3,BESTEFFORT,COMPLETED,m4-1,498.731,"{'m1-1': 2.24, 'm2-1': 1.544, 'm3-1': 4.752, 'm4-1': 0.933}",1.3995000000000002,500.8950000000001,501.8280000000001,inf,503.931,503.931
1952,TT1,BESTEFFORT,COMPLETED,m1-1,498.887,"{'m1-1': 2.058, 'm2-1': 1.939, 'm3-1': 4.046, 'm4-1': 0.737}",3.2927999999999997,501.268,503.32599999999996,inf,503.887,503.887
1953,TT3,BESTEFFORT,COMPLETED,m4-1,499.716,"{'m1-1': 2.392, 'm2-1': 1.513, 'm3-1': 4.972, 'm4-1': 0.905}",1.3575,501.8280000000001,502.73300000000006,inf,504.916,504.916
1954,TT1,BESTEFFORT,COMPLETED,m4-1,500.338,"{'m1-1': 2.45, 'm2-1': 1.626, 'm3-1': 3.605, 'm4-1': 0.776}",1.1640000000000001,502.73300000000006,503.50900000000007,inf,505.338,505.338
1955,TT3,BESTEFFORT,COMPLETED,m2-1,500.457,"{'m1-1': 2.412, 'm2-1': 1.513, 'm3-1': 5.56, 'm4-1': 0.954}",4.539,501.192,502.705,inf,505.657,505.657
1956,TT1,BESTEFFORT,COMPLETED,m2-1,500.826,"{'m1-1': 2.608, 'm2-1': 1.842, 'm3-1': 4.196, 'm4-1': 0.785}",5.526,502.705,504.54699999999997,inf,505.826,505.826
1957,TT3,BESTEFFORT,COMPLETED,m4-1,501.208,"{'m1-1': 2.423, 'm2-1': 1.545, 'm3-1': 5.338, 'm4-1': 0.74}",1.1099999999999999,503.50900000000007,504.2490000000001,inf,506.408,506.408
1958,TT3,BESTEFFORT,COMPLETED,m1-1,501.222,"{'m1-1': 1.851, 'm2-1': 1.429, 'm3-1': 5.0, 'm4-1': 0.896}",2.9616000000000002,503.32599999999996,505.17699999999996,inf,506.42199999999997,506.42199999999997
1959,TT3,BESTEFFORT,COMPLETED,m2-1,501.685,"{'m1-1': 2.303, 'm2-1': 1.724, 'm3-1': 5.7, 'm4-1': 0.818}",5.172,504.54699999999997,506.27099999999996,inf,506.885,506.885
1960,TT3,BESTEFFORT,COMPLETED,m4-1,502.417,"{'m1-1': 2.239, 'm2-1': 1.309, 'm3-1': 5.457, 'm4-1': 0.727}",1.0905,504.2490000000001,504.97600000000006,inf,507.61699999999996,507.61699999999996
1961,TT3,BESTEFFORT,COMPLETED,m4-1,502.81,"{'m1-1': 2.325, 'm2-1': 1.681, 'm3-1': 5.118, 'm4-1': 0.74}",1.1099999999999999,504.97600000000006,505.71600000000007,inf,508.01,508.01
1962,TT1,BESTEFFORT,MISSED,m2-1,502.827,"{'m1-1': 1.916, 'm2-1': 1.806, 'm3-1': 4.019, 'm4-1': 0.698}",4.66800000000012,506.27099999999996,inf,507.827,507.827,507.827
1963,TT1,BESTEFFORT,COMPLETED,m3-1,503.035,"{'m1-1': 2.177, 'm2-1': 1.864, 'm3-1': 3.624, 'm4-1': 0.81}",6.5232,503.035,506.65900000000005,inf,508.035,508.035
1964,TT1,BESTEFFORT,COMPLETED,m4-1,503.529,"{'m1-1': 2.321, 'm2-1': 1.825, 'm3-1': 4.165, 'm4-1': 0.76}",1.1400000000000001,505.71600000000007,506.47600000000006,inf,508.529,508.529
1965,TT3,BESTEFFORT,COMPLETED,m4-1,504.771,"{'m1-1': 2.0, 'm2-1': 1.373, 'm3-1': 4.452, 'm4-1': 0.907}",1.3605,506.47600000000006,507.38300000000004,inf,509.971,509.971
1966,TT3,BESTEFFORT,COMPLETED,m4-1,506.092,"{'m1-1': 2.083, 'm2-1': 1.737, 'm3-1': 5.919, 'm4-1': 0.93}",1.395,507.38300000000004,508.31300000000005,inf,511.292,511.292
1967,TT3,BESTEFFORT,COMPLETED,m4-1,506.666,"{'m1-1': 2.395, 'm2-1': 1.668, 'm3-1': 5.818, 'm4-1': 0.78}",1.17,508.31300000000005,509.093,inf,511.866,511.866
1968,TT3,BESTEFFORT,COMPLETED,m4-1,506.699,"{'m1-1': 2.319, 'm2-1': 1.281, 'm3-1': 5.81, 'm4-1': 0.805}",1.2075,509.093,509.898,inf,511.899,511.899
1969,TT3,BESTEFFORT,COMPLETED,m1-1,507.048,"{'m1-1': 2.134, 'm2-1': 1.739, 'm3-1': 5.522, 'm4-1': 0.956}",3.4144,507.048,509.182,inf,512.248,512.248
1970,TT3,BESTEFFORT,COMPLETED,m1-1,507.052,"{'m1-1': 2.385, 'm2-1': 1.684, 'm3-1': 4.501, 'm4-1': 0.717}",3.816,509.182,511.567,inf,512.2520000000001,512.2520000000001
1971,TT3,BESTEFFORT,COMPLETED,m4-1,507.441,"{'m1-1': 2.207, 'm2-1': 1.627, 'm3-1': 5.092, 'm4-1': 0.974}",1.4609999999999999,509.898,510.872,inf,512.641,512.641
1972,TT3,BESTEFFORT,COMPLETED,m4-1,509.853,"{'m1-1': 2.212, 'm2-1': 1.628, 'm3-1': 4.975, 'm4-1': 0.842}",1.263,510.872,511.714,inf,515.053,515.053
1973,TT3,BESTEFFORT,COMPLETED,m4-1,510.667,"{'m1-1': 2.306, 'm2-1': 1.584, 'm3-1': 5.444, 'm4-1': 1.003}",1.5044999999999997,511.714,512.717,inf,515.867,515.867
1974,TT3,BESTEFFORT,COMPLETED,m4-1,512.321,"{'m1-1': 2.027, 'm2-1': 1.514, 'm3-1': 4.775, 'm4-1': 0.774}",1.161,512.717,513.491,inf,517.5210000000001,517.5210000000001
1975,TT3,BESTEFFORT,COMPLETED,m4-1,512.458,"{'m1-1': 2.175, 'm2-1': 1.361, 'm3-1': 5.316, 'm4-1': 0.955}",1.4324999999999999,513.491,514.446,inf,517.658,517.658
1976,TT3,BESTEFFORT,COMPLETED,m4-1,514.437,"{'m1-1': 2.103, 'm2-1': 1.295, 'm3-1': 4.568, 'm4-1': 0.788}",1.182,514.446,515.234,inf,519.6370000000001,519.6370000000001
1977,TT3,BESTEFFORT,COMPLETED,m4-1,515.349,"{'m1-1': 1.808, 'm2-1': 1.462, 'm3-1': 5.627, 'm4-1': 0.864}",1.296,515.349,516.2130000000001,inf,520.5490000000001,520.5490000000001
1978,TT3,BESTEFFORT,COMPLETED,m4-1,517.236,"{'m1-1': 2.095, 'm2-1': 1.55, 'm3-1': 5.083, 'm4-1': 0.853}",1.2795,517.236,518.0889999999999,inf,522.436,522.436
1979,TT3,BESTEFFORT,COMPLETED,m4-1,517.371,"{'m1-1': 2.271, 'm2-1': 1.737, 'm3-1': 5.946, 'm4-1': 0.849}",1.2734999999999999,518.0889999999999,518.938,inf,522.571,522.571
1980,TT3,BESTEFFORT,COMPLETED,m4-1,519.162,"{'m1-1': 1.86, 'm2-1': 1.783, 'm3-1': 4.55, 'm4-1': 0.787}",1.1805,519.162,519.9490000000001,inf,524.3620000000001,524.3620000000001
1981,TT3,BESTEFFORT,COMPLETED,m4-1,519.457,"{'m1-1': 1.863, 'm2-1': 1.406, 'm3-1': 5.209, 'm4-1': 0.759}",1.1385,519.9490000000001,520.7080000000001,inf,524.657,524.657
1982,TT3,BESTEFFORT,COMPLETED,m4-1,519.724,"{'m1-1': 2.283, 'm2-1': 1.462, 'm3-1': 4.86, 'm4-1': 0.906}",1.359,520.7080000000001,521.614,inf,524.9240000000001,524.9240000000001
1983,TT3,BESTEFFORT,COMPLETED,m4-1,520.627,"{'m1-1': 2.236, 'm2-1': 1.279, 'm3-1': 5.175, 'm4-1': 0.869}",1.3035,521.614,522.4830000000001,inf,525.827,525.827
1984,TT3,BESTEFFORT,COMPLETED,m4-1,521.766,"{'m1-1': 2.131, 'm2-1': 1.352, 'm3-1': 4.367, 'm4-1': 0.865}",1.2974999999999999,522.4830000000001,523.3480000000001,inf,526.966,526.966
1985,TT3,BESTEFFORT,COMPLETED,m4-1,523.648,"{'m1-1': 2.392, 'm2-1': 1.574, 'm3-1': 5.356, 'm4-1': 0.945}",1.4175,523.648,524.5930000000001,inf,528.8480000000001,528.8480000000001
1986,TT3,BESTEFFORT,COMPLETED,m4-1,523.854,"{'m1-1': 2.334, 'm2-1': 1.634, 'm3-1': 4.269, 'm4-1': 0.986}",1.479,524.5930000000001,525.5790000000001,inf,529.0540000000001,529.0540000000001
1987,TT3,BESTEFFORT,COMPLETED,m4-1,525.398,"{'m1-1': 1.851, 'm2-1': 1.432, 'm3-1': 4.947, 'm4-1': 0.782}",1.173,525.5790000000001,526.3610000000001,inf,530.5980000000001,530.5980000000001
1988,TT3,BESTEFFORT,COMPLETED,m4-1,525.423,"{'m1-1': 1.808, 'm2-1': 1.588, 'm3-1': 4.956, 'm4-1': 0.879}",1.3185,526.3610000000001,527.2400000000001,inf,530.623,530.623
1989,TT3,BESTEFFORT,COMPLETED,m4-1,525.59,"{'m1-1': 2.218, 'm2-1': 1.52, 'm3-1': 5.831, 'm4-1': 0.748}",1.1219999999999999,527.2400000000001,527.9880000000002,inf,530.7900000000001,530.7900000000001
1990,TT3,BESTEFFORT,COMPLETED,m4-1,525.929,"{'m1-1': 2.369, 'm2-1': 1.529, 'm3-1': 4.561, 'm4-1': 0.78}",1.17,527.9880000000002,528.7680000000001,inf,531.129,531.129
1991,TT3,BESTEFFORT,COMPLETED,m4-1,526.406,"{'m1-1': 1.724, 'm2-1': 1.644, 'm3-1': 4.468, 'm4-1': 0.75}",1.125,528.7680000000001,529.5180000000001,inf,531.606,531.606
1992,TT3,BESTEFFORT,COMPLETED,m1-1,526.723,"{'m1-1': 1.851, 'm2-1': 1.322, 'm3-1': 4.471, 'm4-1': 0.889}",2.9616000000000002,526.723,528.574,inf,531.923,531.923
1993,TT3,BESTEFFORT,COMPLETED,m4-1,528.277,"{'m1-1': 2.127, 'm2-1': 1.642, 'm3-1': 5.481, 'm4-1': 0.917}",1.3755000000000002,529.5180000000001,530.4350000000002,inf,533.4770000000001,533.4770000000001
1994,TT3,BESTEFFORT,COMPLETED,m4-1,528.407,"{'m1-1': 2.028, 'm2-1': 1.771, 'm3-1': 5.785, 'm4-1': 0.893}",1.3395000000000001,530.4350000000002,531.3280000000002,inf,533.6070000000001,533.6070000000001
1995,TT3,BESTEFFORT,COMPLETED,m4-1,529.415,"{'m1-1': 1.754, 'm2-1': 1.768, 'm3-1': 4.441, 'm4-1': 0.794}",1.191,531.3280000000002,532.1220000000002,inf,534.615,534.615
1996,TT3,BESTEFFORT,COMPLETED,m4-1,531.929,"{'m1-1': 1.927, 'm2-1': 1.341, 'm3-1': 4.972, 'm4-1': 0.97}",1.455,532.1220000000002,533.0920000000002,inf,537.129,537.129
1997,TT3,BESTEFFORT,COMPLETED,m4-1,532.478,"{'m1-1': 2.389, 'm2-1': 1.334, 'm3-1': 5.555, 'm4-1': 0.914}",1.371,533.0920000000002,534.0060000000002,inf,537.678,537.678
1998,TT3,BESTEFFORT,COMPLETED,m4-1,533.16,"{'m1-1': 2.043, 'm2-1': 1.383, 'm3-1': 5.098, 'm4-1': 0.757}",1.1355,534.0060000000002,534.7630000000001,inf,538.36,538.36
1999,TT3,BESTEFFORT,COMPLETED,m4-1,533.181,"{'m1-1': 2.422, 'm2-1': 1.724, 'm3-1': 5.949, 'm4-1': 0.951}",1.4264999999999999,534.7630000000001,535.7140000000002,inf,538.3810000000001,538.3810000000001
