id,type,urgency,status,assigned_machine,arrival_time,execution_time,energy_usage,start_time,completion_time,missed_time,deadline,extended_deadline
0,TT2,BESTEFFORT,COMPLETED,m4-1,0.22,"{'m1-1': 2.535, 'm2-1': 2.063, 'm3-1': 4.679, 'm4-1': 0.938}",1.407,0.22,1.158,inf,5.319999999999999,5.319999999999999
1,TT3,BESTEFFORT,COMPLETED,m4-1,0.316,"{'m1-1': 2.101, 'm2-1': 1.398, 'm3-1': 5.838, 'm4-1': 0.958}",1.4369999999999998,1.158,2.1159999999999997,inf,5.516,5.516
2,TT1,BESTEFFORT,COMPLETED,m4-1,0.628,"{'m1-1': 2.318, 'm2-1': 1.743, 'm3-1': 4.825, 'm4-1': 0.638}",0.9570000000000001,2.1159999999999997,2.7539999999999996,inf,5.628,5.628
3,TT2,BESTEFFORT,COMPLETED,m4-1,0.842,"{'m1-1': 2.617, 'm2-1': 1.743, 'm3-1': 3.911, 'm4-1': 0.852}",1.278,2.7539999999999996,3.6059999999999994,inf,5.941999999999999,5.941999999999999
4,TT4,BESTEFFORT,COMPLETED,m4-1,1.48,"{'m1-1': 1.988, 'm2-1': 1.692, 'm3-1': 4.899, 'm4-1': 0.965}",1.4475,3.6059999999999994,4.571,inf,6.48,6.48
5,TT4,BESTEFFORT,COMPLETED,m1-1,1.507,"{'m1-1': 2.283, 'm2-1': 1.85, 'm3-1': 3.978, 'm4-1': 0.89}",3.6528,1.507,3.79,inf,6.507,6.507
6,TT3,BESTEFFORT,COMPLETED,m1-1,1.707,"{'m1-1': 1.89, 'm2-1': 1.299, 'm3-1': 4.874, 'm4-1': 0.856}",3.024,3.79,5.68,inf,6.907,6.907
7,TT3,BESTEFFORT,COMPLETED,m4-1,2.477,"{'m1-1': 1.81, 'm2-1': 1.29, 'm3-1': 5.689, 'm4-1': 0.828}",1.242,4.571,5.399,inf,7.677,7.677
8,TT3,BESTEFFORT,COMPLETED,m4-1,2.816,"{'m1-1': 2.32, 'm2-1': 1.567, 'm3-1': 4.787, 'm4-1': 0.826}",1.2389999999999999,5.399,6.225,inf,8.016,8.016
9,TT3,BESTEFFORT,COMPLETED,m1-1,3.381,"{'m1-1': 2.388, 'm2-1': 1.704, 'm3-1': 4.693, 'm4-1': 0.767}",3.8208,5.68,8.068,inf,8.581,8.581
10,TT3,BESTEFFORT,COMPLETED,m2-1,3.577,"{'m1-1': 2.224, 'm2-1': 1.388, 'm3-1': 4.553, 'm4-1': 0.995}",4.164,3.577,4.965,inf,8.777000000000001,8.777000000000001
11,TT3,BESTEFFORT,COMPLETED,m4-1,4.56,"{'m1-1': 1.821, 'm2-1': 1.381, 'm3-1': 4.66, 'm4-1': 0.86}",1.29,6.225,7.085,inf,9.76,9.76
12,TT2,BESTEFFORT,COMPLETED,m4-1,4.67,"{'m1-1': 2.156, 'm2-1': 1.999, 'm3-1': 4.189, 'm4-1': 0.732}",1.0979999999999999,7.085,7.817,inf,9.77,9.77
13,TT3,BESTEFFORT,MISSED,m1-1,4.81,"{'m1-1': 2.039, 'm2-1': 1.346, 'm3-1': 5.767, 'm4-1': 0.842}",3.1072000000000006,8.068,inf,10.01,10.01,10.01
14,TT2,BESTEFFORT,COMPLETED,m2-1,4.973,"{'m1-1': 2.342, 'm2-1': 1.547, 'm3-1': 3.675, 'm4-1': 0.982}",4.641,4.973,6.52,inf,10.073,10.073
15,TT1,BESTEFFORT,COMPLETED,m2-1,5.159,"{'m1-1': 1.856, 'm2-1': 1.463, 'm3-1': 3.822, 'm4-1': 0.86}",4.389,6.52,7.983,inf,10.158999999999999,10.158999999999999
16,TT1,BESTEFFORT,COMPLETED,m2-1,5.304,"{'m1-1': 2.429, 'm2-1': 1.691, 'm3-1': 3.654, 'm4-1': 0.824}",5.073,7.983,9.674,inf,10.304,10.304
17,TT4,BESTEFFORT,CANCELLED,m4-1,5.649,"{'m1-1': 2.444, 'm2-1': 1.637, 'm3-1': 4.283, 'm4-1': 1.005}",0.0,inf,inf,inf,10.649000000000001,10.649000000000001
18,TT3,BESTEFFORT,COMPLETED,m4-1,5.791,"{'m1-1': 2.287, 'm2-1': 1.694, 'm3-1': 5.889, 'm4-1': 0.85}",1.275,7.817,8.667,inf,10.991,10.991
19,TT2,BESTEFFORT,COMPLETED,m3-1,5.826,"{'m1-1': 2.104, 'm2-1': 1.735, 'm3-1': 4.535, 'm4-1': 0.782}",8.163,5.826,10.361,inf,10.925999999999998,10.925999999999998
20,TT3,BESTEFFORT,COMPLETED,m4-1,5.884,"{'m1-1': 2.24, 'm2-1': 1.715, 'm3-1': 5.252, 'm4-1': 0.93}",1.395,8.667,9.597,inf,11.084,11.084
21,TT4,BESTEFFORT,MISSED,m1-1,6.466,"{'m1-1': 2.168, 'm2-1': 1.728, 'm3-1': 3.913, 'm4-1': 0.997}",2.3296000000000023,10.01,inf,11.466000000000001,11.466000000000001,11.466000000000001
22,TT3,BESTEFFORT,COMPLETED,m4-1,7.332,"{'m1-1': 2.253, 'm2-1': 1.321, 'm3-1': 5.083, 'm4-1': 0.75}",1.125,9.597,10.347,inf,12.532,12.532
23,TT4,BESTEFFORT,COMPLETED,m2-1,7.744,"{'m1-1': 2.391, 'm2-1': 1.761, 'm3-1': 3.738, 'm4-1': 0.954}",5.2829999999999995,9.674,11.434999999999999,inf,12.744,12.744
24,TT3,BESTEFFORT,COMPLETED,m4-1,7.99,"{'m1-1': 2.22, 'm2-1': 1.462, 'm3-1': 4.38, 'm4-1': 0.978}",1.467,10.347,11.325,inf,13.190000000000001,13.190000000000001
25,TT4,BESTEFFORT,COMPLETED,m2-1,8.236,"{'m1-1': 1.753, 'm2-1': 1.421, 'm3-1': 5.1, 'm4-1': 0.765}",4.263,11.434999999999999,12.855999999999998,inf,13.236,13.236
26,TT3,BESTEFFORT,CANCELLED,,8.325,"{'m1-1': 2.314, 'm2-1': 1.742, 'm3-1': 5.554, 'm4-1': 0.785}",0.0,inf,inf,inf,13.524999999999999,13.524999999999999
27,TT2,BESTEFFORT,CANCELLED,,8.385,"{'m1-1': 2.138, 'm2-1': 1.676, 'm3-1': 4.038, 'm4-1': 0.917}",0.0,inf,inf,inf,13.485,13.485
28,TT4,BESTEFFORT,COMPLETED,m4-1,8.427,"{'m1-1': 1.853, 'm2-1': 1.359, 'm3-1': 4.035, 'm4-1': 1.041}",1.5614999999999999,11.325,12.366,inf,13.427,13.427
29,TT2,BESTEFFORT,COMPLETED,m4-1,8.855,"{'m1-1': 2.003, 'm2-1': 1.853, 'm3-1': 4.472, 'm4-1': 0.88}",1.32,12.366,13.246,inf,13.955,13.955
30,TT4,BESTEFFORT,COMPLETED,m1-1,9.653,"{'m1-1': 2.064, 'm2-1': 1.775, 'm3-1': 3.687, 'm4-1': 0.912}",3.3024000000000004,11.466000000000001,13.530000000000001,inf,14.653,14.653
31,TT2,BESTEFFORT,COMPLETED,m4-1,10.849,"{'m1-1': 2.32, 'm2-1': 1.581, 'm3-1': 4.536, 'm4-1': 0.895}",1.3425,13.246,14.141,inf,15.949,15.949
32,TT1,BESTEFFORT,COMPLETED,m1-1,11.077,"{'m1-1': 1.881, 'm2-1': 1.585, 'm3-1': 3.858, 'm4-1': 0.615}",3.0096000000000003,13.530000000000001,15.411000000000001,inf,16.076999999999998,16.076999999999998
33,TT2,BESTEFFORT,COMPLETED,m4-1,12.379,"{'m1-1': 2.166, 'm2-1': 2.075, 'm3-1': 4.965, 'm4-1': 0.93}",1.395,14.141,15.071,inf,17.479,17.479
34,TT2,BESTEFFORT,COMPLETED,m4-1,12.442,"{'m1-1': 2.108, 'm2-1': 2.133, 'm3-1': 4.582, 'm4-1': 0.839}",1.2585,15.071,15.91,inf,17.542,17.542
35,TT2,BESTEFFORT,COMPLETED,m2-1,12.91,"{'m1-1': 2.271, 'm2-1': 1.781, 'm3-1': 3.796, 'm4-1': 0.732}",5.343,12.91,14.691,inf,18.009999999999998,18.009999999999998
36,TT4,BESTEFFORT,COMPLETED,m2-1,12.92,"{'m1-1': 2.086, 'm2-1': 1.846, 'm3-1': 4.922, 'm4-1': 1.008}",5.538,14.691,16.537,inf,17.92,17.92
37,TT3,BESTEFFORT,COMPLETED,m4-1,13.37,"{'m1-1': 2.259, 'm2-1': 1.684, 'm3-1': 4.28, 'm4-1': 0.857}",1.2854999999999999,15.91,16.767,inf,18.57,18.57
38,TT3,BESTEFFORT,COMPLETED,m4-1,14.31,"{'m1-1': 2.288, 'm2-1': 1.438, 'm3-1': 4.506, 'm4-1': 0.906}",1.359,16.767,17.673,inf,19.51,19.51
39,TT1,BESTEFFORT,COMPLETED,m1-1,14.349,"{'m1-1': 2.227, 'm2-1': 1.972, 'm3-1': 3.932, 'm4-1': 0.83}",3.5632,15.411000000000001,17.638,inf,19.349,19.349
40,TT3,BESTEFFORT,COMPLETED,m2-1,14.896,"{'m1-1': 1.869, 'm2-1': 1.34, 'm3-1': 5.719, 'm4-1': 0.747}",4.0200000000000005,16.537,17.877,inf,20.096,20.096
41,TT4,BESTEFFORT,COMPLETED,m4-1,15.495,"{'m1-1': 2.3, 'm2-1': 1.369, 'm3-1': 4.899, 'm4-1': 0.986}",1.479,17.673,18.659,inf,20.494999999999997,20.494999999999997
42,TT3,BESTEFFORT,COMPLETED,m4-1,16.362,"{'m1-1': 2.0, 'm2-1': 1.433, 'm3-1': 5.689, 'm4-1': 0.999}",1.4985,18.659,19.657999999999998,inf,21.561999999999998,21.561999999999998
43,TT2,BESTEFFORT,COMPLETED,m4-1,17.507,"{'m1-1': 2.104, 'm2-1': 1.652, 'm3-1': 3.893, 'm4-1': 1.011}",1.5164999999999997,19.657999999999998,20.668999999999997,inf,22.607,22.607
44,TT2,BESTEFFORT,COMPLETED,m1-1,17.592,"{'m1-1': 2.329, 'm2-1': 1.592, 'm3-1': 4.894, 'm4-1': 0.938}",3.7264000000000004,17.638,19.967000000000002,inf,22.692,22.692
45,TT3,BESTEFFORT,COMPLETED,m4-1,17.734,"{'m1-1': 1.868, 'm2-1': 1.552, 'm3-1': 4.864, 'm4-1': 0.745}",1.1175,20.668999999999997,21.413999999999998,inf,22.934,22.934
46,TT3,BESTEFFORT,COMPLETED,m1-1,18.015,"{'m1-1': 1.94, 'm2-1': 1.381, 'm3-1': 5.889, 'm4-1': 0.869}",3.104,19.967000000000002,21.907000000000004,inf,23.215,23.215
47,TT2,BESTEFFORT,COMPLETED,m2-1,18.031,"{'m1-1': 2.14, 'm2-1': 1.596, 'm3-1': 4.999, 'm4-1': 0.823}",4.788,18.031,19.627,inf,23.131,23.131
48,TT4,BESTEFFORT,COMPLETED,m4-1,18.751,"{'m1-1': 1.935, 'm2-1': 1.353, 'm3-1': 4.647, 'm4-1': 0.883}",1.3245,21.413999999999998,22.296999999999997,inf,23.751,23.751
49,TT2,BESTEFFORT,COMPLETED,m2-1,19.174,"{'m1-1': 2.361, 'm2-1': 1.613, 'm3-1': 4.162, 'm4-1': 0.9}",4.839,19.627,21.24,inf,24.274,24.274
50,TT4,BESTEFFORT,COMPLETED,m1-1,19.43,"{'m1-1': 1.961, 'm2-1': 1.889, 'm3-1': 3.645, 'm4-1': 0.789}",3.1376000000000004,21.907000000000004,23.868000000000002,inf,24.43,24.43
51,TT1,BESTEFFORT,COMPLETED,m2-1,19.458,"{'m1-1': 2.59, 'm2-1': 1.921, 'm3-1': 4.13, 'm4-1': 0.759}",5.763,21.24,23.160999999999998,inf,24.458,24.458
52,TT4,BESTEFFORT,COMPLETED,m4-1,19.781,"{'m1-1': 1.907, 'm2-1': 1.489, 'm3-1': 4.969, 'm4-1': 0.954}",1.431,22.296999999999997,23.250999999999998,inf,24.781,24.781
53,TT3,BESTEFFORT,COMPLETED,m2-1,20.554,"{'m1-1': 2.211, 'm2-1': 1.48, 'm3-1': 5.342, 'm4-1': 0.888}",4.4399999999999995,23.160999999999998,24.641,inf,25.753999999999998,25.753999999999998
54,TT2,BESTEFFORT,COMPLETED,m3-1,20.647,"{'m1-1': 2.109, 'm2-1': 1.92, 'm3-1': 3.824, 'm4-1': 0.882}",6.8831999999999995,20.647,24.470999999999997,inf,25.747,25.747
55,TT2,BESTEFFORT,COMPLETED,m4-1,21.123,"{'m1-1': 1.984, 'm2-1': 2.02, 'm3-1': 3.978, 'm4-1': 0.893}",1.3395000000000001,23.250999999999998,24.144,inf,26.223,26.223
56,TT3,BESTEFFORT,CANCELLED,m4-1,21.581,"{'m1-1': 1.916, 'm2-1': 1.517, 'm3-1': 5.126, 'm4-1': 0.996}",0.0,inf,inf,inf,26.781,26.781
57,TT2,BESTEFFORT,COMPLETED,m1-1,21.919,"{'m1-1': 2.052, 'm2-1': 2.143, 'm3-1': 4.041, 'm4-1': 0.969}",3.2832000000000003,23.868000000000002,25.92,inf,27.019,27.019
58,TT1,BESTEFFORT,COMPLETED,m2-1,21.944,"{'m1-1': 2.301, 'm2-1': 1.755, 'm3-1': 3.822, 'm4-1': 0.808}",5.265,24.641,26.395999999999997,inf,26.944,26.944
59,TT4,BESTEFFORT,COMPLETED,m4-1,22.634,"{'m1-1': 2.376, 'm2-1': 1.594, 'm3-1': 4.659, 'm4-1': 0.897}",1.3455,24.144,25.040999999999997,inf,27.634,27.634
60,TT1,BESTEFFORT,COMPLETED,m2-1,23.09,"{'m1-1': 2.274, 'm2-1': 1.485, 'm3-1': 3.854, 'm4-1': 0.696}",4.455,26.395999999999997,27.880999999999997,inf,28.09,28.09
61,TT2,BESTEFFORT,COMPLETED,m4-1,23.246,"{'m1-1': 1.911, 'm2-1': 1.648, 'm3-1': 4.677, 'm4-1': 0.964}",1.446,25.040999999999997,26.004999999999995,inf,28.345999999999997,28.345999999999997
62,TT4,BESTEFFORT,COMPLETED,m1-1,23.554,"{'m1-1': 2.398, 'm2-1': 1.579, 'm3-1': 5.104, 'm4-1': 0.79}",3.8368,25.92,28.318,inf,28.554,28.554
63,TT2,BESTEFFORT,CANCELLED,m4-1,24.063,"{'m1-1': 2.306, 'm2-1': 1.699, 'm3-1': 4.673, 'm4-1': 0.928}",0.0,inf,inf,inf,29.162999999999997,29.162999999999997
64,TT4,BESTEFFORT,CANCELLED,m4-1,24.069,"{'m1-1': 2.012, 'm2-1': 1.799, 'm3-1': 3.863, 'm4-1': 1.059}",0.0,inf,inf,inf,29.069,29.069
65,TT1,BESTEFFORT,COMPLETED,m4-1,24.077,"{'m1-1': 2.548, 'm2-1': 1.459, 'm3-1': 4.608, 'm4-1': 0.691}",1.0365,26.004999999999995,26.695999999999994,inf,29.077,29.077
66,TT2,BESTEFFORT,CANCELLED,m4-1,24.133,"{'m1-1': 2.438, 'm2-1': 1.867, 'm3-1': 4.325, 'm4-1': 0.944}",0.0,inf,inf,inf,29.232999999999997,29.232999999999997
67,TT2,BESTEFFORT,COMPLETED,m2-1,25.078,"{'m1-1': 2.645, 'm2-1': 1.582, 'm3-1': 4.769, 'm4-1': 0.759}",4.746,27.880999999999997,29.462999999999997,inf,30.177999999999997,30.177999999999997
68,TT3,BESTEFFORT,COMPLETED,m3-1,25.102,"{'m1-1': 2.192, 'm2-1': 1.27, 'm3-1': 4.811, 'm4-1': 1.001}",8.6598,25.102,29.913,inf,30.302,30.302
69,TT1,BESTEFFORT,COMPLETED,m4-1,25.196,"{'m1-1': 2.581, 'm2-1': 1.444, 'm3-1': 4.072, 'm4-1': 0.752}",1.1280000000000001,26.695999999999994,27.447999999999993,inf,30.196,30.196
70,TT3,BESTEFFORT,COMPLETED,m4-1,25.21,"{'m1-1': 2.111, 'm2-1': 1.493, 'm3-1': 5.807, 'm4-1': 0.95}",1.4249999999999998,28.063999999999993,29.013999999999992,inf,30.41,30.41
71,TT1,BESTEFFORT,COMPLETED,m4-1,25.232,"{'m1-1': 2.581, 'm2-1': 1.95, 'm3-1': 4.843, 'm4-1': 0.616}",0.9239999999999999,27.447999999999993,28.063999999999993,inf,30.232,30.232
72,TT3,BESTEFFORT,MISSED,m1-1,25.373,"{'m1-1': 2.322, 'm2-1': 1.587, 'm3-1': 4.55, 'm4-1': 0.894}",3.6079999999999988,28.318,inf,30.573,30.573,30.573
73,TT2,BESTEFFORT,MISSED,m2-1,26.322,"{'m1-1': 2.592, 'm2-1': 2.068, 'm3-1': 4.798, 'm4-1': 0.961}",5.876999999999999,29.462999999999997,inf,31.421999999999997,31.421999999999997,31.421999999999997
74,TT4,BESTEFFORT,COMPLETED,m4-1,27.406,"{'m1-1': 2.026, 'm2-1': 1.668, 'm3-1': 4.157, 'm4-1': 0.936}",1.4040000000000001,29.013999999999992,29.949999999999992,inf,32.406,32.406
75,TT1,BESTEFFORT,COMPLETED,m4-1,27.674,"{'m1-1': 2.582, 'm2-1': 1.982, 'm3-1': 4.968, 'm4-1': 0.768}",1.1520000000000001,29.949999999999992,30.717999999999993,inf,32.674,32.674
76,TT4,BESTEFFORT,MISSED,m1-1,27.785,"{'m1-1': 2.4, 'm2-1': 1.726, 'm3-1': 4.971, 'm4-1': 0.913}",3.539199999999994,30.573,inf,32.785,32.785,32.785
77,TT3,BESTEFFORT,COMPLETED,m2-1,27.812,"{'m1-1': 1.908, 'm2-1': 1.349, 'm3-1': 4.721, 'm4-1': 0.97}",4.047,31.421999999999997,32.770999999999994,inf,33.012,33.012
78,TT1,BESTEFFORT,CANCELLED,m4-1,28.444,"{'m1-1': 2.618, 'm2-1': 1.654, 'm3-1': 4.373, 'm4-1': 0.817}",0.0,inf,inf,inf,33.444,33.444
79,TT2,BESTEFFORT,CANCELLED,m4-1,28.519,"{'m1-1': 2.631, 'm2-1': 1.52, 'm3-1': 4.743, 'm4-1': 0.995}",0.0,inf,inf,inf,33.619,33.619
80,TT1,BESTEFFORT,CANCELLED,m4-1,29.028,"{'m1-1': 2.011, 'm2-1': 1.762, 'm3-1': 3.628, 'm4-1': 0.695}",0.0,inf,inf,inf,34.028,34.028
81,TT3,BESTEFFORT,MISSED,m2-1,29.255,"{'m1-1': 1.798, 'm2-1': 1.715, 'm3-1': 5.936, 'm4-1': 0.753}",5.052000000000014,32.770999999999994,inf,34.455,34.455,34.455
82,TT3,BESTEFFORT,COMPLETED,m4-1,29.476,"{'m1-1': 1.891, 'm2-1': 1.388, 'm3-1': 5.661, 'm4-1': 0.953}",1.4295,30.717999999999993,31.670999999999992,inf,34.676,34.676
83,TT3,BESTEFFORT,COMPLETED,m1-1,29.794,"{'m1-1': 1.817, 'm2-1': 1.412, 'm3-1': 5.959, 'm4-1': 0.77}",2.9072,32.785,34.602,inf,34.994,34.994
84,TT3,BESTEFFORT,COMPLETED,m3-1,29.849,"{'m1-1': 2.252, 'm2-1': 1.67, 'm3-1': 4.396, 'm4-1': 0.906}",7.9128,29.913,34.309,inf,35.049,35.049
85,TT1,BESTEFFORT,CANCELLED,m4-1,30.311,"{'m1-1': 1.913, 'm2-1': 1.438, 'm3-1': 3.681, 'm4-1': 0.775}",0.0,inf,inf,inf,35.311,35.311
86,TT1,BESTEFFORT,MISSED,m2-1,30.361,"{'m1-1': 2.44, 'm2-1': 1.931, 'm3-1': 3.776, 'm4-1': 0.833}",2.7180000000000177,34.455,inf,35.361000000000004,35.361000000000004,35.361000000000004
87,TT4,BESTEFFORT,CANCELLED,,30.469,"{'m1-1': 2.434, 'm2-1': 1.394, 'm3-1': 5.033, 'm4-1': 0.774}",0.0,inf,inf,inf,35.469,35.469
88,TT2,BESTEFFORT,CANCELLED,,30.505,"{'m1-1': 2.229, 'm2-1': 1.58, 'm3-1': 4.401, 'm4-1': 0.777}",0.0,inf,inf,inf,35.605,35.605
89,TT1,BESTEFFORT,CANCELLED,m4-1,30.653,"{'m1-1': 1.891, 'm2-1': 1.567, 'm3-1': 4.347, 'm4-1': 0.788}",0.0,inf,inf,inf,35.653,35.653
90,TT2,BESTEFFORT,CANCELLED,,30.654,"{'m1-1': 2.263, 'm2-1': 1.88, 'm3-1': 4.062, 'm4-1': 0.814}",0.0,inf,inf,inf,35.754,35.754
91,TT3,BESTEFFORT,COMPLETED,m4-1,30.668,"{'m1-1': 2.149, 'm2-1': 1.671, 'm3-1': 4.505, 'm4-1': 0.724}",1.0859999999999999,32.71099999999999,33.43499999999999,inf,35.868,35.868
92,TT4,BESTEFFORT,COMPLETED,m4-1,30.711,"{'m1-1': 1.985, 'm2-1': 1.836, 'm3-1': 4.879, 'm4-1': 1.04}",1.56,31.670999999999992,32.71099999999999,inf,35.711,35.711
93,TT4,BESTEFFORT,COMPLETED,m4-1,31.169,"{'m1-1': 2.08, 'm2-1': 1.417, 'm3-1': 4.565, 'm4-1': 0.77}",1.155,33.43499999999999,34.20499999999999,inf,36.169,36.169
94,TT4,BESTEFFORT,MISSED,m1-1,31.594,"{'m1-1': 2.132, 'm2-1': 1.491, 'm3-1': 4.29, 'm4-1': 0.828}",3.1872000000000074,34.602,inf,36.594,36.594,36.594
95,TT4,BESTEFFORT,COMPLETED,m4-1,32.292,"{'m1-1': 1.779, 'm2-1': 1.767, 'm3-1': 4.164, 'm4-1': 0.903}",1.3545,34.20499999999999,35.10799999999999,inf,37.292,37.292
96,TT4,BESTEFFORT,COMPLETED,m4-1,32.84,"{'m1-1': 1.947, 'm2-1': 1.361, 'm3-1': 4.61, 'm4-1': 0.9}",1.35,35.10799999999999,36.00799999999999,inf,37.84,37.84
97,TT4,BESTEFFORT,COMPLETED,m2-1,33.26,"{'m1-1': 2.071, 'm2-1': 1.597, 'm3-1': 4.922, 'm4-1': 0.935}",4.791,35.361000000000004,36.958000000000006,inf,38.26,38.26
98,TT1,BESTEFFORT,COMPLETED,m4-1,33.61,"{'m1-1': 1.954, 'm2-1': 1.735, 'm3-1': 4.181, 'm4-1': 0.659}",0.9885,36.00799999999999,36.66699999999999,inf,38.61,38.61
99,TT2,BESTEFFORT,COMPLETED,m1-1,34.18,"{'m1-1': 2.333, 'm2-1': 1.764, 'm3-1': 5.123, 'm4-1': 0.987}",3.7328000000000006,36.594,38.927,inf,39.28,39.28
100,TT1,BESTEFFORT,COMPLETED,m4-1,34.283,"{'m1-1': 2.301, 'm2-1': 1.69, 'm3-1': 3.693, 'm4-1': 0.695}",1.0425,36.66699999999999,37.36199999999999,inf,39.283,39.283
101,TT3,BESTEFFORT,COMPLETED,m2-1,34.414,"{'m1-1': 2.165, 'm2-1': 1.764, 'm3-1': 4.356, 'm4-1': 0.737}",5.292,36.958000000000006,38.72200000000001,inf,39.614000000000004,39.614000000000004
102,TT4,BESTEFFORT,COMPLETED,m3-1,34.453,"{'m1-1': 2.413, 'm2-1': 1.747, 'm3-1': 4.952, 'm4-1': 0.823}",8.9136,34.453,39.405,inf,39.453,39.453
103,TT3,BESTEFFORT,CANCELLED,,34.486,"{'m1-1': 2.389, 'm2-1': 1.289, 'm3-1': 4.943, 'm4-1': 0.973}",0.0,inf,inf,inf,39.686,39.686
104,TT1,BESTEFFORT,COMPLETED,m4-1,34.496,"{'m1-1': 2.103, 'm2-1': 1.547, 'm3-1': 4.327, 'm4-1': 0.845}",1.2675,37.36199999999999,38.20699999999999,inf,39.496,39.496
105,TT1,BESTEFFORT,COMPLETED,m2-1,35.743,"{'m1-1': 2.044, 'm2-1': 1.791, 'm3-1': 4.013, 'm4-1': 0.86}",5.372999999999999,38.72200000000001,40.513000000000005,inf,40.743,40.743
106,TT4,BESTEFFORT,COMPLETED,m4-1,36.979,"{'m1-1': 2.28, 'm2-1': 1.433, 'm3-1': 4.288, 'm4-1': 0.955}",1.4324999999999999,38.20699999999999,39.161999999999985,inf,41.979,41.979
107,TT1,BESTEFFORT,COMPLETED,m4-1,37.156,"{'m1-1': 2.041, 'm2-1': 1.728, 'm3-1': 5.008, 'm4-1': 0.852}",1.278,39.161999999999985,40.01399999999998,inf,42.156,42.156
108,TT2,BESTEFFORT,COMPLETED,m4-1,37.91,"{'m1-1': 2.073, 'm2-1': 1.535, 'm3-1': 3.954, 'm4-1': 0.852}",1.278,40.01399999999998,40.86599999999998,inf,43.01,43.01
109,TT3,BESTEFFORT,COMPLETED,m1-1,38.201,"{'m1-1': 2.028, 'm2-1': 1.513, 'm3-1': 5.81, 'm4-1': 0.839}",3.2448,38.927,40.955,inf,43.401,43.401
110,TT3,BESTEFFORT,COMPLETED,m4-1,38.855,"{'m1-1': 1.977, 'm2-1': 1.515, 'm3-1': 5.642, 'm4-1': 0.85}",1.275,40.86599999999998,41.71599999999998,inf,44.055,44.055
111,TT1,BESTEFFORT,COMPLETED,m4-1,40.72,"{'m1-1': 1.923, 'm2-1': 1.835, 'm3-1': 4.495, 'm4-1': 0.791}",1.1865,41.71599999999998,42.50699999999998,inf,45.72,45.72
112,TT1,BESTEFFORT,COMPLETED,m4-1,41.143,"{'m1-1': 2.302, 'm2-1': 1.981, 'm3-1': 4.019, 'm4-1': 0.62}",0.9299999999999999,42.50699999999998,43.126999999999974,inf,46.143,46.143
113,TT2,BESTEFFORT,COMPLETED,m4-1,41.577,"{'m1-1': 2.062, 'm2-1': 1.527, 'm3-1': 4.111, 'm4-1': 0.817}",1.2254999999999998,43.126999999999974,43.943999999999974,inf,46.677,46.677
114,TT1,BESTEFFORT,COMPLETED,m4-1,41.802,"{'m1-1': 1.874, 'm2-1': 1.531, 'm3-1': 4.456, 'm4-1': 0.636}",0.954,43.943999999999974,44.57999999999998,inf,46.802,46.802
115,TT2,BESTEFFORT,COMPLETED,m1-1,42.437,"{'m1-1': 2.511, 'm2-1': 1.903, 'm3-1': 4.504, 'm4-1': 0.844}",4.017600000000001,42.437,44.948,inf,47.537,47.537
116,TT1,BESTEFFORT,COMPLETED,m4-1,42.614,"{'m1-1': 2.119, 'm2-1': 1.682, 'm3-1': 4.633, 'm4-1': 0.734}",1.101,44.57999999999998,45.31399999999998,inf,47.614,47.614
117,TT1,BESTEFFORT,COMPLETED,m1-1,42.729,"{'m1-1': 2.48, 'm2-1': 1.891, 'm3-1': 5.099, 'm4-1': 0.619}",3.968,44.948,47.428,inf,47.729,47.729
118,TT2,BESTEFFORT,COMPLETED,m2-1,42.739,"{'m1-1': 2.339, 'm2-1': 1.791, 'm3-1': 4.259, 'm4-1': 0.937}",5.372999999999999,42.739,44.529999999999994,inf,47.839,47.839
119,TT4,BESTEFFORT,COMPLETED,m2-1,42.77,"{'m1-1': 2.187, 'm2-1': 1.598, 'm3-1': 4.24, 'm4-1': 1.066}",4.7940000000000005,44.529999999999994,46.12799999999999,inf,47.77,47.77
120,TT1,BESTEFFORT,MISSED,m3-1,42.783,"{'m1-1': 2.14, 'm2-1': 1.953, 'm3-1': 5.037, 'm4-1': 0.674}",9.0,42.783,inf,47.783,47.783,47.783
121,TT2,BESTEFFORT,MISSED,m2-1,42.932,"{'m1-1': 2.554, 'm2-1': 1.964, 'm3-1': 4.033, 'm4-1': 0.866}",5.712000000000032,46.12799999999999,inf,48.032000000000004,48.032000000000004,48.032000000000004
122,TT4,BESTEFFORT,CANCELLED,m4-1,43.478,"{'m1-1': 2.415, 'm2-1': 1.417, 'm3-1': 3.774, 'm4-1': 0.957}",0.0,inf,inf,inf,48.478,48.478
123,TT2,BESTEFFORT,COMPLETED,m4-1,43.609,"{'m1-1': 2.23, 'm2-1': 1.656, 'm3-1': 4.936, 'm4-1': 0.813}",1.2195,45.31399999999998,46.12699999999998,inf,48.709,48.709
124,TT3,BESTEFFORT,MISSED,m1-1,43.647,"{'m1-1': 2.405, 'm2-1': 1.564, 'm3-1': 5.171, 'm4-1': 0.72}",2.2704000000000066,47.428,inf,48.847,48.847,48.847
125,TT2,BESTEFFORT,COMPLETED,m4-1,44.041,"{'m1-1': 1.971, 'm2-1': 1.794, 'm3-1': 4.024, 'm4-1': 1.007}",1.5105,46.12699999999998,47.13399999999998,inf,49.141,49.141
126,TT4,BESTEFFORT,COMPLETED,m4-1,44.588,"{'m1-1': 2.037, 'm2-1': 1.349, 'm3-1': 3.823, 'm4-1': 0.916}",1.374,47.13399999999998,48.049999999999976,inf,49.588,49.588
127,TT1,BESTEFFORT,COMPLETED,m2-1,45.055,"{'m1-1': 2.314, 'm2-1': 1.905, 'm3-1': 5.001, 'm4-1': 0.689}",5.715,48.032000000000004,49.937000000000005,inf,50.055,50.055
128,TT4,BESTEFFORT,COMPLETED,m4-1,45.343,"{'m1-1': 1.907, 'm2-1': 1.668, 'm3-1': 4.207, 'm4-1': 0.926}",1.389,48.049999999999976,48.97599999999998,inf,50.343,50.343
129,TT3,BESTEFFORT,COMPLETED,m1-1,45.941,"{'m1-1': 1.755, 'm2-1': 1.542, 'm3-1': 5.488, 'm4-1': 0.802}",2.808,48.847,50.602000000000004,inf,51.141000000000005,51.141000000000005
130,TT2,BESTEFFORT,CANCELLED,m4-1,45.975,"{'m1-1': 2.469, 'm2-1': 1.966, 'm3-1': 3.726, 'm4-1': 0.995}",0.0,inf,inf,inf,51.075,51.075
131,TT1,BESTEFFORT,MISSED,m2-1,46.053,"{'m1-1': 2.218, 'm2-1': 1.41, 'm3-1': 4.962, 'm4-1': 0.623}",3.3479999999999777,49.937000000000005,inf,51.053,51.053,51.053
132,TT2,BESTEFFORT,CANCELLED,,46.255,"{'m1-1': 2.438, 'm2-1': 2.099, 'm3-1': 4.014, 'm4-1': 0.912}",0.0,inf,inf,inf,51.355000000000004,51.355000000000004
133,TT4,BESTEFFORT,CANCELLED,,46.527,"{'m1-1': 1.74, 'm2-1': 1.688, 'm3-1': 4.517, 'm4-1': 0.925}",0.0,inf,inf,inf,51.527,51.527
134,TT3,BESTEFFORT,CANCELLED,,46.729,"{'m1-1': 2.166, 'm2-1': 1.27, 'm3-1': 5.092, 'm4-1': 0.892}",0.0,inf,inf,inf,51.929,51.929
135,TT1,BESTEFFORT,COMPLETED,m4-1,46.751,"{'m1-1': 2.096, 'm2-1': 1.868, 'm3-1': 4.76, 'm4-1': 0.759}",1.1385,48.97599999999998,49.73499999999998,inf,51.751,51.751
136,TT4,BESTEFFORT,COMPLETED,m4-1,47.242,"{'m1-1': 2.268, 'm2-1': 1.555, 'm3-1': 4.012, 'm4-1': 1.006}",1.509,49.73499999999998,50.74099999999998,inf,52.242,52.242
137,TT1,BESTEFFORT,MISSED,m3-1,47.324,"{'m1-1': 2.315, 'm2-1': 1.462, 'm3-1': 5.099, 'm4-1': 0.66}",8.173799999999995,47.783,inf,52.324,52.324,52.324
138,TT2,BESTEFFORT,MISSED,m2-1,47.406,"{'m1-1': 2.332, 'm2-1': 1.902, 'm3-1': 4.97, 'm4-1': 0.766}",4.359000000000009,51.053,inf,52.506,52.506,52.506
139,TT4,BESTEFFORT,COMPLETED,m4-1,47.93,"{'m1-1': 2.353, 'm2-1': 1.858, 'm3-1': 3.788, 'm4-1': 0.926}",1.389,50.74099999999998,51.66699999999998,inf,52.93,52.93
140,TT2,BESTEFFORT,COMPLETED,m1-1,48.08,"{'m1-1': 1.935, 'm2-1': 1.644, 'm3-1': 4.142, 'm4-1': 0.955}",3.096,50.602000000000004,52.537000000000006,inf,53.18,53.18
141,TT2,BESTEFFORT,CANCELLED,,48.189,"{'m1-1': 1.912, 'm2-1': 1.959, 'm3-1': 4.307, 'm4-1': 0.925}",0.0,inf,inf,inf,53.289,53.289
142,TT2,BESTEFFORT,CANCELLED,,48.315,"{'m1-1': 2.508, 'm2-1': 1.716, 'm3-1': 4.036, 'm4-1': 0.756}",0.0,inf,inf,inf,53.415,53.415
143,TT1,BESTEFFORT,CANCELLED,,48.424,"{'m1-1': 2.218, 'm2-1': 1.866, 'm3-1': 4.89, 'm4-1': 0.848}",0.0,inf,inf,inf,53.424,53.424
144,TT4,BESTEFFORT,CANCELLED,,48.484,"{'m1-1': 2.016, 'm2-1': 1.366, 'm3-1': 4.641, 'm4-1': 1.037}",0.0,inf,inf,inf,53.484,53.484
145,TT4,BESTEFFORT,CANCELLED,m4-1,48.53,"{'m1-1': 1.81, 'm2-1': 1.616, 'm3-1': 3.75, 'm4-1': 1.032}",0.0,inf,inf,inf,53.53,53.53
146,TT3,BESTEFFORT,CANCELLED,,48.728,"{'m1-1': 2.034, 'm2-1': 1.777, 'm3-1': 4.491, 'm4-1': 0.965}",0.0,inf,inf,inf,53.928000000000004,53.928000000000004
147,TT3,BESTEFFORT,COMPLETED,m2-1,49.21,"{'m1-1': 1.728, 'm2-1': 1.665, 'm3-1': 4.305, 'm4-1': 0.85}",4.995,52.506,54.171,inf,54.410000000000004,54.410000000000004
148,TT3,BESTEFFORT,CANCELLED,m4-1,49.556,"{'m1-1': 1.849, 'm2-1': 1.654, 'm3-1': 5.245, 'm4-1': 0.943}",0.0,inf,inf,inf,54.756,54.756
149,TT4,BESTEFFORT,CANCELLED,m4-1,49.908,"{'m1-1': 1.732, 'm2-1': 1.797, 'm3-1': 4.935, 'm4-1': 0.856}",0.0,inf,inf,inf,54.908,54.908
150,TT1,BESTEFFORT,CANCELLED,,49.941,"{'m1-1': 1.88, 'm2-1': 1.479, 'm3-1': 4.64, 'm4-1': 0.761}",0.0,inf,inf,inf,54.941,54.941
151,TT1,BESTEFFORT,COMPLETED,m1-1,50.509,"{'m1-1': 2.248, 'm2-1': 1.853, 'm3-1': 4.977, 'm4-1': 0.788}",3.5968000000000004,52.537000000000006,54.785000000000004,inf,55.509,55.509
152,TT1,BESTEFFORT,MISSED,m2-1,50.581,"{'m1-1': 2.179, 'm2-1': 1.774, 'm3-1': 4.924, 'm4-1': 0.839}",4.230000000000011,54.171,inf,55.581,55.581,55.581
153,TT1,BESTEFFORT,COMPLETED,m4-1,50.658,"{'m1-1': 1.883, 'm2-1': 1.631, 'm3-1': 4.878, 'm4-1': 0.697}",1.0454999999999999,51.66699999999998,52.36399999999998,inf,55.658,55.658
154,TT3,BESTEFFORT,CANCELLED,,50.751,"{'m1-1': 2.286, 'm2-1': 1.69, 'm3-1': 4.417, 'm4-1': 0.866}",0.0,inf,inf,inf,55.951,55.951
155,TT1,BESTEFFORT,MISSED,m3-1,50.921,"{'m1-1': 2.063, 'm2-1': 1.517, 'm3-1': 4.252, 'm4-1': 0.637}",6.474600000000002,52.324,inf,55.921,55.921,55.921
156,TT1,BESTEFFORT,COMPLETED,m4-1,51.247,"{'m1-1': 2.044, 'm2-1': 1.638, 'm3-1': 4.41, 'm4-1': 0.681}",1.0215,52.36399999999998,53.04499999999998,inf,56.247,56.247
157,TT2,BESTEFFORT,COMPLETED,m4-1,51.364,"{'m1-1': 2.361, 'm2-1': 1.887, 'm3-1': 4.142, 'm4-1': 0.76}",1.1400000000000001,53.04499999999998,53.80499999999998,inf,56.464,56.464
158,TT2,BESTEFFORT,COMPLETED,m4-1,51.479,"{'m1-1': 2.22, 'm2-1': 1.916, 'm3-1': 3.642, 'm4-1': 0.821}",1.2315,53.80499999999998,54.625999999999976,inf,56.579,56.579
159,TT1,BESTEFFORT,CANCELLED,,51.71,"{'m1-1': 2.541, 'm2-1': 1.638, 'm3-1': 4.425, 'm4-1': 0.796}",0.0,inf,inf,inf,56.71,56.71
160,TT2,BESTEFFORT,MISSED,m1-1,51.82,"{'m1-1': 2.138, 'm2-1': 1.949, 'm3-1': 4.462, 'm4-1': 1.003}",3.415999999999997,54.785000000000004,inf,56.92,56.92,56.92
161,TT3,BESTEFFORT,CANCELLED,m4-1,51.873,"{'m1-1': 2.139, 'm2-1': 1.583, 'm3-1': 4.62, 'm4-1': 0.941}",0.0,inf,inf,inf,57.073,57.073
162,TT3,BESTEFFORT,COMPLETED,m2-1,52.369,"{'m1-1': 2.147, 'm2-1': 1.653, 'm3-1': 4.704, 'm4-1': 0.871}",4.959,55.581,57.234,inf,57.569,57.569
163,TT2,BESTEFFORT,COMPLETED,m4-1,52.582,"{'m1-1': 2.161, 'm2-1': 1.917, 'm3-1': 4.106, 'm4-1': 0.887}",1.3305,54.625999999999976,55.51299999999998,inf,57.682,57.682
164,TT1,BESTEFFORT,COMPLETED,m4-1,52.679,"{'m1-1': 1.906, 'm2-1': 1.435, 'm3-1': 4.48, 'm4-1': 0.74}",1.1099999999999999,55.51299999999998,56.25299999999998,inf,57.679,57.679
165,TT3,BESTEFFORT,MISSED,m2-1,53.512,"{'m1-1': 2.271, 'm2-1': 1.576, 'm3-1': 4.771, 'm4-1': 0.74}",4.434000000000005,57.234,inf,58.712,58.712,58.712
166,TT3,BESTEFFORT,COMPLETED,m4-1,54.262,"{'m1-1': 2.329, 'm2-1': 1.323, 'm3-1': 5.212, 'm4-1': 0.849}",1.2734999999999999,56.25299999999998,57.101999999999975,inf,59.462,59.462
167,TT2,BESTEFFORT,COMPLETED,m1-1,54.277,"{'m1-1': 2.243, 'm2-1': 1.548, 'm3-1': 4.884, 'm4-1': 0.946}",3.5888,56.92,59.163000000000004,inf,59.377,59.377
168,TT3,BESTEFFORT,COMPLETED,m4-1,54.678,"{'m1-1': 2.044, 'm2-1': 1.38, 'm3-1': 5.301, 'm4-1': 0.783}",1.1745,57.101999999999975,57.88499999999998,inf,59.878,59.878
169,TT2,BESTEFFORT,MISSED,m2-1,55.363,"{'m1-1': 2.637, 'm2-1': 2.122, 'm3-1': 3.631, 'm4-1': 0.719}",5.252999999999993,58.712,inf,60.463,60.463,60.463
170,TT4,BESTEFFORT,COMPLETED,m4-1,55.824,"{'m1-1': 2.437, 'm2-1': 1.446, 'm3-1': 4.018, 'm4-1': 0.814}",1.2209999999999999,57.88499999999998,58.69899999999998,inf,60.824,60.824
171,TT2,BESTEFFORT,COMPLETED,m3-1,56.133,"{'m1-1': 2.295, 'm2-1': 1.966, 'm3-1': 4.678, 'm4-1': 0.982}",8.4204,56.133,60.811,inf,61.233000000000004,61.233000000000004
172,TT4,BESTEFFORT,COMPLETED,m4-1,56.334,"{'m1-1': 1.771, 'm2-1': 1.709, 'm3-1': 3.965, 'm4-1': 0.783}",1.1745,58.69899999999998,59.48199999999998,inf,61.334,61.334
173,TT4,BESTEFFORT,COMPLETED,m1-1,56.686,"{'m1-1': 2.156, 'm2-1': 1.81, 'm3-1': 4.274, 'm4-1': 0.785}",3.4496,59.163000000000004,61.319,inf,61.686,61.686
174,TT1,BESTEFFORT,CANCELLED,m4-1,56.985,"{'m1-1': 2.497, 'm2-1': 1.825, 'm3-1': 4.917, 'm4-1': 0.861}",0.0,inf,inf,inf,61.985,61.985
175,TT4,BESTEFFORT,COMPLETED,m2-1,57.17,"{'m1-1': 2.395, 'm2-1': 1.369, 'm3-1': 3.687, 'm4-1': 1.025}",4.107,60.463,61.832,inf,62.17,62.17
176,TT4,BESTEFFORT,COMPLETED,m4-1,57.785,"{'m1-1': 1.731, 'm2-1': 1.602, 'm3-1': 4.702, 'm4-1': 1.015}",1.5225,59.48199999999998,60.49699999999998,inf,62.785,62.785
177,TT3,BESTEFFORT,COMPLETED,m4-1,58.21,"{'m1-1': 2.018, 'm2-1': 1.306, 'm3-1': 4.393, 'm4-1': 0.817}",1.2254999999999998,60.49699999999998,61.31399999999998,inf,63.410000000000004,63.410000000000004
178,TT1,BESTEFFORT,MISSED,m2-1,58.343,"{'m1-1': 1.913, 'm2-1': 1.873, 'm3-1': 4.116, 'm4-1': 0.641}",4.533000000000008,61.832,inf,63.343,63.343,63.343
179,TT3,BESTEFFORT,CANCELLED,m4-1,58.735,"{'m1-1': 1.995, 'm2-1': 1.754, 'm3-1': 5.898, 'm4-1': 0.816}",0.0,inf,inf,inf,63.935,63.935
180,TT1,BESTEFFORT,COMPLETED,m4-1,58.751,"{'m1-1': 2.327, 'm2-1': 1.852, 'm3-1': 4.719, 'm4-1': 0.65}",0.9750000000000001,61.31399999999998,61.96399999999998,inf,63.751,63.751
181,TT4,BESTEFFORT,COMPLETED,m4-1,59.713,"{'m1-1': 2.158, 'm2-1': 1.601, 'm3-1': 4.982, 'm4-1': 1.019}",1.5284999999999997,61.96399999999998,62.982999999999976,inf,64.713,64.713
182,TT3,BESTEFFORT,COMPLETED,m1-1,59.918,"{'m1-1': 2.291, 'm2-1': 1.652, 'm3-1': 4.424, 'm4-1': 0.809}",3.6656,61.319,63.61,inf,65.118,65.118
183,TT3,BESTEFFORT,COMPLETED,m1-1,60.473,"{'m1-1': 1.722, 'm2-1': 1.621, 'm3-1': 4.685, 'm4-1': 0.75}",2.7552000000000003,63.61,65.332,inf,65.673,65.673
184,TT2,BESTEFFORT,COMPLETED,m4-1,62.345,"{'m1-1': 1.912, 'm2-1': 1.581, 'm3-1': 4.821, 'm4-1': 0.798}",1.197,62.982999999999976,63.78099999999998,inf,67.445,67.445
185,TT2,BESTEFFORT,COMPLETED,m4-1,62.836,"{'m1-1': 2.192, 'm2-1': 1.587, 'm3-1': 5.099, 'm4-1': 0.75}",1.125,63.78099999999998,64.53099999999998,inf,67.93599999999999,67.93599999999999
186,TT4,BESTEFFORT,COMPLETED,m4-1,62.923,"{'m1-1': 1.853, 'm2-1': 1.644, 'm3-1': 3.893, 'm4-1': 0.792}",1.1880000000000002,64.53099999999998,65.32299999999998,inf,67.923,67.923
187,TT2,BESTEFFORT,COMPLETED,m4-1,63.769,"{'m1-1': 1.906, 'm2-1': 1.747, 'm3-1': 4.394, 'm4-1': 1.007}",1.5105,65.32299999999998,66.32999999999998,inf,68.869,68.869
188,TT1,BESTEFFORT,COMPLETED,m4-1,64.026,"{'m1-1': 2.116, 'm2-1': 1.857, 'm3-1': 3.861, 'm4-1': 0.661}",0.9915,66.32999999999998,66.99099999999999,inf,69.026,69.026
189,TT3,BESTEFFORT,COMPLETED,m1-1,64.065,"{'m1-1': 2.322, 'm2-1': 1.734, 'm3-1': 4.771, 'm4-1': 0.893}",3.7152000000000003,65.332,67.654,inf,69.265,69.265
190,TT2,BESTEFFORT,COMPLETED,m2-1,64.305,"{'m1-1': 2.073, 'm2-1': 2.115, 'm3-1': 4.51, 'm4-1': 0.772}",6.345000000000001,64.305,66.42,inf,69.405,69.405
191,TT4,BESTEFFORT,COMPLETED,m2-1,64.487,"{'m1-1': 1.896, 'm2-1': 1.699, 'm3-1': 4.817, 'm4-1': 0.993}",5.097,66.42,68.119,inf,69.487,69.487
192,TT4,BESTEFFORT,CANCELLED,m4-1,64.564,"{'m1-1': 1.982, 'm2-1': 1.688, 'm3-1': 4.612, 'm4-1': 0.829}",0.0,inf,inf,inf,69.564,69.564
193,TT2,BESTEFFORT,COMPLETED,m1-1,64.886,"{'m1-1': 2.068, 'm2-1': 2.124, 'm3-1': 4.195, 'm4-1': 0.946}",3.3088,67.654,69.722,inf,69.98599999999999,69.98599999999999
194,TT1,BESTEFFORT,MISSED,m2-1,64.919,"{'m1-1': 1.931, 'm2-1': 1.942, 'm3-1': 3.87, 'm4-1': 0.741}",5.3999999999999915,68.119,inf,69.919,69.919,69.919
195,TT2,BESTEFFORT,COMPLETED,m4-1,65.644,"{'m1-1': 2.36, 'm2-1': 1.592, 'm3-1': 3.652, 'm4-1': 0.999}",1.4985,66.99099999999999,67.98999999999998,inf,70.744,70.744
196,TT1,BESTEFFORT,COMPLETED,m3-1,65.994,"{'m1-1': 1.857, 'm2-1': 1.459, 'm3-1': 3.65, 'm4-1': 0.612}",6.57,65.994,69.644,inf,70.994,70.994
197,TT3,BESTEFFORT,MISSED,m2-1,66.006,"{'m1-1': 2.383, 'm2-1': 1.391, 'm3-1': 4.941, 'm4-1': 0.884}",3.8610000000000184,69.919,inf,71.206,71.206,71.206
198,TT2,BESTEFFORT,CANCELLED,m4-1,66.034,"{'m1-1': 2.554, 'm2-1': 1.871, 'm3-1': 5.048, 'm4-1': 0.886}",0.0,inf,inf,inf,71.134,71.134
199,TT4,BESTEFFORT,CANCELLED,m4-1,66.374,"{'m1-1': 2.367, 'm2-1': 1.358, 'm3-1': 4.184, 'm4-1': 0.917}",0.0,inf,inf,inf,71.374,71.374
200,TT1,BESTEFFORT,COMPLETED,m4-1,66.481,"{'m1-1': 2.069, 'm2-1': 1.806, 'm3-1': 4.46, 'm4-1': 0.764}",1.146,67.98999999999998,68.75399999999998,inf,71.481,71.481
201,TT1,BESTEFFORT,COMPLETED,m4-1,66.563,"{'m1-1': 2.507, 'm2-1': 1.982, 'm3-1': 4.219, 'm4-1': 0.627}",0.9405,68.75399999999998,69.38099999999997,inf,71.563,71.563
202,TT3,BESTEFFORT,MISSED,m1-1,66.719,"{'m1-1': 2.252, 'm2-1': 1.787, 'm3-1': 5.24, 'm4-1': 0.971}",3.5152000000000045,69.722,inf,71.919,71.919,71.919
203,TT3,BESTEFFORT,CANCELLED,m4-1,66.755,"{'m1-1': 1.923, 'm2-1': 1.41, 'm3-1': 5.159, 'm4-1': 0.762}",0.0,inf,inf,inf,71.955,71.955
204,TT3,BESTEFFORT,MISSED,m2-1,67.42,"{'m1-1': 2.103, 'm2-1': 1.767, 'm3-1': 5.804, 'm4-1': 1.001}",4.242000000000004,71.206,inf,72.62,72.62,72.62
205,TT1,BESTEFFORT,COMPLETED,m4-1,67.479,"{'m1-1': 2.193, 'm2-1': 1.907, 'm3-1': 4.138, 'm4-1': 0.774}",1.161,69.38099999999997,70.15499999999997,inf,72.479,72.479
206,TT3,BESTEFFORT,CANCELLED,,67.562,"{'m1-1': 2.254, 'm2-1': 1.386, 'm3-1': 5.415, 'm4-1': 0.882}",0.0,inf,inf,inf,72.762,72.762
207,TT1,BESTEFFORT,COMPLETED,m4-1,67.686,"{'m1-1': 2.323, 'm2-1': 1.898, 'm3-1': 3.698, 'm4-1': 0.682}",1.0230000000000001,70.15499999999997,70.83699999999997,inf,72.686,72.686
208,TT2,BESTEFFORT,CANCELLED,,67.752,"{'m1-1': 2.017, 'm2-1': 1.52, 'm3-1': 3.733, 'm4-1': 0.838}",0.0,inf,inf,inf,72.85199999999999,72.85199999999999
209,TT2,BESTEFFORT,COMPLETED,m4-1,68.012,"{'m1-1': 2.05, 'm2-1': 1.709, 'm3-1': 4.285, 'm4-1': 0.758}",1.137,71.81999999999998,72.57799999999997,inf,73.112,73.112
210,TT2,BESTEFFORT,COMPLETED,m4-1,68.711,"{'m1-1': 1.882, 'm2-1': 1.654, 'm3-1': 4.222, 'm4-1': 0.983}",1.4745,70.83699999999997,71.81999999999998,inf,73.81099999999999,73.81099999999999
211,TT1,BESTEFFORT,COMPLETED,m1-1,70.128,"{'m1-1': 1.872, 'm2-1': 1.608, 'm3-1': 4.339, 'm4-1': 0.819}",2.9952000000000005,71.919,73.791,inf,75.128,75.128
212,TT1,BESTEFFORT,COMPLETED,m4-1,71.086,"{'m1-1': 1.886, 'm2-1': 1.651, 'm3-1': 4.079, 'm4-1': 0.702}",1.053,72.57799999999997,73.27999999999997,inf,76.086,76.086
213,TT4,BESTEFFORT,COMPLETED,m4-1,71.496,"{'m1-1': 1.79, 'm2-1': 1.794, 'm3-1': 4.332, 'm4-1': 0.927}",1.3905,73.27999999999997,74.20699999999998,inf,76.496,76.496
214,TT3,BESTEFFORT,COMPLETED,m4-1,71.882,"{'m1-1': 2.017, 'm2-1': 1.775, 'm3-1': 5.849, 'm4-1': 0.926}",1.389,74.20699999999998,75.13299999999998,inf,77.08200000000001,77.08200000000001
215,TT3,BESTEFFORT,COMPLETED,m1-1,72.044,"{'m1-1': 1.836, 'm2-1': 1.61, 'm3-1': 4.459, 'm4-1': 0.868}",2.9376,73.791,75.627,inf,77.244,77.244
216,TT2,BESTEFFORT,COMPLETED,m2-1,72.352,"{'m1-1': 2.294, 'm2-1': 1.753, 'm3-1': 4.572, 'm4-1': 0.79}",5.2589999999999995,72.62,74.373,inf,77.452,77.452
217,TT4,BESTEFFORT,COMPLETED,m2-1,72.353,"{'m1-1': 2.367, 'm2-1': 1.567, 'm3-1': 4.739, 'm4-1': 0.954}",4.701,74.373,75.94,inf,77.353,77.353
218,TT1,BESTEFFORT,COMPLETED,m3-1,72.554,"{'m1-1': 2.073, 'm2-1': 1.457, 'm3-1': 4.149, 'm4-1': 0.807}",7.4682,72.554,76.703,inf,77.554,77.554
219,TT4,BESTEFFORT,CANCELLED,m4-1,73.015,"{'m1-1': 1.979, 'm2-1': 1.469, 'm3-1': 3.89, 'm4-1': 0.812}",0.0,inf,inf,inf,78.015,78.015
220,TT2,BESTEFFORT,COMPLETED,m2-1,73.027,"{'m1-1': 2.013, 'm2-1': 1.805, 'm3-1': 4.379, 'm4-1': 0.803}",5.415,75.94,77.745,inf,78.127,78.127
221,TT4,BESTEFFORT,COMPLETED,m4-1,73.123,"{'m1-1': 1.799, 'm2-1': 1.673, 'm3-1': 4.957, 'm4-1': 0.992}",1.488,75.13299999999998,76.12499999999999,inf,78.123,78.123
222,TT1,BESTEFFORT,CANCELLED,m4-1,73.204,"{'m1-1': 1.972, 'm2-1': 1.804, 'm3-1': 3.8, 'm4-1': 0.801}",0.0,inf,inf,inf,78.204,78.204
223,TT2,BESTEFFORT,CANCELLED,,73.352,"{'m1-1': 2.361, 'm2-1': 1.904, 'm3-1': 4.465, 'm4-1': 0.738}",0.0,inf,inf,inf,78.452,78.452
224,TT1,BESTEFFORT,COMPLETED,m1-1,73.454,"{'m1-1': 2.059, 'm2-1': 1.518, 'm3-1': 5.086, 'm4-1': 0.812}",3.2944000000000004,75.627,77.68599999999999,inf,78.454,78.454
225,TT4,BESTEFFORT,CANCELLED,,73.543,"{'m1-1': 2.395, 'm2-1': 1.668, 'm3-1': 4.162, 'm4-1': 1.039}",0.0,inf,inf,inf,78.543,78.543
226,TT4,BESTEFFORT,CANCELLED,,73.65,"{'m1-1': 1.744, 'm2-1': 1.477, 'm3-1': 4.102, 'm4-1': 1.05}",0.0,inf,inf,inf,78.65,78.65
227,TT3,BESTEFFORT,COMPLETED,m4-1,73.775,"{'m1-1': 2.03, 'm2-1': 1.312, 'm3-1': 5.81, 'm4-1': 0.834}",1.251,76.12499999999999,76.95899999999999,inf,78.97500000000001,78.97500000000001
228,TT1,BESTEFFORT,COMPLETED,m4-1,73.839,"{'m1-1': 1.865, 'm2-1': 1.415, 'm3-1': 3.91, 'm4-1': 0.734}",1.101,76.95899999999999,77.69299999999998,inf,78.839,78.839
229,TT4,BESTEFFORT,CANCELLED,,73.871,"{'m1-1': 2.158, 'm2-1': 1.366, 'm3-1': 4.467, 'm4-1': 0.996}",0.0,inf,inf,inf,78.871,78.871
230,TT2,BESTEFFORT,CANCELLED,m4-1,74.738,"{'m1-1': 2.488, 'm2-1': 1.852, 'm3-1': 4.582, 'm4-1': 0.795}",0.0,inf,inf,inf,79.838,79.838
231,TT2,BESTEFFORT,COMPLETED,m1-1,74.987,"{'m1-1': 1.946, 'm2-1': 2.022, 'm3-1': 4.514, 'm4-1': 0.9}",3.1136,77.68599999999999,79.63199999999999,inf,80.08699999999999,80.08699999999999
232,TT3,BESTEFFORT,COMPLETED,m2-1,75.354,"{'m1-1': 2.167, 'm2-1': 1.588, 'm3-1': 5.044, 'm4-1': 0.875}",4.764,77.745,79.333,inf,80.554,80.554
233,TT4,BESTEFFORT,CANCELLED,m4-1,75.45,"{'m1-1': 2.381, 'm2-1': 1.799, 'm3-1': 4.653, 'm4-1': 0.786}",0.0,inf,inf,inf,80.45,80.45
234,TT3,BESTEFFORT,COMPLETED,m2-1,75.88,"{'m1-1': 2.072, 'm2-1': 1.385, 'm3-1': 4.801, 'm4-1': 0.752}",4.155,79.333,80.718,inf,81.08,81.08
235,TT1,BESTEFFORT,COMPLETED,m4-1,76.137,"{'m1-1': 2.274, 'm2-1': 1.647, 'm3-1': 4.44, 'm4-1': 0.729}",1.0935,77.69299999999998,78.42199999999998,inf,81.137,81.137
236,TT2,BESTEFFORT,MISSED,m3-1,76.258,"{'m1-1': 2.176, 'm2-1': 2.007, 'm3-1': 5.025, 'm4-1': 0.783}",8.378999999999976,76.703,inf,81.35799999999999,81.35799999999999,81.35799999999999
237,TT3,BESTEFFORT,COMPLETED,m4-1,76.275,"{'m1-1': 2.254, 'm2-1': 1.673, 'm3-1': 4.639, 'm4-1': 0.862}",1.293,78.42199999999998,79.28399999999998,inf,81.47500000000001,81.47500000000001
238,TT4,BESTEFFORT,COMPLETED,m4-1,76.443,"{'m1-1': 2.078, 'm2-1': 1.505, 'm3-1': 4.916, 'm4-1': 0.909}",1.3635000000000002,79.28399999999998,80.19299999999998,inf,81.443,81.443
239,TT2,BESTEFFORT,COMPLETED,m1-1,77.138,"{'m1-1': 2.252, 'm2-1': 1.667, 'm3-1': 4.001, 'm4-1': 0.919}",3.6031999999999997,79.63199999999999,81.88399999999999,inf,82.238,82.238
240,TT2,BESTEFFORT,COMPLETED,m4-1,78.375,"{'m1-1': 2.4, 'm2-1': 1.97, 'm3-1': 3.86, 'm4-1': 0.869}",1.3035,80.19299999999998,81.06199999999998,inf,83.475,83.475
241,TT1,BESTEFFORT,COMPLETED,m4-1,78.576,"{'m1-1': 2.374, 'm2-1': 1.473, 'm3-1': 4.677, 'm4-1': 0.713}",1.0695,81.06199999999998,81.77499999999998,inf,83.576,83.576
242,TT1,BESTEFFORT,COMPLETED,m4-1,79.556,"{'m1-1': 2.003, 'm2-1': 1.821, 'm3-1': 4.971, 'm4-1': 0.693}",1.0394999999999999,81.77499999999998,82.46799999999998,inf,84.556,84.556
243,TT3,BESTEFFORT,COMPLETED,m1-1,79.789,"{'m1-1': 2.292, 'm2-1': 1.543, 'm3-1': 4.261, 'm4-1': 0.942}",3.6672,81.88399999999999,84.17599999999999,inf,84.989,84.989
244,TT2,BESTEFFORT,COMPLETED,m2-1,79.855,"{'m1-1': 2.194, 'm2-1': 1.957, 'm3-1': 4.542, 'm4-1': 0.815}",5.871,80.718,82.675,inf,84.955,84.955
245,TT3,BESTEFFORT,COMPLETED,m2-1,79.975,"{'m1-1': 1.969, 'm2-1': 1.299, 'm3-1': 4.73, 'm4-1': 0.753}",3.897,82.675,83.974,inf,85.175,85.175
246,TT1,BESTEFFORT,COMPLETED,m4-1,80.077,"{'m1-1': 2.486, 'm2-1': 1.505, 'm3-1': 4.969, 'm4-1': 0.637}",0.9555,82.46799999999998,83.10499999999998,inf,85.077,85.077
247,TT3,BESTEFFORT,COMPLETED,m4-1,81.077,"{'m1-1': 2.061, 'm2-1': 1.772, 'm3-1': 5.967, 'm4-1': 0.736}",1.104,83.10499999999998,83.84099999999998,inf,86.277,86.277
248,TT2,BESTEFFORT,COMPLETED,m2-1,81.274,"{'m1-1': 2.429, 'm2-1': 1.711, 'm3-1': 4.584, 'm4-1': 0.839}",5.133,83.974,85.685,inf,86.374,86.374
249,TT1,BESTEFFORT,COMPLETED,m3-1,81.355,"{'m1-1': 2.1, 'm2-1': 1.605, 'm3-1': 4.31, 'm4-1': 0.753}",7.757999999999999,81.35799999999999,85.66799999999999,inf,86.355,86.355
250,TT1,BESTEFFORT,CANCELLED,m4-1,81.423,"{'m1-1': 2.327, 'm2-1': 1.696, 'm3-1': 4.864, 'm4-1': 0.8}",0.0,inf,inf,inf,86.423,86.423
251,TT3,BESTEFFORT,COMPLETED,m1-1,81.678,"{'m1-1': 2.09, 'm2-1': 1.719, 'm3-1': 4.262, 'm4-1': 0.801}",3.344,84.17599999999999,86.26599999999999,inf,86.878,86.878
252,TT1,BESTEFFORT,CANCELLED,,81.872,"{'m1-1': 2.333, 'm2-1': 1.668, 'm3-1': 4.075, 'm4-1': 0.696}",0.0,inf,inf,inf,86.872,86.872
253,TT4,BESTEFFORT,CANCELLED,,82.187,"{'m1-1': 1.923, 'm2-1': 1.423, 'm3-1': 3.733, 'm4-1': 0.924}",0.0,inf,inf,inf,87.187,87.187
254,TT2,BESTEFFORT,CANCELLED,m4-1,82.251,"{'m1-1': 2.262, 'm2-1': 1.844, 'm3-1': 4.661, 'm4-1': 0.719}",0.0,inf,inf,inf,87.351,87.351
255,TT2,BESTEFFORT,CANCELLED,m4-1,82.672,"{'m1-1': 1.9, 'm2-1': 1.886, 'm3-1': 4.368, 'm4-1': 0.938}",0.0,inf,inf,inf,87.77199999999999,87.77199999999999
256,TT1,BESTEFFORT,COMPLETED,m4-1,82.673,"{'m1-1': 2.081, 'm2-1': 1.689, 'm3-1': 3.663, 'm4-1': 0.766}",1.149,83.84099999999998,84.60699999999999,inf,87.673,87.673
257,TT3,BESTEFFORT,COMPLETED,m2-1,82.697,"{'m1-1': 2.022, 'm2-1': 1.78, 'm3-1': 4.827, 'm4-1': 0.873}",5.34,85.685,87.465,inf,87.897,87.897
258,TT1,BESTEFFORT,COMPLETED,m4-1,82.803,"{'m1-1': 2.591, 'm2-1': 1.687, 'm3-1': 4.266, 'm4-1': 0.681}",1.0215,84.60699999999999,85.28799999999998,inf,87.803,87.803
259,TT1,BESTEFFORT,COMPLETED,m4-1,83.147,"{'m1-1': 2.029, 'm2-1': 1.763, 'm3-1': 4.707, 'm4-1': 0.701}",1.0514999999999999,85.28799999999998,85.98899999999998,inf,88.147,88.147
260,TT1,BESTEFFORT,COMPLETED,m1-1,83.833,"{'m1-1': 2.563, 'm2-1': 1.934, 'm3-1': 3.676, 'm4-1': 0.621}",4.1008000000000004,86.26599999999999,88.829,inf,88.833,88.833
261,TT1,BESTEFFORT,COMPLETED,m4-1,83.93,"{'m1-1': 1.936, 'm2-1': 1.779, 'm3-1': 5.043, 'm4-1': 0.763}",1.1445,85.98899999999998,86.75199999999998,inf,88.93,88.93
262,TT3,BESTEFFORT,COMPLETED,m2-1,84.249,"{'m1-1': 2.073, 'm2-1': 1.532, 'm3-1': 4.214, 'm4-1': 0.716}",4.596,87.465,88.997,inf,89.449,89.449
263,TT1,BESTEFFORT,COMPLETED,m4-1,84.612,"{'m1-1': 2.55, 'm2-1': 1.607, 'm3-1': 4.176, 'm4-1': 0.619}",0.9285,86.75199999999998,87.37099999999998,inf,89.612,89.612
264,TT3,BESTEFFORT,CANCELLED,m4-1,84.652,"{'m1-1': 2.315, 'm2-1': 1.61, 'm3-1': 5.107, 'm4-1': 0.763}",0.0,inf,inf,inf,89.852,89.852
265,TT1,BESTEFFORT,MISSED,m3-1,84.881,"{'m1-1': 1.889, 'm2-1': 1.801, 'm3-1': 4.916, 'm4-1': 0.861}",7.583400000000014,85.66799999999999,inf,89.881,89.881,89.881
266,TT1,BESTEFFORT,COMPLETED,m4-1,85.36,"{'m1-1': 2.195, 'm2-1': 1.736, 'm3-1': 3.672, 'm4-1': 0.684}",1.026,87.37099999999998,88.05499999999998,inf,90.36,90.36
267,TT4,BESTEFFORT,COMPLETED,m4-1,86.371,"{'m1-1': 2.062, 'm2-1': 1.731, 'm3-1': 4.557, 'm4-1': 1.067}",1.6004999999999998,88.05499999999998,89.12199999999997,inf,91.371,91.371
268,TT3,BESTEFFORT,COMPLETED,m1-1,86.591,"{'m1-1': 2.074, 'm2-1': 1.427, 'm3-1': 4.409, 'm4-1': 0.885}",3.3184,88.829,90.90299999999999,inf,91.791,91.791
269,TT3,BESTEFFORT,COMPLETED,m4-1,86.964,"{'m1-1': 2.021, 'm2-1': 1.524, 'm3-1': 5.353, 'm4-1': 0.839}",1.2585,89.12199999999997,89.96099999999997,inf,92.164,92.164
270,TT2,BESTEFFORT,COMPLETED,m2-1,87.087,"{'m1-1': 2.623, 'm2-1': 2.111, 'm3-1': 4.86, 'm4-1': 0.735}",6.333,88.997,91.108,inf,92.187,92.187
271,TT2,BESTEFFORT,CANCELLED,m4-1,87.6,"{'m1-1': 1.913, 'm2-1': 1.964, 'm3-1': 4.675, 'm4-1': 0.799}",0.0,inf,inf,inf,92.69999999999999,92.69999999999999
272,TT3,BESTEFFORT,COMPLETED,m1-1,87.751,"{'m1-1': 2.017, 'm2-1': 1.673, 'm3-1': 4.882, 'm4-1': 0.892}",3.2272,90.90299999999999,92.91999999999999,inf,92.95100000000001,92.95100000000001
273,TT1,BESTEFFORT,COMPLETED,m2-1,87.997,"{'m1-1': 2.324, 'm2-1': 1.877, 'm3-1': 4.072, 'm4-1': 0.839}",5.631,91.108,92.985,inf,92.997,92.997
274,TT1,BESTEFFORT,CANCELLED,m4-1,88.003,"{'m1-1': 1.974, 'm2-1': 1.77, 'm3-1': 3.882, 'm4-1': 0.623}",0.0,inf,inf,inf,93.003,93.003
275,TT3,BESTEFFORT,COMPLETED,m4-1,88.208,"{'m1-1': 2.209, 'm2-1': 1.485, 'm3-1': 5.507, 'm4-1': 0.827}",1.2405,89.96099999999997,90.78799999999997,inf,93.408,93.408
276,TT3,BESTEFFORT,CANCELLED,,88.257,"{'m1-1': 2.273, 'm2-1': 1.474, 'm3-1': 5.831, 'm4-1': 0.8}",0.0,inf,inf,inf,93.45700000000001,93.45700000000001
277,TT3,BESTEFFORT,COMPLETED,m4-1,88.719,"{'m1-1': 1.824, 'm2-1': 1.483, 'm3-1': 4.82, 'm4-1': 0.949}",1.4235,90.78799999999997,91.73699999999997,inf,93.919,93.919
278,TT4,BESTEFFORT,MISSED,m3-1,88.852,"{'m1-1': 1.986, 'm2-1': 1.728, 'm3-1': 4.968, 'm4-1': 0.759}",7.147800000000006,89.881,inf,93.852,93.852,93.852
279,TT2,BESTEFFORT,CANCELLED,m4-1,89.132,"{'m1-1': 1.984, 'm2-1': 1.591, 'm3-1': 4.873, 'm4-1': 0.953}",0.0,inf,inf,inf,94.232,94.232
280,TT4,BESTEFFORT,MISSED,m2-1,89.398,"{'m1-1': 2.074, 'm2-1': 1.636, 'm3-1': 3.883, 'm4-1': 0.887}",4.23899999999999,92.985,inf,94.398,94.398,94.398
281,TT3,BESTEFFORT,CANCELLED,m4-1,90.457,"{'m1-1': 2.294, 'm2-1': 1.484, 'm3-1': 4.262, 'm4-1': 0.868}",0.0,inf,inf,inf,95.657,95.657
282,TT1,BESTEFFORT,COMPLETED,m1-1,90.695,"{'m1-1': 2.24, 'm2-1': 1.755, 'm3-1': 5.077, 'm4-1': 0.712}",3.5840000000000005,92.91999999999999,95.15999999999998,inf,95.695,95.695
283,TT4,BESTEFFORT,COMPLETED,m4-1,90.917,"{'m1-1': 2.395, 'm2-1': 1.491, 'm3-1': 4.146, 'm4-1': 0.967}",1.4505,91.73699999999997,92.70399999999997,inf,95.917,95.917
284,TT1,BESTEFFORT,COMPLETED,m2-1,91.288,"{'m1-1': 2.39, 'm2-1': 1.603, 'm3-1': 4.119, 'm4-1': 0.785}",4.809,94.398,96.00099999999999,inf,96.288,96.288
285,TT4,BESTEFFORT,COMPLETED,m4-1,91.667,"{'m1-1': 2.224, 'm2-1': 1.737, 'm3-1': 4.627, 'm4-1': 0.755}",1.1325,92.70399999999997,93.45899999999996,inf,96.667,96.667
286,TT4,BESTEFFORT,COMPLETED,m4-1,91.67,"{'m1-1': 2.45, 'm2-1': 1.643, 'm3-1': 4.089, 'm4-1': 0.762}",1.143,93.45899999999996,94.22099999999996,inf,96.67,96.67
287,TT3,BESTEFFORT,CANCELLED,m4-1,91.743,"{'m1-1': 2.326, 'm2-1': 1.711, 'm3-1': 4.972, 'm4-1': 0.809}",0.0,inf,inf,inf,96.943,96.943
288,TT1,BESTEFFORT,CANCELLED,,92.036,"{'m1-1': 2.175, 'm2-1': 1.551, 'm3-1': 3.908, 'm4-1': 0.79}",0.0,inf,inf,inf,97.036,97.036
289,TT1,BESTEFFORT,COMPLETED,m4-1,92.375,"{'m1-1': 2.163, 'm2-1': 1.803, 'm3-1': 4.609, 'm4-1': 0.829}",1.2435,95.22899999999996,96.05799999999995,inf,97.375,97.375
290,TT4,BESTEFFORT,COMPLETED,m4-1,92.423,"{'m1-1': 1.756, 'm2-1': 1.897, 'm3-1': 4.961, 'm4-1': 1.008}",1.512,94.22099999999996,95.22899999999996,inf,97.423,97.423
291,TT2,BESTEFFORT,COMPLETED,m1-1,92.595,"{'m1-1': 1.872, 'm2-1': 1.919, 'm3-1': 3.973, 'm4-1': 0.846}",2.9952000000000005,95.15999999999998,97.03199999999998,inf,97.695,97.695
292,TT2,BESTEFFORT,COMPLETED,m2-1,93.234,"{'m1-1': 2.166, 'm2-1': 1.588, 'm3-1': 4.739, 'm4-1': 0.983}",4.764,96.00099999999999,97.58899999999998,inf,98.33399999999999,98.33399999999999
293,TT1,BESTEFFORT,COMPLETED,m3-1,93.438,"{'m1-1': 1.891, 'm2-1': 1.741, 'm3-1': 4.138, 'm4-1': 0.814}",7.4484,93.852,97.99000000000001,inf,98.438,98.438
294,TT1,BESTEFFORT,CANCELLED,m4-1,93.483,"{'m1-1': 1.976, 'm2-1': 1.662, 'm3-1': 5.008, 'm4-1': 0.807}",0.0,inf,inf,inf,98.483,98.483
295,TT3,BESTEFFORT,CANCELLED,,93.529,"{'m1-1': 2.212, 'm2-1': 1.741, 'm3-1': 4.326, 'm4-1': 0.772}",0.0,inf,inf,inf,98.729,98.729
296,TT4,BESTEFFORT,COMPLETED,m4-1,93.566,"{'m1-1': 1.911, 'm2-1': 1.826, 'm3-1': 4.961, 'm4-1': 0.755}",1.1325,96.05799999999995,96.81299999999995,inf,98.566,98.566
297,TT3,BESTEFFORT,CANCELLED,m4-1,93.692,"{'m1-1': 2.333, 'm2-1': 1.749, 'm3-1': 5.069, 'm4-1': 0.931}",0.0,inf,inf,inf,98.892,98.892
298,TT4,BESTEFFORT,COMPLETED,m4-1,94.351,"{'m1-1': 2.397, 'm2-1': 1.837, 'm3-1': 4.711, 'm4-1': 0.803}",1.2045000000000001,96.81299999999995,97.61599999999994,inf,99.351,99.351
299,TT1,BESTEFFORT,COMPLETED,m2-1,94.565,"{'m1-1': 2.331, 'm2-1': 1.667, 'm3-1': 3.841, 'm4-1': 0.841}",5.001,97.58899999999998,99.25599999999999,inf,99.565,99.565
300,TT1,BESTEFFORT,COMPLETED,m4-1,95.761,"{'m1-1': 2.052, 'm2-1': 1.822, 'm3-1': 4.028, 'm4-1': 0.635}",0.9525,97.61599999999994,98.25099999999995,inf,100.761,100.761
301,TT1,BESTEFFORT,COMPLETED,m4-1,96.413,"{'m1-1': 2.197, 'm2-1': 1.844, 'm3-1': 4.283, 'm4-1': 0.622}",0.933,98.25099999999995,98.87299999999995,inf,101.413,101.413
302,TT1,BESTEFFORT,COMPLETED,m1-1,96.626,"{'m1-1': 2.057, 'm2-1': 1.501, 'm3-1': 3.877, 'm4-1': 0.616}",3.2912,97.03199999999998,99.08899999999998,inf,101.626,101.626
303,TT2,BESTEFFORT,COMPLETED,m4-1,97.269,"{'m1-1': 2.416, 'm2-1': 1.654, 'm3-1': 3.926, 'm4-1': 0.898}",1.347,98.87299999999995,99.77099999999994,inf,102.369,102.369
304,TT4,BESTEFFORT,COMPLETED,m4-1,98.185,"{'m1-1': 2.391, 'm2-1': 1.584, 'm3-1': 4.67, 'm4-1': 0.894}",1.341,99.77099999999994,100.66499999999995,inf,103.185,103.185
305,TT4,BESTEFFORT,COMPLETED,m4-1,98.314,"{'m1-1': 1.924, 'm2-1': 1.74, 'm3-1': 4.286, 'm4-1': 0.986}",1.479,100.66499999999995,101.65099999999995,inf,103.314,103.314
306,TT2,BESTEFFORT,COMPLETED,m1-1,98.6,"{'m1-1': 2.298, 'm2-1': 1.547, 'm3-1': 4.266, 'm4-1': 0.766}",3.6768,99.08899999999998,101.38699999999999,inf,103.69999999999999,103.69999999999999
307,TT3,BESTEFFORT,COMPLETED,m1-1,98.619,"{'m1-1': 2.156, 'm2-1': 1.321, 'm3-1': 5.62, 'm4-1': 0.964}",3.4496,101.38699999999999,103.54299999999999,inf,103.819,103.819
308,TT2,BESTEFFORT,COMPLETED,m2-1,98.792,"{'m1-1': 2.332, 'm2-1': 1.651, 'm3-1': 4.508, 'm4-1': 0.798}",4.953,99.25599999999999,100.90699999999998,inf,103.892,103.892
309,TT1,BESTEFFORT,COMPLETED,m4-1,99.728,"{'m1-1': 2.525, 'm2-1': 1.467, 'm3-1': 4.116, 'm4-1': 0.762}",1.143,101.65099999999995,102.41299999999995,inf,104.728,104.728
310,TT3,BESTEFFORT,COMPLETED,m4-1,100.794,"{'m1-1': 2.168, 'm2-1': 1.789, 'm3-1': 5.616, 'm4-1': 0.788}",1.182,102.41299999999995,103.20099999999995,inf,105.994,105.994
311,TT3,BESTEFFORT,COMPLETED,m4-1,101.195,"{'m1-1': 1.811, 'm2-1': 1.502, 'm3-1': 5.264, 'm4-1': 0.886}",1.329,103.20099999999995,104.08699999999995,inf,106.395,106.395
312,TT3,BESTEFFORT,COMPLETED,m1-1,101.299,"{'m1-1': 2.285, 'm2-1': 1.516, 'm3-1': 5.506, 'm4-1': 0.785}",3.6560000000000006,103.54299999999999,105.82799999999999,inf,106.49900000000001,106.49900000000001
313,TT2,BESTEFFORT,COMPLETED,m2-1,101.451,"{'m1-1': 2.119, 'm2-1': 1.622, 'm3-1': 4.649, 'm4-1': 0.881}",4.8660000000000005,101.451,103.073,inf,106.55099999999999,106.55099999999999
314,TT2,BESTEFFORT,COMPLETED,m4-1,102.132,"{'m1-1': 1.926, 'm2-1': 2.113, 'm3-1': 3.721, 'm4-1': 0.971}",1.4565,104.08699999999995,105.05799999999995,inf,107.232,107.232
315,TT1,BESTEFFORT,COMPLETED,m4-1,102.459,"{'m1-1': 2.338, 'm2-1': 1.851, 'm3-1': 4.945, 'm4-1': 0.844}",1.266,105.05799999999995,105.90199999999994,inf,107.459,107.459
316,TT4,BESTEFFORT,COMPLETED,m4-1,103.929,"{'m1-1': 1.906, 'm2-1': 1.477, 'm3-1': 4.971, 'm4-1': 1.036}",1.554,105.90199999999994,106.93799999999995,inf,108.929,108.929
317,TT4,BESTEFFORT,COMPLETED,m4-1,104.906,"{'m1-1': 2.032, 'm2-1': 1.451, 'm3-1': 5.033, 'm4-1': 1.05}",1.5750000000000002,106.93799999999995,107.98799999999994,inf,109.906,109.906
318,TT3,BESTEFFORT,COMPLETED,m1-1,105.041,"{'m1-1': 2.269, 'm2-1': 1.607, 'm3-1': 4.866, 'm4-1': 0.745}",3.6304000000000003,105.82799999999999,108.097,inf,110.241,110.241
319,TT1,BESTEFFORT,COMPLETED,m4-1,105.538,"{'m1-1': 2.249, 'm2-1': 1.613, 'm3-1': 3.617, 'm4-1': 0.742}",1.113,107.98799999999994,108.72999999999995,inf,110.538,110.538
320,TT4,BESTEFFORT,COMPLETED,m1-1,105.605,"{'m1-1': 2.17, 'm2-1': 1.609, 'm3-1': 4.245, 'm4-1': 1.071}",3.472,108.097,110.267,inf,110.605,110.605
321,TT4,BESTEFFORT,COMPLETED,m2-1,105.863,"{'m1-1': 2.19, 'm2-1': 1.416, 'm3-1': 5.096, 'm4-1': 0.81}",4.247999999999999,105.863,107.279,inf,110.863,110.863
322,TT2,BESTEFFORT,COMPLETED,m4-1,106.552,"{'m1-1': 2.566, 'm2-1': 1.561, 'm3-1': 4.464, 'm4-1': 0.839}",1.2585,108.72999999999995,109.56899999999995,inf,111.652,111.652
323,TT2,BESTEFFORT,COMPLETED,m2-1,106.816,"{'m1-1': 2.14, 'm2-1': 1.6, 'm3-1': 5.016, 'm4-1': 0.937}",4.800000000000001,107.279,108.87899999999999,inf,111.916,111.916
324,TT2,BESTEFFORT,COMPLETED,m4-1,107.062,"{'m1-1': 2.116, 'm2-1': 2.109, 'm3-1': 5.076, 'm4-1': 1.004}",1.506,109.56899999999995,110.57299999999995,inf,112.16199999999999,112.16199999999999
325,TT3,BESTEFFORT,COMPLETED,m2-1,107.255,"{'m1-1': 1.912, 'm2-1': 1.424, 'm3-1': 4.229, 'm4-1': 0.876}",4.272,108.87899999999999,110.303,inf,112.455,112.455
326,TT3,BESTEFFORT,COMPLETED,m1-1,107.756,"{'m1-1': 2.431, 'm2-1': 1.318, 'm3-1': 5.636, 'm4-1': 0.796}",3.8896,110.267,112.698,inf,112.956,112.956
327,TT1,BESTEFFORT,COMPLETED,m2-1,107.962,"{'m1-1': 2.177, 'm2-1': 1.835, 'm3-1': 4.96, 'm4-1': 0.754}",5.505,110.303,112.13799999999999,inf,112.962,112.962
328,TT3,BESTEFFORT,COMPLETED,m4-1,108.358,"{'m1-1': 2.331, 'm2-1': 1.568, 'm3-1': 4.791, 'm4-1': 0.911}",1.3665,110.57299999999995,111.48399999999995,inf,113.558,113.558
329,TT1,BESTEFFORT,CANCELLED,m4-1,109.485,"{'m1-1': 2.555, 'm2-1': 1.968, 'm3-1': 4.967, 'm4-1': 0.678}",0.0,inf,inf,inf,114.485,114.485
330,TT3,BESTEFFORT,COMPLETED,m4-1,109.705,"{'m1-1': 1.852, 'm2-1': 1.528, 'm3-1': 4.676, 'm4-1': 0.835}",1.2525,111.48399999999995,112.31899999999995,inf,114.905,114.905
331,TT4,BESTEFFORT,COMPLETED,m1-1,109.829,"{'m1-1': 1.907, 'm2-1': 1.414, 'm3-1': 3.868, 'm4-1': 1.015}",3.0512,112.698,114.60499999999999,inf,114.829,114.829
332,TT2,BESTEFFORT,COMPLETED,m2-1,109.914,"{'m1-1': 2.056, 'm2-1': 1.598, 'm3-1': 3.654, 'm4-1': 0.868}",4.7940000000000005,112.13799999999999,113.73599999999999,inf,115.014,115.014
333,TT4,BESTEFFORT,COMPLETED,m3-1,110.013,"{'m1-1': 1.734, 'm2-1': 1.522, 'm3-1': 4.394, 'm4-1': 0.928}",7.9092,110.013,114.40700000000001,inf,115.013,115.013
334,TT3,BESTEFFORT,COMPLETED,m2-1,110.242,"{'m1-1': 2.245, 'm2-1': 1.474, 'm3-1': 5.655, 'm4-1': 0.969}",4.422,113.73599999999999,115.21,inf,115.44200000000001,115.44200000000001
335,TT2,BESTEFFORT,COMPLETED,m4-1,110.726,"{'m1-1': 1.877, 'm2-1': 1.813, 'm3-1': 5.056, 'm4-1': 1.002}",1.5030000000000001,112.31899999999995,113.32099999999994,inf,115.826,115.826
336,TT4,BESTEFFORT,COMPLETED,m4-1,110.879,"{'m1-1': 2.346, 'm2-1': 1.819, 'm3-1': 3.66, 'm4-1': 1.034}",1.5510000000000002,113.32099999999994,114.35499999999995,inf,115.879,115.879
337,TT2,BESTEFFORT,COMPLETED,m4-1,111.208,"{'m1-1': 2.514, 'm2-1': 2.132, 'm3-1': 4.325, 'm4-1': 0.885}",1.3275000000000001,114.35499999999995,115.23999999999995,inf,116.30799999999999,116.30799999999999
338,TT1,BESTEFFORT,COMPLETED,m1-1,111.83,"{'m1-1': 2.1, 'm2-1': 1.548, 'm3-1': 3.684, 'm4-1': 0.706}",3.3600000000000003,114.60499999999999,116.70499999999998,inf,116.83,116.83
339,TT4,BESTEFFORT,COMPLETED,m2-1,111.871,"{'m1-1': 1.853, 'm2-1': 1.526, 'm3-1': 3.922, 'm4-1': 0.79}",4.578,115.21,116.73599999999999,inf,116.871,116.871
340,TT4,BESTEFFORT,COMPLETED,m4-1,112.266,"{'m1-1': 2.151, 'm2-1': 1.476, 'm3-1': 4.403, 'm4-1': 0.755}",1.1325,115.23999999999995,115.99499999999995,inf,117.266,117.266
341,TT3,BESTEFFORT,CANCELLED,,112.766,"{'m1-1': 2.12, 'm2-1': 1.673, 'm3-1': 4.247, 'm4-1': 1.009}",0.0,inf,inf,inf,117.96600000000001,117.96600000000001
342,TT2,BESTEFFORT,CANCELLED,m4-1,112.867,"{'m1-1': 2.2, 'm2-1': 1.789, 'm3-1': 5.069, 'm4-1': 0.753}",0.0,inf,inf,inf,117.967,117.967
343,TT1,BESTEFFORT,COMPLETED,m4-1,113.024,"{'m1-1': 2.555, 'm2-1': 1.613, 'm3-1': 4.674, 'm4-1': 0.708}",1.0619999999999998,116.80999999999995,117.51799999999994,inf,118.024,118.024
344,TT4,BESTEFFORT,COMPLETED,m4-1,113.092,"{'m1-1': 2.156, 'm2-1': 1.525, 'm3-1': 3.955, 'm4-1': 0.815}",1.2225,115.99499999999995,116.80999999999995,inf,118.092,118.092
345,TT1,BESTEFFORT,CANCELLED,,113.34,"{'m1-1': 2.312, 'm2-1': 1.598, 'm3-1': 4.483, 'm4-1': 0.786}",0.0,inf,inf,inf,118.34,118.34
346,TT2,BESTEFFORT,COMPLETED,m2-1,113.73,"{'m1-1': 2.491, 'm2-1': 1.975, 'm3-1': 4.543, 'm4-1': 0.808}",5.925000000000001,116.73599999999999,118.71099999999998,inf,118.83,118.83
347,TT4,BESTEFFORT,COMPLETED,m1-1,114.698,"{'m1-1': 1.919, 'm2-1': 1.358, 'm3-1': 4.739, 'm4-1': 1.051}",3.0704000000000002,116.70499999999998,118.62399999999998,inf,119.698,119.698
348,TT2,BESTEFFORT,COMPLETED,m3-1,114.867,"{'m1-1': 1.881, 'm2-1': 1.614, 'm3-1': 4.252, 'm4-1': 0.874}",7.6536,114.867,119.119,inf,119.967,119.967
349,TT1,BESTEFFORT,COMPLETED,m4-1,115.385,"{'m1-1': 1.872, 'm2-1': 1.744, 'm3-1': 4.025, 'm4-1': 0.719}",1.0785,117.51799999999994,118.23699999999994,inf,120.385,120.385
350,TT4,BESTEFFORT,COMPLETED,m2-1,115.62,"{'m1-1': 2.026, 'm2-1': 1.884, 'm3-1': 3.791, 'm4-1': 0.955}",5.651999999999999,118.71099999999998,120.59499999999998,inf,120.62,120.62
351,TT4,BESTEFFORT,COMPLETED,m1-1,115.94,"{'m1-1': 2.013, 'm2-1': 1.834, 'm3-1': 3.925, 'm4-1': 0.779}",3.2208,118.62399999999998,120.63699999999999,inf,120.94,120.94
352,TT1,BESTEFFORT,COMPLETED,m4-1,116.031,"{'m1-1': 2.453, 'm2-1': 1.404, 'm3-1': 4.841, 'm4-1': 0.806}",1.209,118.23699999999994,119.04299999999994,inf,121.031,121.031
353,TT3,BESTEFFORT,MISSED,m2-1,116.301,"{'m1-1': 1.784, 'm2-1': 1.58, 'm3-1': 5.356, 'm4-1': 0.874}",2.7180000000000604,120.59499999999998,inf,121.501,121.501,121.501
354,TT3,BESTEFFORT,CANCELLED,,116.45,"{'m1-1': 1.755, 'm2-1': 1.456, 'm3-1': 5.22, 'm4-1': 0.873}",0.0,inf,inf,inf,121.65,121.65
355,TT1,BESTEFFORT,CANCELLED,,116.484,"{'m1-1': 2.455, 'm2-1': 1.847, 'm3-1': 4.116, 'm4-1': 0.713}",0.0,inf,inf,inf,121.484,121.484
356,TT1,BESTEFFORT,COMPLETED,m4-1,116.755,"{'m1-1': 2.59, 'm2-1': 1.607, 'm3-1': 3.989, 'm4-1': 0.832}",1.248,119.04299999999994,119.87499999999993,inf,121.755,121.755
357,TT2,BESTEFFORT,COMPLETED,m4-1,116.858,"{'m1-1': 2.574, 'm2-1': 1.56, 'm3-1': 4.564, 'm4-1': 0.886}",1.329,119.87499999999993,120.76099999999992,inf,121.958,121.958
358,TT2,BESTEFFORT,COMPLETED,m4-1,117.026,"{'m1-1': 2.4, 'm2-1': 2.007, 'm3-1': 3.903, 'm4-1': 0.756}",1.134,120.76099999999992,121.51699999999992,inf,122.12599999999999,122.12599999999999
359,TT1,BESTEFFORT,CANCELLED,,117.727,"{'m1-1': 2.491, 'm2-1': 1.567, 'm3-1': 4.817, 'm4-1': 0.801}",0.0,inf,inf,inf,122.727,122.727
360,TT3,BESTEFFORT,COMPLETED,m1-1,118.332,"{'m1-1': 1.81, 'm2-1': 1.347, 'm3-1': 4.362, 'm4-1': 0.912}",2.8960000000000004,120.63699999999999,122.44699999999999,inf,123.532,123.532
361,TT1,BESTEFFORT,COMPLETED,m2-1,118.803,"{'m1-1': 2.126, 'm2-1': 1.531, 'm3-1': 4.713, 'm4-1': 0.8}",4.593,121.501,123.03200000000001,inf,123.803,123.803
362,TT2,BESTEFFORT,COMPLETED,m4-1,120.703,"{'m1-1': 1.973, 'm2-1': 1.912, 'm3-1': 4.332, 'm4-1': 0.769}",1.1535,121.51699999999992,122.28599999999993,inf,125.803,125.803
363,TT2,BESTEFFORT,COMPLETED,m4-1,120.836,"{'m1-1': 2.13, 'm2-1': 1.665, 'm3-1': 4.592, 'm4-1': 0.903}",1.3545,122.28599999999993,123.18899999999994,inf,125.93599999999999,125.93599999999999
364,TT3,BESTEFFORT,COMPLETED,m4-1,121.214,"{'m1-1': 1.999, 'm2-1': 1.509, 'm3-1': 4.306, 'm4-1': 0.77}",1.155,123.18899999999994,123.95899999999993,inf,126.414,126.414
365,TT3,BESTEFFORT,COMPLETED,m1-1,121.43,"{'m1-1': 1.722, 'm2-1': 1.733, 'm3-1': 5.046, 'm4-1': 0.993}",2.7552000000000003,122.44699999999999,124.16899999999998,inf,126.63000000000001,126.63000000000001
366,TT4,BESTEFFORT,COMPLETED,m4-1,122.089,"{'m1-1': 1.827, 'm2-1': 1.833, 'm3-1': 4.446, 'm4-1': 1.068}",1.602,123.95899999999993,125.02699999999993,inf,127.089,127.089
367,TT4,BESTEFFORT,COMPLETED,m4-1,122.495,"{'m1-1': 1.899, 'm2-1': 1.52, 'm3-1': 4.62, 'm4-1': 0.855}",1.2825,125.02699999999993,125.88199999999993,inf,127.495,127.495
368,TT3,BESTEFFORT,COMPLETED,m1-1,122.719,"{'m1-1': 2.289, 'm2-1': 1.425, 'm3-1': 4.321, 'm4-1': 0.821}",3.6624000000000003,124.16899999999998,126.45799999999998,inf,127.919,127.919
369,TT1,BESTEFFORT,COMPLETED,m4-1,123.443,"{'m1-1': 2.474, 'm2-1': 1.879, 'm3-1': 4.132, 'm4-1': 0.707}",1.0605,125.88199999999993,126.58899999999993,inf,128.44299999999998,128.44299999999998
370,TT1,BESTEFFORT,COMPLETED,m2-1,123.602,"{'m1-1': 2.517, 'm2-1': 1.546, 'm3-1': 3.776, 'm4-1': 0.852}",4.638,123.602,125.14800000000001,inf,128.602,128.602
371,TT4,BESTEFFORT,COMPLETED,m1-1,123.632,"{'m1-1': 1.758, 'm2-1': 1.364, 'm3-1': 4.386, 'm4-1': 0.812}",2.8128,126.45799999999998,128.21599999999998,inf,128.632,128.632
372,TT3,BESTEFFORT,COMPLETED,m4-1,124.045,"{'m1-1': 2.143, 'm2-1': 1.61, 'm3-1': 4.842, 'm4-1': 0.99}",1.4849999999999999,126.58899999999993,127.57899999999992,inf,129.245,129.245
373,TT1,BESTEFFORT,COMPLETED,m2-1,124.642,"{'m1-1': 2.023, 'm2-1': 1.607, 'm3-1': 4.402, 'm4-1': 0.676}",4.821,125.14800000000001,126.75500000000001,inf,129.642,129.642
374,TT3,BESTEFFORT,COMPLETED,m2-1,124.994,"{'m1-1': 2.091, 'm2-1': 1.64, 'm3-1': 4.334, 'm4-1': 0.849}",4.92,126.75500000000001,128.395,inf,130.194,130.194
375,TT3,BESTEFFORT,COMPLETED,m4-1,125.224,"{'m1-1': 2.367, 'm2-1': 1.323, 'm3-1': 4.475, 'm4-1': 0.793}",1.1895,127.57899999999992,128.37199999999993,inf,130.424,130.424
376,TT3,BESTEFFORT,COMPLETED,m2-1,125.329,"{'m1-1': 2.228, 'm2-1': 1.502, 'm3-1': 4.813, 'm4-1': 0.837}",4.506,128.395,129.89700000000002,inf,130.529,130.529
377,TT4,BESTEFFORT,COMPLETED,m1-1,125.79,"{'m1-1': 2.189, 'm2-1': 1.875, 'm3-1': 4.903, 'm4-1': 1.032}",3.5024,128.21599999999998,130.40499999999997,inf,130.79000000000002,130.79000000000002
378,TT4,BESTEFFORT,CANCELLED,m4-1,126.109,"{'m1-1': 2.379, 'm2-1': 1.807, 'm3-1': 4.211, 'm4-1': 0.96}",0.0,inf,inf,inf,131.10899999999998,131.10899999999998
379,TT1,BESTEFFORT,COMPLETED,m3-1,126.201,"{'m1-1': 2.397, 'm2-1': 1.733, 'm3-1': 3.937, 'm4-1': 0.754}",7.0866,126.201,130.138,inf,131.201,131.201
380,TT2,BESTEFFORT,MISSED,m2-1,126.48,"{'m1-1': 2.184, 'm2-1': 2.127, 'm3-1': 5.121, 'm4-1': 0.76}",5.048999999999978,129.89700000000002,inf,131.58,131.58,131.58
381,TT1,BESTEFFORT,COMPLETED,m4-1,126.495,"{'m1-1': 2.4, 'm2-1': 1.865, 'm3-1': 4.345, 'm4-1': 0.781}",1.1715,128.37199999999993,129.15299999999993,inf,131.495,131.495
382,TT2,BESTEFFORT,CANCELLED,m4-1,126.553,"{'m1-1': 2.044, 'm2-1': 1.743, 'm3-1': 4.097, 'm4-1': 0.797}",0.0,inf,inf,inf,131.653,131.653
383,TT4,BESTEFFORT,CANCELLED,,126.723,"{'m1-1': 1.81, 'm2-1': 1.546, 'm3-1': 4.139, 'm4-1': 0.939}",0.0,inf,inf,inf,131.723,131.723
384,TT4,BESTEFFORT,CANCELLED,,126.909,"{'m1-1': 2.179, 'm2-1': 1.442, 'm3-1': 4.264, 'm4-1': 0.837}",0.0,inf,inf,inf,131.909,131.909
385,TT3,BESTEFFORT,COMPLETED,m4-1,126.912,"{'m1-1': 2.255, 'm2-1': 1.716, 'm3-1': 4.477, 'm4-1': 0.749}",1.1235,129.15299999999993,129.90199999999993,inf,132.112,132.112
386,TT1,BESTEFFORT,CANCELLED,m4-1,127.244,"{'m1-1': 2.426, 'm2-1': 1.479, 'm3-1': 3.685, 'm4-1': 0.785}",0.0,inf,inf,inf,132.244,132.244
387,TT2,BESTEFFORT,COMPLETED,m1-1,127.801,"{'m1-1': 2.119, 'm2-1': 2.002, 'm3-1': 4.102, 'm4-1': 0.907}",3.3904000000000005,130.40499999999997,132.52399999999997,inf,132.901,132.901
388,TT1,BESTEFFORT,COMPLETED,m2-1,128.272,"{'m1-1': 1.879, 'm2-1': 1.433, 'm3-1': 5.043, 'm4-1': 0.708}",4.299,131.58,133.013,inf,133.272,133.272
389,TT1,BESTEFFORT,CANCELLED,m4-1,128.283,"{'m1-1': 2.111, 'm2-1': 1.737, 'm3-1': 3.775, 'm4-1': 0.668}",0.0,inf,inf,inf,133.283,133.283
390,TT3,BESTEFFORT,CANCELLED,,128.349,"{'m1-1': 2.176, 'm2-1': 1.355, 'm3-1': 4.744, 'm4-1': 0.973}",0.0,inf,inf,inf,133.54899999999998,133.54899999999998
391,TT1,BESTEFFORT,CANCELLED,,128.4,"{'m1-1': 2.096, 'm2-1': 1.806, 'm3-1': 3.878, 'm4-1': 0.723}",0.0,inf,inf,inf,133.4,133.4
392,TT2,BESTEFFORT,CANCELLED,,128.438,"{'m1-1': 2.176, 'm2-1': 2.141, 'm3-1': 4.652, 'm4-1': 0.988}",0.0,inf,inf,inf,133.53799999999998,133.53799999999998
393,TT2,BESTEFFORT,COMPLETED,m4-1,128.901,"{'m1-1': 2.446, 'm2-1': 1.55, 'm3-1': 3.77, 'm4-1': 0.823}",1.2345,129.90199999999993,130.72499999999994,inf,134.001,134.001
394,TT2,BESTEFFORT,COMPLETED,m4-1,129.37,"{'m1-1': 2.509, 'm2-1': 1.975, 'm3-1': 4.238, 'm4-1': 0.732}",1.0979999999999999,130.72499999999994,131.45699999999994,inf,134.47,134.47
395,TT2,BESTEFFORT,COMPLETED,m4-1,129.435,"{'m1-1': 2.476, 'm2-1': 1.919, 'm3-1': 3.793, 'm4-1': 0.745}",1.1175,131.45699999999994,132.20199999999994,inf,134.535,134.535
396,TT1,BESTEFFORT,COMPLETED,m4-1,130.1,"{'m1-1': 2.063, 'm2-1': 1.969, 'm3-1': 4.674, 'm4-1': 0.66}",0.99,132.20199999999994,132.86199999999994,inf,135.1,135.1
397,TT2,BESTEFFORT,COMPLETED,m1-1,130.572,"{'m1-1': 1.943, 'm2-1': 1.739, 'm3-1': 4.962, 'm4-1': 1.002}",3.1088000000000005,132.52399999999997,134.46699999999998,inf,135.672,135.672
398,TT4,BESTEFFORT,COMPLETED,m2-1,130.617,"{'m1-1': 2.045, 'm2-1': 1.478, 'm3-1': 3.891, 'm4-1': 0.991}",4.434,133.013,134.491,inf,135.617,135.617
399,TT4,BESTEFFORT,COMPLETED,m3-1,130.698,"{'m1-1': 2.175, 'm2-1': 1.751, 'm3-1': 3.929, 'm4-1': 1.002}",7.0722,130.698,134.627,inf,135.698,135.698
400,TT1,BESTEFFORT,COMPLETED,m4-1,130.789,"{'m1-1': 2.193, 'm2-1': 1.685, 'm3-1': 3.797, 'm4-1': 0.848}",1.272,132.86199999999994,133.70999999999995,inf,135.789,135.789
401,TT3,BESTEFFORT,COMPLETED,m2-1,131.333,"{'m1-1': 2.361, 'm2-1': 1.737, 'm3-1': 5.531, 'm4-1': 0.873}",5.211,134.491,136.228,inf,136.533,136.533
402,TT3,BESTEFFORT,CANCELLED,m4-1,131.478,"{'m1-1': 2.278, 'm2-1': 1.519, 'm3-1': 5.742, 'm4-1': 0.905}",0.0,inf,inf,inf,136.678,136.678
403,TT1,BESTEFFORT,COMPLETED,m4-1,132.022,"{'m1-1': 2.586, 'm2-1': 1.655, 'm3-1': 3.858, 'm4-1': 0.762}",1.143,133.70999999999995,134.47199999999995,inf,137.022,137.022
404,TT1,BESTEFFORT,CANCELLED,m4-1,132.082,"{'m1-1': 2.133, 'm2-1': 1.797, 'm3-1': 4.503, 'm4-1': 0.826}",0.0,inf,inf,inf,137.082,137.082
405,TT3,BESTEFFORT,COMPLETED,m1-1,132.259,"{'m1-1': 2.386, 'm2-1': 1.556, 'm3-1': 5.603, 'm4-1': 0.876}",3.8176000000000005,134.46699999999998,136.85299999999998,inf,137.45899999999997,137.45899999999997
406,TT4,BESTEFFORT,COMPLETED,m4-1,132.624,"{'m1-1': 1.796, 'm2-1': 1.412, 'm3-1': 4.389, 'm4-1': 0.965}",1.4475,134.47199999999995,135.43699999999995,inf,137.624,137.624
407,TT2,BESTEFFORT,COMPLETED,m4-1,132.825,"{'m1-1': 2.556, 'm2-1': 2.046, 'm3-1': 5.103, 'm4-1': 0.963}",1.4445,135.43699999999995,136.39999999999995,inf,137.92499999999998,137.92499999999998
408,TT4,BESTEFFORT,COMPLETED,m2-1,133.006,"{'m1-1': 1.768, 'm2-1': 1.373, 'm3-1': 5.057, 'm4-1': 0.815}",4.119,136.228,137.601,inf,138.006,138.006
409,TT2,BESTEFFORT,COMPLETED,m1-1,134.255,"{'m1-1': 2.304, 'm2-1': 1.52, 'm3-1': 3.657, 'm4-1': 0.94}",3.6864,136.85299999999998,139.15699999999998,inf,139.355,139.355
410,TT2,BESTEFFORT,COMPLETED,m4-1,134.376,"{'m1-1': 1.866, 'm2-1': 2.054, 'm3-1': 4.701, 'm4-1': 0.998}",1.4969999999999999,136.39999999999995,137.39799999999994,inf,139.476,139.476
411,TT2,BESTEFFORT,COMPLETED,m4-1,134.626,"{'m1-1': 1.996, 'm2-1': 2.035, 'm3-1': 4.231, 'm4-1': 0.845}",1.2675,137.39799999999994,138.24299999999994,inf,139.726,139.726
412,TT3,BESTEFFORT,COMPLETED,m2-1,135.024,"{'m1-1': 2.103, 'm2-1': 1.7, 'm3-1': 4.366, 'm4-1': 0.996}",5.1,137.601,139.301,inf,140.224,140.224
413,TT3,BESTEFFORT,COMPLETED,m4-1,135.701,"{'m1-1': 1.723, 'm2-1': 1.574, 'm3-1': 5.664, 'm4-1': 0.788}",1.182,138.24299999999994,139.03099999999995,inf,140.90099999999998,140.90099999999998
414,TT2,BESTEFFORT,MISSED,m1-1,135.782,"{'m1-1': 2.311, 'm2-1': 1.841, 'm3-1': 4.311, 'm4-1': 0.763}",2.7600000000000366,139.15699999999998,inf,140.882,140.882,140.882
415,TT4,BESTEFFORT,COMPLETED,m2-1,136.134,"{'m1-1': 2.17, 'm2-1': 1.644, 'm3-1': 4.862, 'm4-1': 0.97}",4.9319999999999995,139.301,140.945,inf,141.134,141.134
416,TT2,BESTEFFORT,COMPLETED,m3-1,136.206,"{'m1-1': 2.332, 'm2-1': 1.921, 'm3-1': 4.598, 'm4-1': 0.818}",8.2764,136.206,140.804,inf,141.30599999999998,141.30599999999998
417,TT1,BESTEFFORT,COMPLETED,m4-1,137.949,"{'m1-1': 2.312, 'm2-1': 1.738, 'm3-1': 3.777, 'm4-1': 0.724}",1.0859999999999999,139.03099999999995,139.75499999999994,inf,142.949,142.949
418,TT4,BESTEFFORT,COMPLETED,m4-1,138.952,"{'m1-1': 1.884, 'm2-1': 1.837, 'm3-1': 4.204, 'm4-1': 0.877}",1.3155000000000001,139.75499999999994,140.63199999999995,inf,143.952,143.952
419,TT3,BESTEFFORT,COMPLETED,m4-1,139.564,"{'m1-1': 1.723, 'm2-1': 1.624, 'm3-1': 5.145, 'm4-1': 0.74}",1.1099999999999999,140.63199999999995,141.37199999999996,inf,144.76399999999998,144.76399999999998
420,TT2,BESTEFFORT,COMPLETED,m4-1,139.845,"{'m1-1': 2.504, 'm2-1': 2.015, 'm3-1': 4.398, 'm4-1': 0.955}",1.4324999999999999,141.37199999999996,142.32699999999997,inf,144.945,144.945
421,TT4,BESTEFFORT,COMPLETED,m4-1,140.021,"{'m1-1': 2.03, 'm2-1': 1.451, 'm3-1': 4.512, 'm4-1': 0.79}",1.185,142.32699999999997,143.11699999999996,inf,145.021,145.021
422,TT2,BESTEFFORT,COMPLETED,m4-1,140.658,"{'m1-1': 2.34, 'm2-1': 1.861, 'm3-1': 4.466, 'm4-1': 0.882}",1.323,143.11699999999996,143.99899999999997,inf,145.75799999999998,145.75799999999998
423,TT4,BESTEFFORT,COMPLETED,m1-1,140.658,"{'m1-1': 2.423, 'm2-1': 1.561, 'm3-1': 4.062, 'm4-1': 0.938}",3.8768000000000002,140.882,143.305,inf,145.658,145.658
424,TT1,BESTEFFORT,COMPLETED,m1-1,140.679,"{'m1-1': 2.1, 'm2-1': 1.439, 'm3-1': 3.968, 'm4-1': 0.695}",3.3600000000000003,143.305,145.405,inf,145.679,145.679
425,TT4,BESTEFFORT,COMPLETED,m2-1,140.691,"{'m1-1': 2.339, 'm2-1': 1.797, 'm3-1': 4.324, 'm4-1': 1.043}",5.391,140.945,142.742,inf,145.691,145.691
426,TT2,BESTEFFORT,COMPLETED,m2-1,140.773,"{'m1-1': 2.503, 'm2-1': 1.854, 'm3-1': 4.65, 'm4-1': 0.967}",5.562,142.742,144.596,inf,145.873,145.873
427,TT4,BESTEFFORT,COMPLETED,m4-1,141.533,"{'m1-1': 2.037, 'm2-1': 1.566, 'm3-1': 4.747, 'm4-1': 0.962}",1.443,143.99899999999997,144.96099999999996,inf,146.533,146.533
428,TT2,BESTEFFORT,COMPLETED,m4-1,142.394,"{'m1-1': 2.179, 'm2-1': 1.735, 'm3-1': 3.636, 'm4-1': 0.849}",1.2734999999999999,144.96099999999996,145.80999999999995,inf,147.494,147.494
429,TT4,BESTEFFORT,COMPLETED,m4-1,143.157,"{'m1-1': 1.947, 'm2-1': 1.685, 'm3-1': 3.633, 'm4-1': 0.896}",1.344,145.80999999999995,146.70599999999993,inf,148.157,148.157
430,TT1,BESTEFFORT,COMPLETED,m1-1,143.46,"{'m1-1': 2.119, 'm2-1': 1.509, 'm3-1': 3.633, 'm4-1': 0.843}",3.3904000000000005,145.405,147.524,inf,148.46,148.46
431,TT3,BESTEFFORT,COMPLETED,m2-1,143.593,"{'m1-1': 2.397, 'm2-1': 1.711, 'm3-1': 5.486, 'm4-1': 0.766}",5.133,144.596,146.30700000000002,inf,148.79299999999998,148.79299999999998
432,TT3,BESTEFFORT,COMPLETED,m2-1,143.783,"{'m1-1': 1.827, 'm2-1': 1.447, 'm3-1': 5.972, 'm4-1': 0.731}",4.341,146.30700000000002,147.75400000000002,inf,148.98299999999998,148.98299999999998
433,TT4,BESTEFFORT,COMPLETED,m4-1,144.055,"{'m1-1': 1.956, 'm2-1': 1.461, 'm3-1': 3.66, 'm4-1': 0.898}",1.347,146.70599999999993,147.60399999999993,inf,149.055,149.055
434,TT2,BESTEFFORT,MISSED,m2-1,144.178,"{'m1-1': 1.99, 'm2-1': 1.621, 'm3-1': 4.863, 'm4-1': 0.75}",4.5719999999999175,147.75400000000002,inf,149.278,149.278,149.278
435,TT4,BESTEFFORT,COMPLETED,m3-1,144.877,"{'m1-1': 2.18, 'm2-1': 1.624, 'm3-1': 4.773, 'm4-1': 0.876}",8.5914,144.877,149.65,inf,149.877,149.877
436,TT4,BESTEFFORT,CANCELLED,m4-1,145.16,"{'m1-1': 1.89, 'm2-1': 1.354, 'm3-1': 4.557, 'm4-1': 0.983}",0.0,inf,inf,inf,150.16,150.16
437,TT4,BESTEFFORT,COMPLETED,m1-1,145.178,"{'m1-1': 2.435, 'm2-1': 1.761, 'm3-1': 4.005, 'm4-1': 0.792}",3.8960000000000004,147.524,149.959,inf,150.178,150.178
438,TT2,BESTEFFORT,CANCELLED,m4-1,145.511,"{'m1-1': 2.411, 'm2-1': 2.065, 'm3-1': 4.044, 'm4-1': 0.841}",0.0,inf,inf,inf,150.611,150.611
439,TT4,BESTEFFORT,CANCELLED,m4-1,145.515,"{'m1-1': 2.061, 'm2-1': 1.644, 'm3-1': 4.763, 'm4-1': 1.044}",0.0,inf,inf,inf,150.515,150.515
440,TT2,BESTEFFORT,CANCELLED,m4-1,145.555,"{'m1-1': 2.104, 'm2-1': 1.649, 'm3-1': 3.706, 'm4-1': 0.796}",0.0,inf,inf,inf,150.655,150.655
441,TT1,BESTEFFORT,CANCELLED,m4-1,145.797,"{'m1-1': 2.318, 'm2-1': 1.501, 'm3-1': 3.693, 'm4-1': 0.776}",0.0,inf,inf,inf,150.797,150.797
442,TT1,BESTEFFORT,COMPLETED,m2-1,146.161,"{'m1-1': 2.171, 'm2-1': 1.688, 'm3-1': 4.725, 'm4-1': 0.646}",5.064,149.278,150.96599999999998,inf,151.161,151.161
443,TT3,BESTEFFORT,MISSED,m1-1,146.565,"{'m1-1': 2.104, 'm2-1': 1.78, 'm3-1': 5.762, 'm4-1': 0.788}",2.889599999999973,149.959,inf,151.765,151.765,151.765
444,TT3,BESTEFFORT,COMPLETED,m4-1,146.62,"{'m1-1': 2.111, 'm2-1': 1.459, 'm3-1': 4.592, 'm4-1': 0.987}",1.4805,147.60399999999993,148.59099999999992,inf,151.82,151.82
445,TT2,BESTEFFORT,COMPLETED,m4-1,146.929,"{'m1-1': 2.549, 'm2-1': 1.799, 'm3-1': 4.409, 'm4-1': 0.835}",1.2525,148.59099999999992,149.42599999999993,inf,152.029,152.029
446,TT4,BESTEFFORT,CANCELLED,,147.119,"{'m1-1': 2.416, 'm2-1': 1.77, 'm3-1': 4.183, 'm4-1': 0.788}",0.0,inf,inf,inf,152.119,152.119
447,TT2,BESTEFFORT,COMPLETED,m4-1,147.285,"{'m1-1': 1.878, 'm2-1': 1.849, 'm3-1': 5.092, 'm4-1': 0.953}",1.4295,149.42599999999993,150.37899999999993,inf,152.385,152.385
448,TT4,BESTEFFORT,COMPLETED,m4-1,147.478,"{'m1-1': 1.766, 'm2-1': 1.6, 'm3-1': 4.271, 'm4-1': 1.004}",1.506,150.37899999999993,151.38299999999992,inf,152.478,152.478
449,TT3,BESTEFFORT,COMPLETED,m2-1,148.054,"{'m1-1': 2.385, 'm2-1': 1.369, 'm3-1': 5.192, 'm4-1': 0.822}",4.107,150.96599999999998,152.33499999999998,inf,153.254,153.254
450,TT4,BESTEFFORT,COMPLETED,m4-1,149.004,"{'m1-1': 2.4, 'm2-1': 1.896, 'm3-1': 4.118, 'm4-1': 0.872}",1.308,151.38299999999992,152.25499999999994,inf,154.004,154.004
451,TT2,BESTEFFORT,CANCELLED,m4-1,149.441,"{'m1-1': 2.342, 'm2-1': 1.584, 'm3-1': 4.98, 'm4-1': 0.834}",0.0,inf,inf,inf,154.541,154.541
452,TT4,BESTEFFORT,COMPLETED,m1-1,149.788,"{'m1-1': 1.779, 'm2-1': 1.372, 'm3-1': 4.833, 'm4-1': 0.761}",2.8464,151.765,153.54399999999998,inf,154.788,154.788
453,TT4,BESTEFFORT,MISSED,m1-1,149.95,"{'m1-1': 2.158, 'm2-1': 1.358, 'm3-1': 4.126, 'm4-1': 0.87}",2.2496000000000094,153.54399999999998,inf,154.95,154.95,154.95
454,TT3,BESTEFFORT,COMPLETED,m2-1,149.988,"{'m1-1': 1.778, 'm2-1': 1.749, 'm3-1': 5.646, 'm4-1': 0.821}",5.247,152.33499999999998,154.08399999999997,inf,155.188,155.188
455,TT2,BESTEFFORT,CANCELLED,m4-1,150.568,"{'m1-1': 2.642, 'm2-1': 1.886, 'm3-1': 4.075, 'm4-1': 0.727}",0.0,inf,inf,inf,155.668,155.668
456,TT4,BESTEFFORT,COMPLETED,m2-1,150.697,"{'m1-1': 1.955, 'm2-1': 1.373, 'm3-1': 4.188, 'm4-1': 0.786}",4.119,154.08399999999997,155.45699999999997,inf,155.697,155.697
457,TT1,BESTEFFORT,MISSED,m3-1,150.738,"{'m1-1': 2.327, 'm2-1': 1.582, 'm3-1': 5.07, 'm4-1': 0.762}",9.0,150.738,inf,155.738,155.738,155.738
458,TT4,BESTEFFORT,COMPLETED,m4-1,150.745,"{'m1-1': 1.947, 'm2-1': 1.368, 'm3-1': 3.647, 'm4-1': 0.948}",1.422,152.25499999999994,153.20299999999995,inf,155.745,155.745
459,TT4,BESTEFFORT,COMPLETED,m4-1,150.999,"{'m1-1': 2.413, 'm2-1': 1.81, 'm3-1': 4.664, 'm4-1': 1.015}",1.5225,153.20299999999995,154.21799999999993,inf,155.999,155.999
460,TT1,BESTEFFORT,COMPLETED,m4-1,151.248,"{'m1-1': 2.443, 'm2-1': 1.688, 'm3-1': 3.92, 'm4-1': 0.837}",1.2555,154.21799999999993,155.05499999999992,inf,156.248,156.248
461,TT4,BESTEFFORT,COMPLETED,m4-1,152.772,"{'m1-1': 2.174, 'm2-1': 1.379, 'm3-1': 4.005, 'm4-1': 0.965}",1.4475,155.05499999999992,156.01999999999992,inf,157.772,157.772
462,TT3,BESTEFFORT,COMPLETED,m1-1,152.998,"{'m1-1': 1.878, 'm2-1': 1.422, 'm3-1': 5.937, 'm4-1': 0.896}",3.0048,154.95,156.82799999999997,inf,158.19799999999998,158.19799999999998
463,TT1,BESTEFFORT,COMPLETED,m2-1,153.055,"{'m1-1': 1.983, 'm2-1': 1.433, 'm3-1': 4.347, 'm4-1': 0.861}",4.299,155.45699999999997,156.88999999999996,inf,158.055,158.055
464,TT4,BESTEFFORT,CANCELLED,m4-1,153.51,"{'m1-1': 1.88, 'm2-1': 1.567, 'm3-1': 4.944, 'm4-1': 1.071}",0.0,inf,inf,inf,158.51,158.51
465,TT1,BESTEFFORT,COMPLETED,m4-1,153.532,"{'m1-1': 2.278, 'm2-1': 1.475, 'm3-1': 4.059, 'm4-1': 0.827}",1.2405,156.01999999999992,156.84699999999992,inf,158.532,158.532
466,TT2,BESTEFFORT,MISSED,m1-1,153.686,"{'m1-1': 2.612, 'm2-1': 1.801, 'm3-1': 4.235, 'm4-1': 0.719}",3.132800000000043,156.82799999999997,inf,158.786,158.786,158.786
467,TT3,BESTEFFORT,COMPLETED,m4-1,154.255,"{'m1-1': 2.157, 'm2-1': 1.563, 'm3-1': 4.262, 'm4-1': 0.806}",1.209,156.84699999999992,157.65299999999993,inf,159.45499999999998,159.45499999999998
468,TT1,BESTEFFORT,COMPLETED,m2-1,154.377,"{'m1-1': 1.891, 'm2-1': 1.65, 'm3-1': 3.848, 'm4-1': 0.706}",4.949999999999999,156.88999999999996,158.53999999999996,inf,159.377,159.377
469,TT2,BESTEFFORT,MISSED,m3-1,154.813,"{'m1-1': 2.623, 'm2-1': 1.94, 'm3-1': 4.508, 'm4-1': 0.821}",7.5149999999999695,155.738,inf,159.91299999999998,159.91299999999998,159.91299999999998
470,TT3,BESTEFFORT,COMPLETED,m4-1,155.434,"{'m1-1': 2.029, 'm2-1': 1.459, 'm3-1': 4.506, 'm4-1': 0.889}",1.3335,157.65299999999993,158.54199999999994,inf,160.634,160.634
471,TT4,BESTEFFORT,MISSED,m1-1,155.909,"{'m1-1': 2.441, 'm2-1': 1.394, 'm3-1': 4.33, 'm4-1': 0.833}",3.3967999999999847,158.786,inf,160.909,160.909,160.909
472,TT4,BESTEFFORT,COMPLETED,m4-1,156.306,"{'m1-1': 2.448, 'm2-1': 1.747, 'm3-1': 4.659, 'm4-1': 0.934}",1.401,158.54199999999994,159.47599999999994,inf,161.306,161.306
473,TT4,BESTEFFORT,COMPLETED,m4-1,157.439,"{'m1-1': 2.247, 'm2-1': 1.514, 'm3-1': 3.895, 'm4-1': 0.789}",1.1835,159.47599999999994,160.26499999999993,inf,162.439,162.439
474,TT4,BESTEFFORT,COMPLETED,m2-1,157.604,"{'m1-1': 2.15, 'm2-1': 1.774, 'm3-1': 3.663, 'm4-1': 1.043}",5.322,158.53999999999996,160.31399999999996,inf,162.604,162.604
475,TT3,BESTEFFORT,COMPLETED,m4-1,158.124,"{'m1-1': 1.991, 'm2-1': 1.575, 'm3-1': 4.876, 'm4-1': 0.884}",1.326,160.26499999999993,161.14899999999992,inf,163.32399999999998,163.32399999999998
476,TT3,BESTEFFORT,COMPLETED,m1-1,158.42,"{'m1-1': 1.869, 'm2-1': 1.666, 'm3-1': 5.655, 'm4-1': 0.736}",2.9904,160.909,162.778,inf,163.61999999999998,163.61999999999998
477,TT1,BESTEFFORT,COMPLETED,m2-1,158.433,"{'m1-1': 2.322, 'm2-1': 1.75, 'm3-1': 3.875, 'm4-1': 0.838}",5.25,160.31399999999996,162.06399999999996,inf,163.433,163.433
478,TT4,BESTEFFORT,CANCELLED,m4-1,158.583,"{'m1-1': 1.754, 'm2-1': 1.534, 'm3-1': 4.341, 'm4-1': 1.007}",0.0,inf,inf,inf,163.583,163.583
479,TT3,BESTEFFORT,COMPLETED,m2-1,158.596,"{'m1-1': 2.122, 'm2-1': 1.642, 'm3-1': 5.468, 'm4-1': 0.96}",4.926,162.06399999999996,163.70599999999996,inf,163.796,163.796
480,TT2,BESTEFFORT,COMPLETED,m4-1,158.602,"{'m1-1': 1.867, 'm2-1': 1.955, 'm3-1': 5.131, 'm4-1': 1.007}",1.5105,161.14899999999992,162.15599999999992,inf,163.702,163.702
481,TT3,BESTEFFORT,MISSED,m3-1,158.694,"{'m1-1': 2.135, 'm2-1': 1.689, 'm3-1': 5.629, 'm4-1': 0.953}",7.16579999999999,159.91299999999998,inf,163.89399999999998,163.89399999999998,163.89399999999998
482,TT2,BESTEFFORT,COMPLETED,m4-1,159.515,"{'m1-1': 1.978, 'm2-1': 1.869, 'm3-1': 3.807, 'm4-1': 0.736}",1.104,162.15599999999992,162.8919999999999,inf,164.61499999999998,164.61499999999998
483,TT1,BESTEFFORT,COMPLETED,m1-1,160.261,"{'m1-1': 2.171, 'm2-1': 1.856, 'm3-1': 4.233, 'm4-1': 0.821}",3.4736,162.778,164.94899999999998,inf,165.261,165.261
484,TT2,BESTEFFORT,COMPLETED,m4-1,160.937,"{'m1-1': 2.04, 'm2-1': 1.718, 'm3-1': 4.813, 'm4-1': 0.996}",1.494,162.8919999999999,163.88799999999992,inf,166.037,166.037
485,TT4,BESTEFFORT,COMPLETED,m2-1,160.945,"{'m1-1': 2.014, 'm2-1': 1.595, 'm3-1': 4.917, 'm4-1': 0.92}",4.785,163.70599999999996,165.30099999999996,inf,165.945,165.945
486,TT2,BESTEFFORT,COMPLETED,m4-1,161.767,"{'m1-1': 2.514, 'm2-1': 1.546, 'm3-1': 4.996, 'm4-1': 0.89}",1.335,163.88799999999992,164.7779999999999,inf,166.867,166.867
487,TT3,BESTEFFORT,COMPLETED,m4-1,162.251,"{'m1-1': 2.398, 'm2-1': 1.79, 'm3-1': 4.471, 'm4-1': 0.849}",1.2734999999999999,164.7779999999999,165.6269999999999,inf,167.451,167.451
488,TT4,BESTEFFORT,COMPLETED,m4-1,163.547,"{'m1-1': 1.734, 'm2-1': 1.864, 'm3-1': 4.289, 'm4-1': 1.039}",1.5585,165.6269999999999,166.66599999999988,inf,168.547,168.547
489,TT2,BESTEFFORT,COMPLETED,m4-1,164.242,"{'m1-1': 2.48, 'm2-1': 1.91, 'm3-1': 5.112, 'm4-1': 0.744}",1.116,166.66599999999988,167.40999999999988,inf,169.34199999999998,169.34199999999998
490,TT3,BESTEFFORT,COMPLETED,m1-1,164.289,"{'m1-1': 1.78, 'm2-1': 1.318, 'm3-1': 5.56, 'm4-1': 0.909}",2.8480000000000003,164.94899999999998,166.72899999999998,inf,169.48899999999998,169.48899999999998
491,TT3,BESTEFFORT,COMPLETED,m4-1,164.938,"{'m1-1': 1.858, 'm2-1': 1.641, 'm3-1': 5.488, 'm4-1': 0.779}",1.1685,167.40999999999988,168.18899999999988,inf,170.13799999999998,170.13799999999998
492,TT4,BESTEFFORT,COMPLETED,m1-1,165.073,"{'m1-1': 2.412, 'm2-1': 1.369, 'm3-1': 3.666, 'm4-1': 1.057}",3.8592,166.72899999999998,169.141,inf,170.073,170.073
493,TT4,BESTEFFORT,COMPLETED,m2-1,165.125,"{'m1-1': 2.297, 'm2-1': 1.87, 'm3-1': 4.87, 'm4-1': 0.826}",5.61,165.30099999999996,167.17099999999996,inf,170.125,170.125
494,TT4,BESTEFFORT,COMPLETED,m2-1,165.176,"{'m1-1': 1.904, 'm2-1': 1.536, 'm3-1': 4.283, 'm4-1': 1.015}",4.6080000000000005,167.17099999999996,168.70699999999997,inf,170.176,170.176
495,TT2,BESTEFFORT,COMPLETED,m4-1,166.259,"{'m1-1': 2.318, 'm2-1': 2.06, 'm3-1': 4.658, 'm4-1': 0.798}",1.197,168.18899999999988,168.98699999999988,inf,171.35899999999998,171.35899999999998
496,TT1,BESTEFFORT,COMPLETED,m4-1,166.772,"{'m1-1': 2.507, 'm2-1': 1.554, 'm3-1': 4.717, 'm4-1': 0.822}",1.2329999999999999,168.98699999999988,169.80899999999988,inf,171.772,171.772
497,TT2,BESTEFFORT,COMPLETED,m1-1,166.822,"{'m1-1': 2.306, 'm2-1': 1.579, 'm3-1': 3.861, 'm4-1': 0.951}",3.6896000000000004,169.141,171.447,inf,171.922,171.922
498,TT1,BESTEFFORT,COMPLETED,m2-1,167.013,"{'m1-1': 2.493, 'm2-1': 1.839, 'm3-1': 4.714, 'm4-1': 0.777}",5.5169999999999995,168.70699999999997,170.54599999999996,inf,172.013,172.013
499,TT3,BESTEFFORT,COMPLETED,m2-1,167.039,"{'m1-1': 2.095, 'm2-1': 1.28, 'm3-1': 5.194, 'm4-1': 0.72}",3.84,170.54599999999996,171.82599999999996,inf,172.23899999999998,172.23899999999998
500,TT3,BESTEFFORT,COMPLETED,m3-1,167.299,"{'m1-1': 2.094, 'm2-1': 1.397, 'm3-1': 4.748, 'm4-1': 1.01}",8.5464,167.299,172.047,inf,172.499,172.499
501,TT3,BESTEFFORT,CANCELLED,m4-1,167.432,"{'m1-1': 2.231, 'm2-1': 1.362, 'm3-1': 5.205, 'm4-1': 0.72}",0.0,inf,inf,inf,172.63199999999998,172.63199999999998
502,TT3,BESTEFFORT,MISSED,m1-1,167.848,"{'m1-1': 1.916, 'm2-1': 1.751, 'm3-1': 4.228, 'm4-1': 0.865}",2.5615999999999985,171.447,inf,173.048,173.048,173.048
503,TT1,BESTEFFORT,CANCELLED,m4-1,168.224,"{'m1-1': 1.993, 'm2-1': 1.949, 'm3-1': 4.431, 'm4-1': 0.678}",0.0,inf,inf,inf,173.224,173.224
504,TT4,BESTEFFORT,CANCELLED,,168.265,"{'m1-1': 1.818, 'm2-1': 1.595, 'm3-1': 4.699, 'm4-1': 0.997}",0.0,inf,inf,inf,173.265,173.265
505,TT2,BESTEFFORT,COMPLETED,m4-1,168.564,"{'m1-1': 2.188, 'm2-1': 1.965, 'm3-1': 4.33, 'm4-1': 0.866}",1.299,169.80899999999988,170.6749999999999,inf,173.664,173.664
506,TT3,BESTEFFORT,COMPLETED,m2-1,168.661,"{'m1-1': 2.389, 'm2-1': 1.431, 'm3-1': 5.56, 'm4-1': 0.91}",4.293,171.82599999999996,173.25699999999998,inf,173.861,173.861
507,TT4,BESTEFFORT,COMPLETED,m4-1,168.8,"{'m1-1': 2.401, 'm2-1': 1.42, 'm3-1': 4.331, 'm4-1': 0.858}",1.287,171.4929999999999,172.3509999999999,inf,173.8,173.8
508,TT1,BESTEFFORT,COMPLETED,m4-1,168.892,"{'m1-1': 2.298, 'm2-1': 1.41, 'm3-1': 4.941, 'm4-1': 0.818}",1.2269999999999999,170.6749999999999,171.4929999999999,inf,173.892,173.892
509,TT1,BESTEFFORT,COMPLETED,m4-1,169.925,"{'m1-1': 1.881, 'm2-1': 1.492, 'm3-1': 4.019, 'm4-1': 0.837}",1.2555,172.3509999999999,173.1879999999999,inf,174.925,174.925
510,TT3,BESTEFFORT,COMPLETED,m1-1,170.252,"{'m1-1': 2.254, 'm2-1': 1.725, 'm3-1': 5.03, 'm4-1': 0.904}",3.6064000000000003,173.048,175.302,inf,175.452,175.452
511,TT4,BESTEFFORT,CANCELLED,m4-1,170.961,"{'m1-1': 2.167, 'm2-1': 1.797, 'm3-1': 5.068, 'm4-1': 1.044}",0.0,inf,inf,inf,175.961,175.961
512,TT4,BESTEFFORT,COMPLETED,m2-1,171.196,"{'m1-1': 2.156, 'm2-1': 1.784, 'm3-1': 3.82, 'm4-1': 0.825}",5.352,173.25699999999998,175.04099999999997,inf,176.196,176.196
513,TT3,BESTEFFORT,MISSED,m3-1,171.211,"{'m1-1': 2.008, 'm2-1': 1.302, 'm3-1': 4.572, 'm4-1': 0.782}",7.855200000000008,172.047,inf,176.411,176.411,176.411
514,TT2,BESTEFFORT,COMPLETED,m4-1,171.461,"{'m1-1': 2.333, 'm2-1': 1.527, 'm3-1': 4.98, 'm4-1': 0.877}",1.3155000000000001,173.1879999999999,174.0649999999999,inf,176.561,176.561
515,TT3,BESTEFFORT,COMPLETED,m4-1,171.815,"{'m1-1': 2.111, 'm2-1': 1.334, 'm3-1': 4.488, 'm4-1': 0.831}",1.2465,174.0649999999999,174.8959999999999,inf,177.015,177.015
516,TT3,BESTEFFORT,COMPLETED,m4-1,173.129,"{'m1-1': 1.759, 'm2-1': 1.393, 'm3-1': 4.269, 'm4-1': 0.8}",1.2000000000000002,174.8959999999999,175.6959999999999,inf,178.32899999999998,178.32899999999998
517,TT3,BESTEFFORT,COMPLETED,m4-1,174.307,"{'m1-1': 2.101, 'm2-1': 1.301, 'm3-1': 5.474, 'm4-1': 0.794}",1.191,175.6959999999999,176.48999999999992,inf,179.50699999999998,179.50699999999998
518,TT3,BESTEFFORT,COMPLETED,m4-1,174.389,"{'m1-1': 2.149, 'm2-1': 1.504, 'm3-1': 5.658, 'm4-1': 0.95}",1.4249999999999998,176.48999999999992,177.4399999999999,inf,179.589,179.589
519,TT4,BESTEFFORT,COMPLETED,m1-1,174.75,"{'m1-1': 1.877, 'm2-1': 1.404, 'm3-1': 3.734, 'm4-1': 0.802}",3.0032,175.302,177.179,inf,179.75,179.75
520,TT4,BESTEFFORT,COMPLETED,m4-1,174.99,"{'m1-1': 2.244, 'm2-1': 1.834, 'm3-1': 3.863, 'm4-1': 0.947}",1.4204999999999999,177.4399999999999,178.38699999999992,inf,179.99,179.99
521,TT2,BESTEFFORT,COMPLETED,m1-1,175.374,"{'m1-1': 2.509, 'm2-1': 1.636, 'm3-1': 4.84, 'm4-1': 0.815}",4.0144,177.179,179.688,inf,180.474,180.474
522,TT2,BESTEFFORT,COMPLETED,m2-1,175.419,"{'m1-1': 2.485, 'm2-1': 1.732, 'm3-1': 4.227, 'm4-1': 0.721}",5.196,175.419,177.151,inf,180.519,180.519
523,TT3,BESTEFFORT,COMPLETED,m4-1,175.827,"{'m1-1': 2.151, 'm2-1': 1.488, 'm3-1': 4.768, 'm4-1': 0.931}",1.3965,178.38699999999992,179.31799999999993,inf,181.027,181.027
524,TT4,BESTEFFORT,COMPLETED,m2-1,175.863,"{'m1-1': 1.899, 'm2-1': 1.864, 'm3-1': 5.138, 'm4-1': 1.019}",5.5920000000000005,177.151,179.01500000000001,inf,180.863,180.863
525,TT2,BESTEFFORT,COMPLETED,m2-1,176.043,"{'m1-1': 2.155, 'm2-1': 1.811, 'm3-1': 3.731, 'm4-1': 0.859}",5.433,179.01500000000001,180.82600000000002,inf,181.143,181.143
526,TT1,BESTEFFORT,COMPLETED,m3-1,176.231,"{'m1-1': 2.603, 'm2-1': 1.815, 'm3-1': 4.454, 'm4-1': 0.822}",8.017199999999999,176.411,180.865,inf,181.231,181.231
527,TT1,BESTEFFORT,CANCELLED,m4-1,176.824,"{'m1-1': 2.59, 'm2-1': 1.544, 'm3-1': 4.516, 'm4-1': 0.754}",0.0,inf,inf,inf,181.824,181.824
528,TT2,BESTEFFORT,MISSED,m1-1,176.892,"{'m1-1': 2.477, 'm2-1': 1.82, 'm3-1': 4.614, 'm4-1': 0.73}",3.6864000000000035,179.688,inf,181.992,181.992,181.992
529,TT1,BESTEFFORT,CANCELLED,m4-1,177.616,"{'m1-1': 2.21, 'm2-1': 1.601, 'm3-1': 3.92, 'm4-1': 0.732}",0.0,inf,inf,inf,182.616,182.616
530,TT2,BESTEFFORT,MISSED,m2-1,177.659,"{'m1-1': 2.361, 'm2-1': 2.071, 'm3-1': 4.229, 'm4-1': 0.988}",5.798999999999893,180.82600000000002,inf,182.759,182.759,182.759
531,TT3,BESTEFFORT,COMPLETED,m4-1,177.814,"{'m1-1': 1.957, 'm2-1': 1.776, 'm3-1': 4.458, 'm4-1': 0.777}",1.1655,180.19999999999993,180.97699999999992,inf,183.01399999999998,183.01399999999998
532,TT3,BESTEFFORT,CANCELLED,m4-1,177.84,"{'m1-1': 2.226, 'm2-1': 1.619, 'm3-1': 5.656, 'm4-1': 0.849}",0.0,inf,inf,inf,183.04,183.04
533,TT3,BESTEFFORT,COMPLETED,m4-1,178.155,"{'m1-1': 1.928, 'm2-1': 1.657, 'm3-1': 4.572, 'm4-1': 0.882}",1.323,179.31799999999993,180.19999999999993,inf,183.355,183.355
534,TT3,BESTEFFORT,MISSED,m1-1,178.277,"{'m1-1': 1.998, 'm2-1': 1.447, 'm3-1': 5.807, 'm4-1': 0.805}",2.3759999999999764,181.992,inf,183.47699999999998,183.47699999999998,183.47699999999998
535,TT2,BESTEFFORT,COMPLETED,m4-1,178.721,"{'m1-1': 2.475, 'm2-1': 1.74, 'm3-1': 3.946, 'm4-1': 0.914}",1.371,180.97699999999992,181.8909999999999,inf,183.821,183.821
536,TT1,BESTEFFORT,COMPLETED,m2-1,179.565,"{'m1-1': 2.07, 'm2-1': 1.542, 'm3-1': 4.508, 'm4-1': 0.845}",4.626,182.759,184.301,inf,184.565,184.565
537,TT3,BESTEFFORT,CANCELLED,,179.801,"{'m1-1': 2.199, 'm2-1': 1.302, 'm3-1': 5.954, 'm4-1': 0.782}",0.0,inf,inf,inf,185.00099999999998,185.00099999999998
538,TT2,BESTEFFORT,COMPLETED,m4-1,180.183,"{'m1-1': 2.268, 'm2-1': 1.677, 'm3-1': 4.706, 'm4-1': 0.818}",1.2269999999999999,181.8909999999999,182.70899999999992,inf,185.283,185.283
539,TT1,BESTEFFORT,COMPLETED,m4-1,180.304,"{'m1-1': 2.082, 'm2-1': 1.698, 'm3-1': 3.69, 'm4-1': 0.854}",1.281,182.70899999999992,183.56299999999993,inf,185.304,185.304
540,TT2,BESTEFFORT,MISSED,m1-1,180.834,"{'m1-1': 2.619, 'm2-1': 1.726, 'm3-1': 3.97, 'm4-1': 1.009}",3.9312000000000356,183.47699999999998,inf,185.934,185.934,185.934
541,TT1,BESTEFFORT,COMPLETED,m4-1,181.12,"{'m1-1': 2.198, 'm2-1': 1.911, 'm3-1': 4.969, 'm4-1': 0.841}",1.2614999999999998,183.56299999999993,184.40399999999994,inf,186.12,186.12
542,TT4,BESTEFFORT,COMPLETED,m2-1,181.547,"{'m1-1': 2.051, 'm2-1': 1.356, 'm3-1': 3.965, 'm4-1': 0.896}",4.0680000000000005,184.301,185.65699999999998,inf,186.547,186.547
543,TT3,BESTEFFORT,CANCELLED,m4-1,182.205,"{'m1-1': 2.017, 'm2-1': 1.739, 'm3-1': 5.853, 'm4-1': 0.919}",0.0,inf,inf,inf,187.405,187.405
544,TT4,BESTEFFORT,COMPLETED,m3-1,182.279,"{'m1-1': 2.413, 'm2-1': 1.878, 'm3-1': 4.827, 'm4-1': 0.979}",8.688600000000001,182.279,187.106,inf,187.279,187.279
545,TT3,BESTEFFORT,COMPLETED,m2-1,182.383,"{'m1-1': 1.834, 'm2-1': 1.652, 'm3-1': 5.622, 'm4-1': 0.848}",4.9559999999999995,185.65699999999998,187.30899999999997,inf,187.583,187.583
546,TT3,BESTEFFORT,CANCELLED,m4-1,182.558,"{'m1-1': 2.335, 'm2-1': 1.462, 'm3-1': 5.068, 'm4-1': 0.968}",0.0,inf,inf,inf,187.75799999999998,187.75799999999998
547,TT2,BESTEFFORT,MISSED,m1-1,183.148,"{'m1-1': 2.364, 'm2-1': 1.795, 'm3-1': 4.283, 'm4-1': 0.988}",3.702399999999989,185.934,inf,188.248,188.248,188.248
548,TT2,BESTEFFORT,COMPLETED,m4-1,183.181,"{'m1-1': 2.277, 'm2-1': 2.143, 'm3-1': 4.117, 'm4-1': 0.877}",1.3155000000000001,184.40399999999994,185.28099999999995,inf,188.281,188.281
549,TT2,BESTEFFORT,COMPLETED,m4-1,183.412,"{'m1-1': 2.494, 'm2-1': 1.804, 'm3-1': 4.235, 'm4-1': 0.923}",1.3845,185.28099999999995,186.20399999999995,inf,188.512,188.512
550,TT3,BESTEFFORT,COMPLETED,m4-1,183.54,"{'m1-1': 2.03, 'm2-1': 1.509, 'm3-1': 5.362, 'm4-1': 0.844}",1.266,186.20399999999995,187.04799999999994,inf,188.73999999999998,188.73999999999998
551,TT1,BESTEFFORT,CANCELLED,,183.632,"{'m1-1': 2.095, 'm2-1': 1.74, 'm3-1': 4.134, 'm4-1': 0.757}",0.0,inf,inf,inf,188.632,188.632
552,TT3,BESTEFFORT,COMPLETED,m2-1,183.763,"{'m1-1': 2.272, 'm2-1': 1.314, 'm3-1': 4.655, 'm4-1': 0.889}",3.942,187.30899999999997,188.62299999999996,inf,188.963,188.963
553,TT3,BESTEFFORT,CANCELLED,,183.994,"{'m1-1': 1.916, 'm2-1': 1.743, 'm3-1': 4.783, 'm4-1': 0.953}",0.0,inf,inf,inf,189.194,189.194
554,TT1,BESTEFFORT,CANCELLED,,184.066,"{'m1-1': 2.427, 'm2-1': 1.762, 'm3-1': 3.673, 'm4-1': 0.675}",0.0,inf,inf,inf,189.066,189.066
555,TT3,BESTEFFORT,CANCELLED,,184.074,"{'m1-1': 2.159, 'm2-1': 1.774, 'm3-1': 4.817, 'm4-1': 0.855}",0.0,inf,inf,inf,189.274,189.274
556,TT2,BESTEFFORT,COMPLETED,m4-1,184.293,"{'m1-1': 2.225, 'm2-1': 2.113, 'm3-1': 4.777, 'm4-1': 0.866}",1.299,187.04799999999994,187.91399999999996,inf,189.393,189.393
557,TT2,BESTEFFORT,CANCELLED,,184.779,"{'m1-1': 2.352, 'm2-1': 1.543, 'm3-1': 5.127, 'm4-1': 0.772}",0.0,inf,inf,inf,189.879,189.879
558,TT1,BESTEFFORT,CANCELLED,,184.961,"{'m1-1': 1.88, 'm2-1': 1.97, 'm3-1': 3.746, 'm4-1': 0.623}",0.0,inf,inf,inf,189.961,189.961
559,TT2,BESTEFFORT,COMPLETED,m4-1,185.166,"{'m1-1': 1.946, 'm2-1': 2.073, 'm3-1': 5.111, 'm4-1': 0.886}",1.329,187.91399999999996,188.79999999999995,inf,190.266,190.266
560,TT3,BESTEFFORT,COMPLETED,m1-1,185.268,"{'m1-1': 2.075, 'm2-1': 1.714, 'm3-1': 5.783, 'm4-1': 0.764}",3.3200000000000003,188.248,190.32299999999998,inf,190.468,190.468
561,TT4,BESTEFFORT,COMPLETED,m2-1,185.429,"{'m1-1': 2.405, 'm2-1': 1.427, 'm3-1': 4.24, 'm4-1': 0.803}",4.281000000000001,188.62299999999996,190.04999999999995,inf,190.429,190.429
562,TT1,BESTEFFORT,COMPLETED,m4-1,185.974,"{'m1-1': 1.921, 'm2-1': 1.774, 'm3-1': 4.857, 'm4-1': 0.86}",1.29,188.79999999999995,189.65999999999997,inf,190.974,190.974
563,TT1,BESTEFFORT,MISSED,m3-1,186.512,"{'m1-1': 2.61, 'm2-1': 1.566, 'm3-1': 4.564, 'm4-1': 0.826}",7.930800000000011,187.106,inf,191.512,191.512,191.512
564,TT4,BESTEFFORT,CANCELLED,m4-1,186.666,"{'m1-1': 2.296, 'm2-1': 1.498, 'm3-1': 4.739, 'm4-1': 0.954}",0.0,inf,inf,inf,191.666,191.666
565,TT1,BESTEFFORT,COMPLETED,m2-1,186.754,"{'m1-1': 2.064, 'm2-1': 1.668, 'm3-1': 4.417, 'm4-1': 0.708}",5.004,190.04999999999995,191.71799999999996,inf,191.754,191.754
566,TT3,BESTEFFORT,MISSED,m1-1,187.201,"{'m1-1': 2.143, 'm2-1': 1.565, 'm3-1': 5.099, 'm4-1': 0.951}",3.324800000000005,190.32299999999998,inf,192.40099999999998,192.40099999999998,192.40099999999998
567,TT1,BESTEFFORT,COMPLETED,m4-1,187.342,"{'m1-1': 2.453, 'm2-1': 1.545, 'm3-1': 4.411, 'm4-1': 0.729}",1.0935,189.65999999999997,190.38899999999998,inf,192.342,192.342
568,TT2,BESTEFFORT,CANCELLED,m4-1,187.838,"{'m1-1': 2.103, 'm2-1': 2.036, 'm3-1': 4.299, 'm4-1': 0.838}",0.0,inf,inf,inf,192.938,192.938
569,TT3,BESTEFFORT,COMPLETED,m2-1,188.556,"{'m1-1': 2.182, 'm2-1': 1.281, 'm3-1': 5.518, 'm4-1': 0.878}",3.843,191.71799999999996,192.99899999999997,inf,193.756,193.756
570,TT1,BESTEFFORT,COMPLETED,m4-1,188.864,"{'m1-1': 1.857, 'm2-1': 1.876, 'm3-1': 4.84, 'm4-1': 0.611}",0.9165,190.38899999999998,190.99999999999997,inf,193.864,193.864
571,TT1,BESTEFFORT,COMPLETED,m4-1,188.907,"{'m1-1': 2.092, 'm2-1': 1.762, 'm3-1': 4.206, 'm4-1': 0.837}",1.2555,190.99999999999997,191.83699999999996,inf,193.907,193.907
572,TT4,BESTEFFORT,CANCELLED,m4-1,189.079,"{'m1-1': 2.219, 'm2-1': 1.794, 'm3-1': 4.094, 'm4-1': 0.979}",0.0,inf,inf,inf,194.079,194.079
573,TT1,BESTEFFORT,COMPLETED,m4-1,189.093,"{'m1-1': 2.022, 'm2-1': 1.763, 'm3-1': 4.045, 'm4-1': 0.836}",1.254,191.83699999999996,192.67299999999997,inf,194.093,194.093
574,TT3,BESTEFFORT,COMPLETED,m1-1,189.709,"{'m1-1': 2.296, 'm2-1': 1.642, 'm3-1': 5.843, 'm4-1': 0.793}",3.6736,192.40099999999998,194.69699999999997,inf,194.909,194.909
575,TT1,BESTEFFORT,COMPLETED,m2-1,189.982,"{'m1-1': 2.131, 'm2-1': 1.891, 'm3-1': 3.897, 'm4-1': 0.76}",5.673,192.99899999999997,194.88999999999996,inf,194.982,194.982
576,TT2,BESTEFFORT,COMPLETED,m4-1,190.418,"{'m1-1': 2.381, 'm2-1': 2.128, 'm3-1': 3.922, 'm4-1': 1.016}",1.524,192.67299999999997,193.68899999999996,inf,195.518,195.518
577,TT3,BESTEFFORT,COMPLETED,m4-1,191.226,"{'m1-1': 2.288, 'm2-1': 1.717, 'm3-1': 4.768, 'm4-1': 0.846}",1.269,193.68899999999996,194.53499999999997,inf,196.426,196.426
578,TT1,BESTEFFORT,COMPLETED,m3-1,191.491,"{'m1-1': 2.103, 'm2-1': 1.743, 'm3-1': 4.492, 'm4-1': 0.809}",8.0856,191.512,196.004,inf,196.491,196.491
579,TT1,BESTEFFORT,COMPLETED,m4-1,191.867,"{'m1-1': 2.461, 'm2-1': 1.478, 'm3-1': 3.756, 'm4-1': 0.836}",1.254,194.53499999999997,195.37099999999998,inf,196.867,196.867
580,TT4,BESTEFFORT,COMPLETED,m1-1,192.107,"{'m1-1': 1.755, 'm2-1': 1.799, 'm3-1': 4.997, 'm4-1': 0.884}",2.808,194.69699999999997,196.45199999999997,inf,197.107,197.107
581,TT1,BESTEFFORT,COMPLETED,m4-1,192.814,"{'m1-1': 1.999, 'm2-1': 1.678, 'm3-1': 4.961, 'm4-1': 0.657}",0.9855,195.37099999999998,196.028,inf,197.814,197.814
582,TT4,BESTEFFORT,COMPLETED,m2-1,192.991,"{'m1-1': 2.235, 'm2-1': 1.358, 'm3-1': 5.001, 'm4-1': 0.859}",4.074,194.88999999999996,196.24799999999996,inf,197.991,197.991
583,TT2,BESTEFFORT,MISSED,m2-1,192.997,"{'m1-1': 1.906, 'm2-1': 1.967, 'm3-1': 4.631, 'm4-1': 1.016}",5.547000000000139,196.24799999999996,inf,198.097,198.097,198.097
584,TT4,BESTEFFORT,CANCELLED,m4-1,193.395,"{'m1-1': 2.296, 'm2-1': 1.413, 'm3-1': 4.211, 'm4-1': 0.843}",0.0,inf,inf,inf,198.395,198.395
585,TT2,BESTEFFORT,COMPLETED,m4-1,193.947,"{'m1-1': 2.526, 'm2-1': 1.532, 'm3-1': 3.984, 'm4-1': 0.93}",1.395,196.028,196.958,inf,199.047,199.047
586,TT4,BESTEFFORT,COMPLETED,m4-1,194.797,"{'m1-1': 2.228, 'm2-1': 1.753, 'm3-1': 4.9, 'm4-1': 0.84}",1.26,196.958,197.798,inf,199.797,199.797
587,TT1,BESTEFFORT,COMPLETED,m1-1,194.949,"{'m1-1': 2.305, 'm2-1': 1.821, 'm3-1': 4.468, 'm4-1': 0.749}",3.6880000000000006,196.45199999999997,198.75699999999998,inf,199.949,199.949
588,TT3,BESTEFFORT,COMPLETED,m4-1,195.478,"{'m1-1': 2.391, 'm2-1': 1.592, 'm3-1': 4.52, 'm4-1': 0.841}",1.2614999999999998,197.798,198.639,inf,200.678,200.678
589,TT2,BESTEFFORT,COMPLETED,m2-1,195.479,"{'m1-1': 2.388, 'm2-1': 2.06, 'm3-1': 4.365, 'm4-1': 0.815}",6.18,198.097,200.157,inf,200.579,200.579
590,TT1,BESTEFFORT,COMPLETED,m4-1,196.297,"{'m1-1': 1.982, 'm2-1': 1.919, 'm3-1': 4.772, 'm4-1': 0.751}",1.1265,198.639,199.39000000000001,inf,201.297,201.297
591,TT4,BESTEFFORT,COMPLETED,m1-1,196.328,"{'m1-1': 1.732, 'm2-1': 1.515, 'm3-1': 5.057, 'm4-1': 0.893}",2.7712000000000003,198.75699999999998,200.48899999999998,inf,201.328,201.328
592,TT4,BESTEFFORT,COMPLETED,m2-1,196.776,"{'m1-1': 2.228, 'm2-1': 1.532, 'm3-1': 3.884, 'm4-1': 1.001}",4.596,200.157,201.68900000000002,inf,201.776,201.776
593,TT4,BESTEFFORT,COMPLETED,m3-1,196.904,"{'m1-1': 2.027, 'm2-1': 1.349, 'm3-1': 4.327, 'm4-1': 1.023}",7.7886,196.904,201.231,inf,201.904,201.904
594,TT1,BESTEFFORT,CANCELLED,m4-1,197.265,"{'m1-1': 2.088, 'm2-1': 1.854, 'm3-1': 4.078, 'm4-1': 0.617}",0.0,inf,inf,inf,202.265,202.265
595,TT4,BESTEFFORT,CANCELLED,m4-1,197.894,"{'m1-1': 2.356, 'm2-1': 1.356, 'm3-1': 3.912, 'm4-1': 0.876}",0.0,inf,inf,inf,202.894,202.894
596,TT2,BESTEFFORT,COMPLETED,m1-1,198.124,"{'m1-1': 2.294, 'm2-1': 2.047, 'm3-1': 3.658, 'm4-1': 0.967}",3.6704000000000003,200.48899999999998,202.783,inf,203.224,203.224
597,TT2,BESTEFFORT,COMPLETED,m4-1,198.423,"{'m1-1': 2.637, 'm2-1': 1.633, 'm3-1': 4.813, 'm4-1': 0.786}",1.179,199.39000000000001,200.17600000000002,inf,203.523,203.523
598,TT2,BESTEFFORT,COMPLETED,m4-1,198.469,"{'m1-1': 2.026, 'm2-1': 1.866, 'm3-1': 4.777, 'm4-1': 0.944}",1.416,200.17600000000002,201.12,inf,203.569,203.569
599,TT3,BESTEFFORT,CANCELLED,m4-1,198.643,"{'m1-1': 2.214, 'm2-1': 1.746, 'm3-1': 5.568, 'm4-1': 0.882}",0.0,inf,inf,inf,203.843,203.843
600,TT2,BESTEFFORT,COMPLETED,m2-1,198.72,"{'m1-1': 2.633, 'm2-1': 1.967, 'm3-1': 4.109, 'm4-1': 0.958}",5.901,201.68900000000002,203.65600000000003,inf,203.82,203.82
601,TT2,BESTEFFORT,COMPLETED,m4-1,199.049,"{'m1-1': 2.027, 'm2-1': 1.694, 'm3-1': 5.05, 'm4-1': 0.762}",1.143,201.12,201.882,inf,204.149,204.149
602,TT2,BESTEFFORT,COMPLETED,m4-1,199.281,"{'m1-1': 2.146, 'm2-1': 1.578, 'm3-1': 4.076, 'm4-1': 0.834}",1.251,201.882,202.716,inf,204.381,204.381
603,TT1,BESTEFFORT,CANCELLED,m4-1,199.771,"{'m1-1': 2.197, 'm2-1': 1.679, 'm3-1': 4.478, 'm4-1': 0.738}",0.0,inf,inf,inf,204.771,204.771
604,TT3,BESTEFFORT,COMPLETED,m1-1,199.979,"{'m1-1': 2.287, 'm2-1': 1.467, 'm3-1': 4.471, 'm4-1': 0.873}",3.6592000000000002,202.783,205.07,inf,205.179,205.179
605,TT2,BESTEFFORT,COMPLETED,m3-1,200.434,"{'m1-1': 2.362, 'm2-1': 1.933, 'm3-1': 4.133, 'm4-1': 0.859}",7.4394,201.231,205.364,inf,205.534,205.534
606,TT1,BESTEFFORT,COMPLETED,m2-1,200.46,"{'m1-1': 1.936, 'm2-1': 1.426, 'm3-1': 4.88, 'm4-1': 0.837}",4.278,203.65600000000003,205.08200000000002,inf,205.46,205.46
607,TT4,BESTEFFORT,CANCELLED,,200.771,"{'m1-1': 2.035, 'm2-1': 1.534, 'm3-1': 4.912, 'm4-1': 0.812}",0.0,inf,inf,inf,205.771,205.771
608,TT4,BESTEFFORT,CANCELLED,,200.859,"{'m1-1': 2.112, 'm2-1': 1.774, 'm3-1': 4.363, 'm4-1': 0.888}",0.0,inf,inf,inf,205.859,205.859
609,TT4,BESTEFFORT,CANCELLED,m4-1,200.919,"{'m1-1': 1.955, 'm2-1': 1.759, 'm3-1': 4.095, 'm4-1': 0.819}",0.0,inf,inf,inf,205.919,205.919
610,TT4,BESTEFFORT,CANCELLED,,201.05,"{'m1-1': 1.986, 'm2-1': 1.498, 'm3-1': 4.875, 'm4-1': 1.009}",0.0,inf,inf,inf,206.05,206.05
611,TT3,BESTEFFORT,COMPLETED,m4-1,201.211,"{'m1-1': 2.107, 'm2-1': 1.671, 'm3-1': 5.792, 'm4-1': 0.869}",1.3035,202.716,203.585,inf,206.411,206.411
612,TT3,BESTEFFORT,MISSED,m1-1,201.869,"{'m1-1': 2.185, 'm2-1': 1.66, 'm3-1': 4.582, 'm4-1': 0.869}",3.1983999999999924,205.07,inf,207.069,207.069,207.069
613,TT3,BESTEFFORT,COMPLETED,m4-1,201.935,"{'m1-1': 2.378, 'm2-1': 1.79, 'm3-1': 5.346, 'm4-1': 0.975}",1.4625,203.585,204.56,inf,207.135,207.135
614,TT1,BESTEFFORT,CANCELLED,,202.026,"{'m1-1': 1.883, 'm2-1': 1.86, 'm3-1': 5.086, 'm4-1': 0.647}",0.0,inf,inf,inf,207.026,207.026
615,TT2,BESTEFFORT,COMPLETED,m2-1,202.159,"{'m1-1': 2.163, 'm2-1': 1.556, 'm3-1': 5.084, 'm4-1': 0.866}",4.668,205.08200000000002,206.63800000000003,inf,207.259,207.259
616,TT2,BESTEFFORT,COMPLETED,m4-1,202.602,"{'m1-1': 1.865, 'm2-1': 1.665, 'm3-1': 4.226, 'm4-1': 0.907}",1.3605,204.56,205.467,inf,207.702,207.702
617,TT3,BESTEFFORT,CANCELLED,m4-1,202.671,"{'m1-1': 2.075, 'm2-1': 1.643, 'm3-1': 5.657, 'm4-1': 0.98}",0.0,inf,inf,inf,207.87099999999998,207.87099999999998
618,TT2,BESTEFFORT,CANCELLED,m4-1,203.769,"{'m1-1': 2.368, 'm2-1': 1.554, 'm3-1': 3.95, 'm4-1': 0.911}",0.0,inf,inf,inf,208.869,208.869
619,TT1,BESTEFFORT,COMPLETED,m2-1,203.907,"{'m1-1': 2.191, 'm2-1': 1.656, 'm3-1': 4.993, 'm4-1': 0.668}",4.968,206.63800000000003,208.29400000000004,inf,208.907,208.907
620,TT1,BESTEFFORT,CANCELLED,,204.048,"{'m1-1': 1.86, 'm2-1': 1.464, 'm3-1': 4.132, 'm4-1': 0.626}",0.0,inf,inf,inf,209.048,209.048
621,TT1,BESTEFFORT,CANCELLED,,204.073,"{'m1-1': 2.119, 'm2-1': 1.482, 'm3-1': 4.945, 'm4-1': 0.643}",0.0,inf,inf,inf,209.073,209.073
622,TT4,BESTEFFORT,COMPLETED,m4-1,204.194,"{'m1-1': 1.808, 'm2-1': 1.805, 'm3-1': 4.467, 'm4-1': 0.983}",1.4745,205.467,206.45000000000002,inf,209.194,209.194
623,TT4,BESTEFFORT,CANCELLED,,204.366,"{'m1-1': 1.882, 'm2-1': 1.531, 'm3-1': 4.898, 'm4-1': 0.983}",0.0,inf,inf,inf,209.366,209.366
624,TT1,BESTEFFORT,COMPLETED,m1-1,204.535,"{'m1-1': 2.375, 'm2-1': 1.911, 'm3-1': 4.666, 'm4-1': 0.652}",3.8000000000000003,207.069,209.444,inf,209.535,209.535
625,TT2,BESTEFFORT,MISSED,m3-1,204.625,"{'m1-1': 2.229, 'm2-1': 1.735, 'm3-1': 4.868, 'm4-1': 0.969}",7.849799999999982,205.364,inf,209.725,209.725,209.725
626,TT4,BESTEFFORT,CANCELLED,,204.781,"{'m1-1': 1.788, 'm2-1': 1.392, 'm3-1': 3.817, 'm4-1': 0.931}",0.0,inf,inf,inf,209.781,209.781
627,TT4,BESTEFFORT,CANCELLED,,204.894,"{'m1-1': 2.434, 'm2-1': 1.364, 'm3-1': 4.164, 'm4-1': 0.919}",0.0,inf,inf,inf,209.894,209.894
628,TT4,BESTEFFORT,COMPLETED,m4-1,205.086,"{'m1-1': 2.156, 'm2-1': 1.347, 'm3-1': 4.4, 'm4-1': 0.935}",1.4025,206.45000000000002,207.38500000000002,inf,210.086,210.086
629,TT4,BESTEFFORT,COMPLETED,m4-1,205.211,"{'m1-1': 2.007, 'm2-1': 1.35, 'm3-1': 5.028, 'm4-1': 0.966}",1.4489999999999998,208.03300000000002,208.99900000000002,inf,210.211,210.211
630,TT1,BESTEFFORT,COMPLETED,m4-1,205.384,"{'m1-1': 2.328, 'm2-1': 1.752, 'm3-1': 3.92, 'm4-1': 0.648}",0.972,207.38500000000002,208.03300000000002,inf,210.384,210.384
631,TT2,BESTEFFORT,COMPLETED,m2-1,205.586,"{'m1-1': 2.231, 'm2-1': 1.633, 'm3-1': 4.572, 'm4-1': 0.91}",4.899,208.29400000000004,209.92700000000005,inf,210.686,210.686
632,TT3,BESTEFFORT,CANCELLED,,205.695,"{'m1-1': 2.011, 'm2-1': 1.633, 'm3-1': 5.728, 'm4-1': 0.784}",0.0,inf,inf,inf,210.89499999999998,210.89499999999998
633,TT4,BESTEFFORT,CANCELLED,,205.754,"{'m1-1': 1.809, 'm2-1': 1.716, 'm3-1': 4.331, 'm4-1': 0.842}",0.0,inf,inf,inf,210.754,210.754
634,TT1,BESTEFFORT,COMPLETED,m4-1,205.81,"{'m1-1': 2.215, 'm2-1': 1.442, 'm3-1': 4.72, 'm4-1': 0.623}",0.9345,208.99900000000002,209.622,inf,210.81,210.81
635,TT1,BESTEFFORT,CANCELLED,,206.048,"{'m1-1': 1.865, 'm2-1': 1.544, 'm3-1': 3.835, 'm4-1': 0.675}",0.0,inf,inf,inf,211.048,211.048
636,TT4,BESTEFFORT,CANCELLED,,206.132,"{'m1-1': 1.878, 'm2-1': 1.641, 'm3-1': 3.814, 'm4-1': 1.017}",0.0,inf,inf,inf,211.132,211.132
637,TT2,BESTEFFORT,COMPLETED,m4-1,207.018,"{'m1-1': 2.155, 'm2-1': 1.626, 'm3-1': 4.356, 'm4-1': 0.881}",1.3215,209.622,210.50300000000001,inf,212.118,212.118
638,TT1,BESTEFFORT,COMPLETED,m1-1,208.004,"{'m1-1': 2.149, 'm2-1': 1.641, 'm3-1': 3.83, 'm4-1': 0.646}",3.4384,209.444,211.593,inf,213.004,213.004
639,TT2,BESTEFFORT,COMPLETED,m4-1,208.078,"{'m1-1': 2.261, 'm2-1': 1.526, 'm3-1': 4.79, 'm4-1': 0.73}",1.095,210.50300000000001,211.233,inf,213.178,213.178
640,TT2,BESTEFFORT,COMPLETED,m4-1,209.002,"{'m1-1': 2.581, 'm2-1': 1.61, 'm3-1': 4.736, 'm4-1': 0.84}",1.26,211.233,212.073,inf,214.102,214.102
641,TT2,BESTEFFORT,COMPLETED,m1-1,209.019,"{'m1-1': 2.007, 'm2-1': 1.888, 'm3-1': 4.729, 'm4-1': 0.809}",3.2112000000000003,211.593,213.6,inf,214.119,214.119
642,TT4,BESTEFFORT,COMPLETED,m4-1,209.697,"{'m1-1': 2.14, 'm2-1': 1.849, 'm3-1': 4.784, 'm4-1': 1.063}",1.5945,212.073,213.136,inf,214.697,214.697
643,TT3,BESTEFFORT,COMPLETED,m2-1,209.733,"{'m1-1': 2.322, 'm2-1': 1.428, 'm3-1': 4.674, 'm4-1': 0.844}",4.284,209.92700000000005,211.35500000000005,inf,214.933,214.933
644,TT4,BESTEFFORT,COMPLETED,m2-1,210.017,"{'m1-1': 1.978, 'm2-1': 1.783, 'm3-1': 4.5, 'm4-1': 1.003}",5.349,211.35500000000005,213.13800000000003,inf,215.017,215.017
645,TT1,BESTEFFORT,COMPLETED,m4-1,210.624,"{'m1-1': 2.517, 'm2-1': 1.879, 'm3-1': 4.047, 'm4-1': 0.813}",1.2195,213.136,213.94899999999998,inf,215.624,215.624
646,TT1,BESTEFFORT,COMPLETED,m2-1,210.901,"{'m1-1': 2.413, 'm2-1': 1.696, 'm3-1': 4.373, 'm4-1': 0.786}",5.088,213.13800000000003,214.83400000000003,inf,215.901,215.901
647,TT2,BESTEFFORT,CANCELLED,m4-1,211.548,"{'m1-1': 2.384, 'm2-1': 1.57, 'm3-1': 4.993, 'm4-1': 0.732}",0.0,inf,inf,inf,216.648,216.648
648,TT1,BESTEFFORT,COMPLETED,m1-1,211.885,"{'m1-1': 2.309, 'm2-1': 1.685, 'm3-1': 5.003, 'm4-1': 0.703}",3.6944000000000004,213.6,215.909,inf,216.885,216.885
649,TT2,BESTEFFORT,CANCELLED,m4-1,212.337,"{'m1-1': 2.556, 'm2-1': 1.718, 'm3-1': 4.987, 'm4-1': 0.843}",0.0,inf,inf,inf,217.43699999999998,217.43699999999998
650,TT4,BESTEFFORT,COMPLETED,m2-1,212.529,"{'m1-1': 2.412, 'm2-1': 1.775, 'm3-1': 4.057, 'm4-1': 0.828}",5.324999999999999,214.83400000000003,216.60900000000004,inf,217.529,217.529
651,TT1,BESTEFFORT,MISSED,m2-1,212.652,"{'m1-1': 2.581, 'm2-1': 1.873, 'm3-1': 4.887, 'm4-1': 0.799}",3.1289999999998486,216.60900000000004,inf,217.652,217.652,217.652
652,TT2,BESTEFFORT,MISSED,m3-1,212.864,"{'m1-1': 2.102, 'm2-1': 2.142, 'm3-1': 5.127, 'm4-1': 0.796}",9.17999999999999,212.864,inf,217.964,217.964,217.964
653,TT1,BESTEFFORT,COMPLETED,m4-1,212.97,"{'m1-1': 2.098, 'm2-1': 1.744, 'm3-1': 3.691, 'm4-1': 0.717}",1.0755,213.94899999999998,214.666,inf,217.97,217.97
654,TT4,BESTEFFORT,COMPLETED,m4-1,213.284,"{'m1-1': 2.388, 'm2-1': 1.462, 'm3-1': 4.68, 'm4-1': 1.054}",1.581,214.666,215.72,inf,218.284,218.284
655,TT2,BESTEFFORT,COMPLETED,m1-1,213.686,"{'m1-1': 2.19, 'm2-1': 1.544, 'm3-1': 4.585, 'm4-1': 0.842}",3.504,215.909,218.099,inf,218.786,218.786
656,TT1,BESTEFFORT,COMPLETED,m4-1,213.709,"{'m1-1': 2.52, 'm2-1': 1.931, 'm3-1': 4.472, 'm4-1': 0.691}",1.0365,215.72,216.411,inf,218.709,218.709
657,TT4,BESTEFFORT,CANCELLED,,213.711,"{'m1-1': 2.228, 'm2-1': 1.562, 'm3-1': 4.636, 'm4-1': 0.884}",0.0,inf,inf,inf,218.711,218.711
658,TT4,BESTEFFORT,CANCELLED,,213.889,"{'m1-1': 1.899, 'm2-1': 1.759, 'm3-1': 4.258, 'm4-1': 0.837}",0.0,inf,inf,inf,218.889,218.889
659,TT1,BESTEFFORT,COMPLETED,m4-1,213.91,"{'m1-1': 2.193, 'm2-1': 1.735, 'm3-1': 4.322, 'm4-1': 0.678}",1.0170000000000001,216.411,217.089,inf,218.91,218.91
660,TT1,BESTEFFORT,MISSED,m2-1,214.382,"{'m1-1': 1.91, 'm2-1': 1.882, 'm3-1': 4.472, 'm4-1': 0.811}",5.190000000000055,217.652,inf,219.382,219.382,219.382
661,TT3,BESTEFFORT,CANCELLED,m4-1,214.594,"{'m1-1': 1.993, 'm2-1': 1.552, 'm3-1': 5.212, 'm4-1': 0.832}",0.0,inf,inf,inf,219.79399999999998,219.79399999999998
662,TT2,BESTEFFORT,COMPLETED,m4-1,214.919,"{'m1-1': 2.155, 'm2-1': 1.91, 'm3-1': 3.85, 'm4-1': 0.908}",1.362,218.132,219.04,inf,220.019,220.019
663,TT4,BESTEFFORT,COMPLETED,m4-1,214.966,"{'m1-1': 2.19, 'm2-1': 1.859, 'm3-1': 4.018, 'm4-1': 1.043}",1.5644999999999998,217.089,218.132,inf,219.966,219.966
664,TT3,BESTEFFORT,MISSED,m1-1,214.985,"{'m1-1': 2.378, 'm2-1': 1.513, 'm3-1': 4.744, 'm4-1': 0.988}",3.3376000000000206,218.099,inf,220.185,220.185,220.185
665,TT3,BESTEFFORT,COMPLETED,m2-1,215.777,"{'m1-1': 2.248, 'm2-1': 1.55, 'm3-1': 5.909, 'm4-1': 0.789}",4.65,219.382,220.93200000000002,inf,220.97699999999998,220.97699999999998
666,TT3,BESTEFFORT,COMPLETED,m4-1,217.017,"{'m1-1': 1.979, 'm2-1': 1.269, 'm3-1': 4.943, 'm4-1': 0.726}",1.089,219.04,219.766,inf,222.21699999999998,222.21699999999998
667,TT3,BESTEFFORT,COMPLETED,m4-1,217.244,"{'m1-1': 1.718, 'm2-1': 1.768, 'm3-1': 4.614, 'm4-1': 0.815}",1.2225,219.766,220.581,inf,222.444,222.444
668,TT1,BESTEFFORT,MISSED,m1-1,217.262,"{'m1-1': 2.228, 'm2-1': 1.87, 'm3-1': 4.366, 'm4-1': 0.742}",3.3231999999999973,220.185,inf,222.262,222.262,222.262
669,TT3,BESTEFFORT,COMPLETED,m2-1,217.467,"{'m1-1': 2.278, 'm2-1': 1.438, 'm3-1': 5.826, 'm4-1': 0.719}",4.314,220.93200000000002,222.37,inf,222.667,222.667
670,TT3,BESTEFFORT,COMPLETED,m4-1,218.369,"{'m1-1': 2.01, 'm2-1': 1.692, 'm3-1': 5.396, 'm4-1': 0.954}",1.431,220.581,221.535,inf,223.569,223.569
671,TT1,BESTEFFORT,COMPLETED,m3-1,218.384,"{'m1-1': 2.387, 'm2-1': 1.479, 'm3-1': 4.45, 'm4-1': 0.821}",8.01,218.384,222.83399999999997,inf,223.384,223.384
672,TT3,BESTEFFORT,COMPLETED,m4-1,218.392,"{'m1-1': 2.253, 'm2-1': 1.698, 'm3-1': 5.468, 'm4-1': 0.801}",1.2015,221.535,222.33599999999998,inf,223.59199999999998,223.59199999999998
673,TT2,BESTEFFORT,COMPLETED,m4-1,220.79,"{'m1-1': 2.093, 'm2-1': 1.882, 'm3-1': 4.7, 'm4-1': 0.921}",1.3815,222.33599999999998,223.25699999999998,inf,225.89,225.89
674,TT3,BESTEFFORT,COMPLETED,m4-1,221.343,"{'m1-1': 2.292, 'm2-1': 1.363, 'm3-1': 5.589, 'm4-1': 0.734}",1.101,223.25699999999998,223.99099999999999,inf,226.54299999999998,226.54299999999998
675,TT1,BESTEFFORT,COMPLETED,m1-1,221.506,"{'m1-1': 2.056, 'm2-1': 1.501, 'm3-1': 3.733, 'm4-1': 0.637}",3.2896,222.262,224.318,inf,226.506,226.506
676,TT1,BESTEFFORT,COMPLETED,m4-1,221.888,"{'m1-1': 1.856, 'm2-1': 1.803, 'm3-1': 4.366, 'm4-1': 0.638}",0.9570000000000001,223.99099999999999,224.629,inf,226.888,226.888
677,TT4,BESTEFFORT,COMPLETED,m4-1,223.095,"{'m1-1': 2.242, 'm2-1': 1.418, 'm3-1': 3.663, 'm4-1': 1.066}",1.5990000000000002,224.629,225.695,inf,228.095,228.095
678,TT2,BESTEFFORT,COMPLETED,m4-1,223.629,"{'m1-1': 2.225, 'm2-1': 1.746, 'm3-1': 4.934, 'm4-1': 0.912}",1.368,225.695,226.607,inf,228.72899999999998,228.72899999999998
679,TT3,BESTEFFORT,COMPLETED,m4-1,224.529,"{'m1-1': 1.979, 'm2-1': 1.403, 'm3-1': 5.577, 'm4-1': 0.746}",1.119,226.607,227.353,inf,229.72899999999998,229.72899999999998
680,TT3,BESTEFFORT,COMPLETED,m4-1,224.667,"{'m1-1': 1.807, 'm2-1': 1.319, 'm3-1': 5.836, 'm4-1': 0.874}",1.311,227.353,228.227,inf,229.867,229.867
681,TT1,BESTEFFORT,COMPLETED,m1-1,224.944,"{'m1-1': 2.321, 'm2-1': 1.755, 'm3-1': 4.79, 'm4-1': 0.691}",3.7136000000000005,224.944,227.265,inf,229.944,229.944
682,TT4,BESTEFFORT,COMPLETED,m1-1,225.251,"{'m1-1': 2.418, 'm2-1': 1.363, 'm3-1': 4.452, 'm4-1': 0.766}",3.8688000000000002,227.265,229.683,inf,230.251,230.251
683,TT3,BESTEFFORT,COMPLETED,m2-1,225.304,"{'m1-1': 2.361, 'm2-1': 1.758, 'm3-1': 5.843, 'm4-1': 0.913}",5.274,225.304,227.062,inf,230.504,230.504
684,TT4,BESTEFFORT,COMPLETED,m4-1,225.759,"{'m1-1': 2.032, 'm2-1': 1.415, 'm3-1': 4.851, 'm4-1': 0.768}",1.1520000000000001,228.227,228.995,inf,230.759,230.759
685,TT2,BESTEFFORT,COMPLETED,m4-1,226.634,"{'m1-1': 2.577, 'm2-1': 1.913, 'm3-1': 4.504, 'm4-1': 0.913}",1.3695,228.995,229.90800000000002,inf,231.73399999999998,231.73399999999998
686,TT2,BESTEFFORT,MISSED,m1-1,226.885,"{'m1-1': 2.475, 'm2-1': 1.933, 'm3-1': 3.703, 'm4-1': 1.016}",3.6831999999999883,229.683,inf,231.98499999999999,231.98499999999999,231.98499999999999
687,TT1,BESTEFFORT,COMPLETED,m4-1,227.363,"{'m1-1': 2.006, 'm2-1': 1.569, 'm3-1': 3.626, 'm4-1': 0.842}",1.263,229.90800000000002,230.75000000000003,inf,232.363,232.363
688,TT3,BESTEFFORT,COMPLETED,m2-1,227.393,"{'m1-1': 2.287, 'm2-1': 1.631, 'm3-1': 5.41, 'm4-1': 0.785}",4.893,227.393,229.024,inf,232.593,232.593
689,TT2,BESTEFFORT,COMPLETED,m2-1,227.658,"{'m1-1': 2.252, 'm2-1': 1.902, 'm3-1': 4.535, 'm4-1': 0.777}",5.7059999999999995,229.024,230.926,inf,232.75799999999998,232.75799999999998
690,TT2,BESTEFFORT,COMPLETED,m4-1,228.256,"{'m1-1': 2.099, 'm2-1': 1.537, 'm3-1': 3.647, 'm4-1': 1.012}",1.518,230.75000000000003,231.76200000000003,inf,233.356,233.356
691,TT3,BESTEFFORT,COMPLETED,m2-1,228.392,"{'m1-1': 2.255, 'm2-1': 1.481, 'm3-1': 4.712, 'm4-1': 0.916}",4.4430000000000005,230.926,232.40699999999998,inf,233.59199999999998,233.59199999999998
692,TT2,BESTEFFORT,COMPLETED,m1-1,228.971,"{'m1-1': 1.932, 'm2-1': 1.917, 'm3-1': 5.052, 'm4-1': 0.871}",3.0912,231.98499999999999,233.91699999999997,inf,234.071,234.071
693,TT2,BESTEFFORT,COMPLETED,m4-1,229.123,"{'m1-1': 2.342, 'm2-1': 2.005, 'm3-1': 4.83, 'm4-1': 0.863}",1.2945,231.76200000000003,232.62500000000003,inf,234.22299999999998,234.22299999999998
694,TT1,BESTEFFORT,COMPLETED,m2-1,229.503,"{'m1-1': 2.493, 'm2-1': 1.917, 'm3-1': 4.28, 'm4-1': 0.623}",5.751,232.40699999999998,234.32399999999998,inf,234.503,234.503
695,TT2,BESTEFFORT,COMPLETED,m3-1,229.838,"{'m1-1': 1.918, 'm2-1': 1.547, 'm3-1': 4.477, 'm4-1': 0.814}",8.0586,229.838,234.315,inf,234.938,234.938
696,TT3,BESTEFFORT,COMPLETED,m4-1,229.888,"{'m1-1': 1.99, 'm2-1': 1.335, 'm3-1': 5.127, 'm4-1': 0.897}",1.3455,232.62500000000003,233.52200000000002,inf,235.088,235.088
697,TT3,BESTEFFORT,MISSED,m2-1,230.125,"{'m1-1': 1.782, 'm2-1': 1.748, 'm3-1': 4.326, 'm4-1': 0.809}",3.0030000000000143,234.32399999999998,inf,235.325,235.325,235.325
698,TT2,BESTEFFORT,COMPLETED,m4-1,230.909,"{'m1-1': 2.121, 'm2-1': 1.543, 'm3-1': 4.93, 'm4-1': 0.807}",1.2105000000000001,233.52200000000002,234.329,inf,236.009,236.009
699,TT4,BESTEFFORT,MISSED,m1-1,230.945,"{'m1-1': 2.322, 'm2-1': 1.745, 'm3-1': 4.003, 'm4-1': 0.8}",3.244800000000032,233.91699999999997,inf,235.945,235.945,235.945
700,TT3,BESTEFFORT,COMPLETED,m4-1,231.1,"{'m1-1': 2.271, 'm2-1': 1.588, 'm3-1': 5.464, 'm4-1': 0.727}",1.0905,234.329,235.056,inf,236.29999999999998,236.29999999999998
701,TT1,BESTEFFORT,CANCELLED,,231.688,"{'m1-1': 1.885, 'm2-1': 1.644, 'm3-1': 3.91, 'm4-1': 0.702}",0.0,inf,inf,inf,236.688,236.688
702,TT1,BESTEFFORT,COMPLETED,m4-1,231.766,"{'m1-1': 2.272, 'm2-1': 1.927, 'm3-1': 4.134, 'm4-1': 0.84}",1.26,235.056,235.89600000000002,inf,236.766,236.766
703,TT2,BESTEFFORT,MISSED,m1-1,233.439,"{'m1-1': 2.605, 'm2-1': 1.912, 'm3-1': 4.943, 'm4-1': 0.972}",4.1503999999999905,235.945,inf,238.539,238.539,238.539
704,TT1,BESTEFFORT,COMPLETED,m4-1,233.903,"{'m1-1': 2.252, 'm2-1': 1.728, 'm3-1': 3.912, 'm4-1': 0.618}",0.927,235.89600000000002,236.514,inf,238.903,238.903
705,TT2,BESTEFFORT,COMPLETED,m4-1,234.484,"{'m1-1': 1.898, 'm2-1': 1.612, 'm3-1': 4.044, 'm4-1': 0.775}",1.1625,236.514,237.28900000000002,inf,239.584,239.584
706,TT4,BESTEFFORT,COMPLETED,m2-1,234.735,"{'m1-1': 1.975, 'm2-1': 1.867, 'm3-1': 4.995, 'm4-1': 0.856}",5.601,235.325,237.19199999999998,inf,239.735,239.735
707,TT3,BESTEFFORT,COMPLETED,m2-1,234.956,"{'m1-1': 2.147, 'm2-1': 1.676, 'm3-1': 4.442, 'm4-1': 0.782}",5.028,237.19199999999998,238.86799999999997,inf,240.15599999999998,240.15599999999998
708,TT2,BESTEFFORT,COMPLETED,m4-1,235.514,"{'m1-1': 2.566, 'm2-1': 1.953, 'm3-1': 4.304, 'm4-1': 0.74}",1.1099999999999999,237.28900000000002,238.02900000000002,inf,240.614,240.614
709,TT3,BESTEFFORT,MISSED,m1-1,235.57,"{'m1-1': 2.357, 'm2-1': 1.334, 'm3-1': 4.591, 'm4-1': 0.744}",3.5695999999999914,238.539,inf,240.76999999999998,240.76999999999998,240.76999999999998
710,TT4,BESTEFFORT,COMPLETED,m4-1,236.251,"{'m1-1': 2.277, 'm2-1': 1.776, 'm3-1': 4.175, 'm4-1': 0.825}",1.2374999999999998,238.02900000000002,238.854,inf,241.251,241.251
711,TT1,BESTEFFORT,COMPLETED,m2-1,236.511,"{'m1-1': 2.414, 'm2-1': 1.498, 'm3-1': 4.741, 'm4-1': 0.73}",4.494,238.86799999999997,240.36599999999996,inf,241.511,241.511
712,TT2,BESTEFFORT,CANCELLED,m4-1,236.558,"{'m1-1': 2.582, 'm2-1': 1.609, 'm3-1': 4.599, 'm4-1': 0.98}",0.0,inf,inf,inf,241.658,241.658
713,TT1,BESTEFFORT,MISSED,m1-1,237.155,"{'m1-1': 1.925, 'm2-1': 1.742, 'm3-1': 4.43, 'm4-1': 0.623}",2.216000000000031,240.76999999999998,inf,242.155,242.155,242.155
714,TT4,BESTEFFORT,COMPLETED,m4-1,237.43,"{'m1-1': 2.03, 'm2-1': 1.851, 'm3-1': 4.827, 'm4-1': 0.964}",1.446,238.854,239.818,inf,242.43,242.43
715,TT4,BESTEFFORT,COMPLETED,m2-1,237.667,"{'m1-1': 2.219, 'm2-1': 1.662, 'm3-1': 4.377, 'm4-1': 0.935}",4.986,240.36599999999996,242.02799999999996,inf,242.667,242.667
716,TT4,BESTEFFORT,COMPLETED,m4-1,237.83,"{'m1-1': 2.338, 'm2-1': 1.375, 'm3-1': 3.918, 'm4-1': 0.762}",1.143,239.818,240.58,inf,242.83,242.83
717,TT4,BESTEFFORT,COMPLETED,m4-1,238.467,"{'m1-1': 1.819, 'm2-1': 1.722, 'm3-1': 4.875, 'm4-1': 0.762}",1.143,240.58,241.342,inf,243.467,243.467
718,TT2,BESTEFFORT,COMPLETED,m4-1,238.913,"{'m1-1': 2.278, 'm2-1': 1.787, 'm3-1': 4.803, 'm4-1': 0.915}",1.3725,241.342,242.257,inf,244.013,244.013
719,TT1,BESTEFFORT,COMPLETED,m3-1,239.089,"{'m1-1': 2.558, 'm2-1': 1.728, 'm3-1': 3.997, 'm4-1': 0.775}",7.1946,239.089,243.086,inf,244.089,244.089
720,TT3,BESTEFFORT,COMPLETED,m2-1,239.778,"{'m1-1': 1.923, 'm2-1': 1.529, 'm3-1': 5.251, 'm4-1': 0.887}",4.587,242.02799999999996,243.55699999999996,inf,244.97799999999998,244.97799999999998
721,TT2,BESTEFFORT,COMPLETED,m4-1,240.808,"{'m1-1': 2.118, 'm2-1': 2.132, 'm3-1': 4.729, 'm4-1': 0.928}",1.3920000000000001,242.257,243.185,inf,245.908,245.908
722,TT4,BESTEFFORT,COMPLETED,m4-1,241.05,"{'m1-1': 2.032, 'm2-1': 1.75, 'm3-1': 3.965, 'm4-1': 0.896}",1.344,243.185,244.081,inf,246.05,246.05
723,TT1,BESTEFFORT,COMPLETED,m1-1,241.165,"{'m1-1': 2.388, 'm2-1': 1.702, 'm3-1': 4.858, 'm4-1': 0.742}",3.8208,242.155,244.543,inf,246.165,246.165
724,TT4,BESTEFFORT,COMPLETED,m4-1,241.465,"{'m1-1': 1.893, 'm2-1': 1.541, 'm3-1': 4.616, 'm4-1': 0.938}",1.407,244.081,245.01899999999998,inf,246.465,246.465
725,TT1,BESTEFFORT,COMPLETED,m1-1,242.027,"{'m1-1': 1.921, 'm2-1': 1.462, 'm3-1': 3.863, 'm4-1': 0.661}",3.0736000000000003,244.543,246.464,inf,247.027,247.027
726,TT4,BESTEFFORT,COMPLETED,m4-1,242.325,"{'m1-1': 1.909, 'm2-1': 1.608, 'm3-1': 4.389, 'm4-1': 0.777}",1.1655,245.01899999999998,245.79599999999996,inf,247.325,247.325
727,TT2,BESTEFFORT,COMPLETED,m2-1,242.329,"{'m1-1': 2.285, 'm2-1': 1.991, 'm3-1': 5.097, 'm4-1': 0.947}",5.973000000000001,243.55699999999996,245.54799999999997,inf,247.429,247.429
728,TT1,BESTEFFORT,COMPLETED,m2-1,242.482,"{'m1-1': 2.251, 'm2-1': 1.674, 'm3-1': 4.725, 'm4-1': 0.664}",5.022,245.54799999999997,247.22199999999998,inf,247.482,247.482
729,TT2,BESTEFFORT,COMPLETED,m3-1,242.52,"{'m1-1': 2.021, 'm2-1': 1.617, 'm3-1': 4.191, 'm4-1': 0.73}",7.5438,243.086,247.27700000000002,inf,247.62,247.62
730,TT4,BESTEFFORT,COMPLETED,m4-1,243.67,"{'m1-1': 1.768, 'm2-1': 1.772, 'm3-1': 3.721, 'm4-1': 1.02}",1.53,245.79599999999996,246.81599999999997,inf,248.67,248.67
731,TT1,BESTEFFORT,COMPLETED,m4-1,243.673,"{'m1-1': 2.395, 'm2-1': 1.516, 'm3-1': 4.003, 'm4-1': 0.803}",1.2045000000000001,246.81599999999997,247.61899999999997,inf,248.673,248.673
732,TT3,BESTEFFORT,COMPLETED,m1-1,243.882,"{'m1-1': 1.934, 'm2-1': 1.583, 'm3-1': 4.578, 'm4-1': 0.813}",3.0944000000000003,246.464,248.398,inf,249.082,249.082
733,TT1,BESTEFFORT,COMPLETED,m2-1,244.939,"{'m1-1': 2.467, 'm2-1': 1.531, 'm3-1': 3.878, 'm4-1': 0.702}",4.593,247.22199999999998,248.753,inf,249.939,249.939
734,TT4,BESTEFFORT,COMPLETED,m4-1,245.019,"{'m1-1': 1.968, 'm2-1': 1.797, 'm3-1': 3.858, 'm4-1': 0.972}",1.458,247.61899999999997,248.59099999999998,inf,250.019,250.019
735,TT3,BESTEFFORT,COMPLETED,m4-1,245.964,"{'m1-1': 2.333, 'm2-1': 1.675, 'm3-1': 4.865, 'm4-1': 0.748}",1.1219999999999999,248.59099999999998,249.33899999999997,inf,251.164,251.164
736,TT3,BESTEFFORT,COMPLETED,m1-1,246.289,"{'m1-1': 2.435, 'm2-1': 1.589, 'm3-1': 4.806, 'm4-1': 0.883}",3.8960000000000004,248.398,250.833,inf,251.48899999999998,251.48899999999998
737,TT2,BESTEFFORT,CANCELLED,m4-1,246.902,"{'m1-1': 1.994, 'm2-1': 2.057, 'm3-1': 4.675, 'm4-1': 0.926}",0.0,inf,inf,inf,252.00199999999998,252.00199999999998
738,TT4,BESTEFFORT,COMPLETED,m2-1,247.004,"{'m1-1': 2.048, 'm2-1': 1.833, 'm3-1': 3.859, 'm4-1': 0.837}",5.499,248.753,250.58599999999998,inf,252.004,252.004
739,TT3,BESTEFFORT,MISSED,m3-1,247.17,"{'m1-1': 2.313, 'm2-1': 1.548, 'm3-1': 5.815, 'm4-1': 0.79}",9.16739999999993,247.27700000000002,inf,252.36999999999998,252.36999999999998,252.36999999999998
740,TT4,BESTEFFORT,COMPLETED,m4-1,247.184,"{'m1-1': 2.434, 'm2-1': 1.701, 'm3-1': 4.973, 'm4-1': 1.023}",1.5345,249.33899999999997,250.36199999999997,inf,252.184,252.184
741,TT4,BESTEFFORT,MISSED,m1-1,247.406,"{'m1-1': 2.25, 'm2-1': 1.65, 'm3-1': 4.268, 'm4-1': 0.969}",2.5168000000000124,250.833,inf,252.406,252.406,252.406
742,TT4,BESTEFFORT,COMPLETED,m4-1,247.858,"{'m1-1': 1.807, 'm2-1': 1.867, 'm3-1': 3.898, 'm4-1': 0.907}",1.3605,250.36199999999997,251.26899999999998,inf,252.858,252.858
743,TT2,BESTEFFORT,COMPLETED,m2-1,248.304,"{'m1-1': 2.172, 'm2-1': 1.785, 'm3-1': 4.982, 'm4-1': 0.891}",5.3549999999999995,250.58599999999998,252.37099999999998,inf,253.404,253.404
744,TT4,BESTEFFORT,CANCELLED,,248.381,"{'m1-1': 1.779, 'm2-1': 1.409, 'm3-1': 4.253, 'm4-1': 0.927}",0.0,inf,inf,inf,253.381,253.381
745,TT4,BESTEFFORT,CANCELLED,,248.402,"{'m1-1': 2.228, 'm2-1': 1.766, 'm3-1': 4.639, 'm4-1': 0.997}",0.0,inf,inf,inf,253.402,253.402
746,TT3,BESTEFFORT,COMPLETED,m4-1,248.515,"{'m1-1': 2.013, 'm2-1': 1.364, 'm3-1': 4.972, 'm4-1': 0.945}",1.4175,251.26899999999998,252.21399999999997,inf,253.71499999999997,253.71499999999997
747,TT1,BESTEFFORT,CANCELLED,m4-1,248.995,"{'m1-1': 1.972, 'm2-1': 1.793, 'm3-1': 3.773, 'm4-1': 0.817}",0.0,inf,inf,inf,253.995,253.995
748,TT2,BESTEFFORT,COMPLETED,m4-1,249.454,"{'m1-1': 1.94, 'm2-1': 1.7, 'm3-1': 4.365, 'm4-1': 0.928}",1.3920000000000001,252.21399999999997,253.14199999999997,inf,254.554,254.554
749,TT1,BESTEFFORT,COMPLETED,m1-1,250.013,"{'m1-1': 1.999, 'm2-1': 1.499, 'm3-1': 4.165, 'm4-1': 0.773}",3.1984000000000004,252.406,254.405,inf,255.013,255.013
750,TT3,BESTEFFORT,COMPLETED,m2-1,250.117,"{'m1-1': 2.073, 'm2-1': 1.53, 'm3-1': 4.758, 'm4-1': 0.857}",4.59,252.37099999999998,253.90099999999998,inf,255.31699999999998,255.31699999999998
751,TT4,BESTEFFORT,COMPLETED,m2-1,251.221,"{'m1-1': 2.254, 'm2-1': 1.753, 'm3-1': 4.4, 'm4-1': 0.931}",5.2589999999999995,253.90099999999998,255.65399999999997,inf,256.221,256.221
752,TT4,BESTEFFORT,COMPLETED,m4-1,251.399,"{'m1-1': 2.18, 'm2-1': 1.515, 'm3-1': 4.989, 'm4-1': 0.769}",1.1535,253.14199999999997,253.91099999999997,inf,256.399,256.399
753,TT2,BESTEFFORT,MISSED,m3-1,251.43,"{'m1-1': 2.412, 'm2-1': 2.098, 'm3-1': 4.841, 'm4-1': 0.995}",7.488000000000096,252.36999999999998,inf,256.53000000000003,256.53000000000003,256.53000000000003
754,TT1,BESTEFFORT,CANCELLED,,251.505,"{'m1-1': 1.948, 'm2-1': 1.674, 'm3-1': 4.076, 'm4-1': 0.672}",0.0,inf,inf,inf,256.505,256.505
755,TT3,BESTEFFORT,COMPLETED,m4-1,251.806,"{'m1-1': 2.103, 'm2-1': 1.549, 'm3-1': 5.495, 'm4-1': 0.856}",1.284,253.91099999999997,254.76699999999997,inf,257.00600000000003,257.00600000000003
756,TT1,BESTEFFORT,CANCELLED,m4-1,252.055,"{'m1-1': 1.954, 'm2-1': 1.516, 'm3-1': 4.86, 'm4-1': 0.788}",0.0,inf,inf,inf,257.055,257.055
757,TT3,BESTEFFORT,COMPLETED,m1-1,252.096,"{'m1-1': 2.041, 'm2-1': 1.588, 'm3-1': 4.662, 'm4-1': 0.908}",3.2656,254.405,256.446,inf,257.296,257.296
758,TT2,BESTEFFORT,MISSED,m2-1,252.514,"{'m1-1': 1.956, 'm2-1': 2.105, 'm3-1': 4.112, 'm4-1': 0.839}",5.880000000000194,255.65399999999997,inf,257.61400000000003,257.61400000000003,257.61400000000003
759,TT3,BESTEFFORT,COMPLETED,m4-1,253.019,"{'m1-1': 2.331, 'm2-1': 1.419, 'm3-1': 5.92, 'm4-1': 0.727}",1.0905,254.76699999999997,255.49399999999997,inf,258.219,258.219
760,TT1,BESTEFFORT,COMPLETED,m4-1,253.197,"{'m1-1': 2.013, 'm2-1': 1.838, 'm3-1': 4.833, 'm4-1': 0.65}",0.9750000000000001,255.49399999999997,256.14399999999995,inf,258.197,258.197
761,TT1,BESTEFFORT,CANCELLED,,253.317,"{'m1-1': 2.193, 'm2-1': 1.555, 'm3-1': 4.717, 'm4-1': 0.783}",0.0,inf,inf,inf,258.317,258.317
762,TT4,BESTEFFORT,MISSED,m2-1,253.642,"{'m1-1': 1.853, 'm2-1': 1.732, 'm3-1': 4.5, 'm4-1': 0.983}",3.0839999999998895,257.61400000000003,inf,258.642,258.642,258.642
763,TT3,BESTEFFORT,COMPLETED,m4-1,253.671,"{'m1-1': 2.389, 'm2-1': 1.519, 'm3-1': 5.392, 'm4-1': 0.869}",1.3035,256.14399999999995,257.013,inf,258.871,258.871
764,TT4,BESTEFFORT,COMPLETED,m4-1,254.062,"{'m1-1': 2.239, 'm2-1': 1.737, 'm3-1': 3.963, 'm4-1': 1.036}",1.554,257.013,258.049,inf,259.062,259.062
765,TT1,BESTEFFORT,COMPLETED,m1-1,254.117,"{'m1-1': 2.456, 'm2-1': 1.462, 'm3-1': 4.446, 'm4-1': 0.806}",3.9296,256.446,258.90200000000004,inf,259.11699999999996,259.11699999999996
766,TT3,BESTEFFORT,COMPLETED,m2-1,255.07,"{'m1-1': 2.202, 'm2-1': 1.592, 'm3-1': 5.826, 'm4-1': 0.806}",4.776,258.642,260.234,inf,260.27,260.27
767,TT2,BESTEFFORT,COMPLETED,m4-1,255.654,"{'m1-1': 1.979, 'm2-1': 1.759, 'm3-1': 4.872, 'm4-1': 0.985}",1.4775,258.049,259.034,inf,260.754,260.754
768,TT3,BESTEFFORT,COMPLETED,m4-1,256.146,"{'m1-1': 2.307, 'm2-1': 1.583, 'm3-1': 5.809, 'm4-1': 0.954}",1.431,259.034,259.988,inf,261.346,261.346
769,TT2,BESTEFFORT,COMPLETED,m4-1,257.287,"{'m1-1': 1.866, 'm2-1': 2.094, 'm3-1': 3.893, 'm4-1': 0.722}",1.083,259.988,260.71,inf,262.387,262.387
770,TT3,BESTEFFORT,COMPLETED,m1-1,257.328,"{'m1-1': 1.961, 'm2-1': 1.343, 'm3-1': 5.615, 'm4-1': 0.77}",3.1376000000000004,258.90200000000004,260.86300000000006,inf,262.52799999999996,262.52799999999996
771,TT4,BESTEFFORT,COMPLETED,m2-1,257.56,"{'m1-1': 2.41, 'm2-1': 1.508, 'm3-1': 4.325, 'm4-1': 0.828}",4.524,260.234,261.74199999999996,inf,262.56,262.56
772,TT3,BESTEFFORT,COMPLETED,m4-1,258.252,"{'m1-1': 2.397, 'm2-1': 1.318, 'm3-1': 4.485, 'm4-1': 0.845}",1.2675,260.71,261.555,inf,263.452,263.452
773,TT4,BESTEFFORT,COMPLETED,m1-1,258.378,"{'m1-1': 2.035, 'm2-1': 1.902, 'm3-1': 4.161, 'm4-1': 0.958}",3.2560000000000002,260.86300000000006,262.8980000000001,inf,263.378,263.378
774,TT2,BESTEFFORT,COMPLETED,m2-1,258.512,"{'m1-1': 2.309, 'm2-1': 1.788, 'm3-1': 4.024, 'm4-1': 0.809}",5.364,261.74199999999996,263.53,inf,263.612,263.612
775,TT2,BESTEFFORT,COMPLETED,m3-1,258.767,"{'m1-1': 2.474, 'm2-1': 1.862, 'm3-1': 4.638, 'm4-1': 0.946}",8.3484,258.767,263.405,inf,263.867,263.867
776,TT1,BESTEFFORT,CANCELLED,m4-1,258.883,"{'m1-1': 2.54, 'm2-1': 1.875, 'm3-1': 4.02, 'm4-1': 0.822}",0.0,inf,inf,inf,263.883,263.883
777,TT2,BESTEFFORT,COMPLETED,m4-1,259.44,"{'m1-1': 2.447, 'm2-1': 1.909, 'm3-1': 4.37, 'm4-1': 0.721}",1.0815,261.555,262.276,inf,264.54,264.54
778,TT4,BESTEFFORT,COMPLETED,m4-1,260.28,"{'m1-1': 2.319, 'm2-1': 1.794, 'm3-1': 4.363, 'm4-1': 0.884}",1.326,262.276,263.16,inf,265.28,265.28
779,TT4,BESTEFFORT,MISSED,m2-1,260.361,"{'m1-1': 1.753, 'm2-1': 1.884, 'm3-1': 3.895, 'm4-1': 0.765}",5.493000000000052,263.53,inf,265.361,265.361,265.361
780,TT2,BESTEFFORT,COMPLETED,m1-1,260.68,"{'m1-1': 1.897, 'm2-1': 1.615, 'm3-1': 4.478, 'm4-1': 0.871}",3.0352,262.8980000000001,264.7950000000001,inf,265.78000000000003,265.78000000000003
781,TT4,BESTEFFORT,COMPLETED,m4-1,260.774,"{'m1-1': 2.233, 'm2-1': 1.854, 'm3-1': 4.109, 'm4-1': 0.855}",1.2825,263.16,264.01500000000004,inf,265.774,265.774
782,TT3,BESTEFFORT,MISSED,m2-1,261.47,"{'m1-1': 1.835, 'm2-1': 1.488, 'm3-1': 5.715, 'm4-1': 0.838}",3.9270000000000778,265.361,inf,266.67,266.67,266.67
783,TT4,BESTEFFORT,COMPLETED,m4-1,261.751,"{'m1-1': 2.399, 'm2-1': 1.837, 'm3-1': 4.139, 'm4-1': 0.903}",1.3545,264.01500000000004,264.91800000000006,inf,266.751,266.751
784,TT4,BESTEFFORT,COMPLETED,m4-1,261.905,"{'m1-1': 1.837, 'm2-1': 1.504, 'm3-1': 5.125, 'm4-1': 1.037}",1.5554999999999999,264.91800000000006,265.95500000000004,inf,266.905,266.905
785,TT2,BESTEFFORT,MISSED,m3-1,262.199,"{'m1-1': 2.055, 'm2-1': 2.105, 'm3-1': 5.025, 'm4-1': 0.771}",7.009200000000113,263.405,inf,267.29900000000004,267.29900000000004,267.29900000000004
786,TT2,BESTEFFORT,CANCELLED,,262.521,"{'m1-1': 2.498, 'm2-1': 2.109, 'm3-1': 5.025, 'm4-1': 0.794}",0.0,inf,inf,inf,267.62100000000004,267.62100000000004
787,TT4,BESTEFFORT,COMPLETED,m1-1,262.726,"{'m1-1': 1.844, 'm2-1': 1.36, 'm3-1': 4.016, 'm4-1': 0.872}",2.9504,264.7950000000001,266.63900000000007,inf,267.726,267.726
788,TT4,BESTEFFORT,MISSED,m2-1,263.064,"{'m1-1': 1.844, 'm2-1': 1.822, 'm3-1': 4.922, 'm4-1': 0.81}",4.182000000000016,266.67,inf,268.064,268.064,268.064
789,TT2,BESTEFFORT,CANCELLED,m4-1,264.183,"{'m1-1': 2.615, 'm2-1': 1.609, 'm3-1': 3.792, 'm4-1': 0.822}",0.0,inf,inf,inf,269.283,269.283
790,TT1,BESTEFFORT,COMPLETED,m4-1,264.26,"{'m1-1': 2.595, 'm2-1': 1.473, 'm3-1': 4.366, 'm4-1': 0.64}",0.96,265.95500000000004,266.595,inf,269.26,269.26
791,TT3,BESTEFFORT,COMPLETED,m1-1,264.363,"{'m1-1': 1.967, 'm2-1': 1.624, 'm3-1': 4.45, 'm4-1': 0.742}",3.1472,266.63900000000007,268.60600000000005,inf,269.563,269.563
792,TT2,BESTEFFORT,MISSED,m2-1,264.617,"{'m1-1': 1.885, 'm2-1': 1.732, 'm3-1': 3.918, 'm4-1': 0.964}",4.95900000000006,268.064,inf,269.71700000000004,269.71700000000004,269.71700000000004
793,TT1,BESTEFFORT,COMPLETED,m4-1,264.897,"{'m1-1': 2.384, 'm2-1': 1.447, 'm3-1': 4.108, 'm4-1': 0.706}",1.059,266.595,267.30100000000004,inf,269.897,269.897
794,TT4,BESTEFFORT,COMPLETED,m4-1,265.619,"{'m1-1': 2.198, 'm2-1': 1.861, 'm3-1': 3.678, 'm4-1': 0.834}",1.251,267.30100000000004,268.13500000000005,inf,270.619,270.619
795,TT3,BESTEFFORT,CANCELLED,m4-1,265.624,"{'m1-1': 1.926, 'm2-1': 1.533, 'm3-1': 5.278, 'm4-1': 0.918}",0.0,inf,inf,inf,270.824,270.824
796,TT4,BESTEFFORT,COMPLETED,m4-1,265.843,"{'m1-1': 1.839, 'm2-1': 1.855, 'm3-1': 3.746, 'm4-1': 0.935}",1.4025,268.13500000000005,269.07000000000005,inf,270.843,270.843
797,TT4,BESTEFFORT,MISSED,m3-1,266.2,"{'m1-1': 2.251, 'm2-1': 1.605, 'm3-1': 4.894, 'm4-1': 0.866}",7.021799999999916,267.29900000000004,inf,271.2,271.2,271.2
798,TT2,BESTEFFORT,COMPLETED,m1-1,267.026,"{'m1-1': 2.097, 'm2-1': 1.793, 'm3-1': 4.685, 'm4-1': 0.897}",3.3552,268.60600000000005,270.70300000000003,inf,272.12600000000003,272.12600000000003
799,TT3,BESTEFFORT,COMPLETED,m2-1,267.169,"{'m1-1': 1.829, 'm2-1': 1.683, 'm3-1': 4.304, 'm4-1': 0.95}",5.049,269.71700000000004,271.40000000000003,inf,272.36899999999997,272.36899999999997
800,TT1,BESTEFFORT,CANCELLED,m4-1,267.607,"{'m1-1': 2.192, 'm2-1': 1.682, 'm3-1': 3.792, 'm4-1': 0.687}",0.0,inf,inf,inf,272.607,272.607
801,TT2,BESTEFFORT,COMPLETED,m4-1,267.681,"{'m1-1': 2.346, 'm2-1': 1.673, 'm3-1': 5.111, 'm4-1': 0.863}",1.2945,269.07000000000005,269.93300000000005,inf,272.781,272.781
802,TT4,BESTEFFORT,COMPLETED,m4-1,267.778,"{'m1-1': 2.028, 'm2-1': 1.372, 'm3-1': 4.636, 'm4-1': 1.036}",1.554,269.93300000000005,270.96900000000005,inf,272.778,272.778
803,TT2,BESTEFFORT,COMPLETED,m4-1,269.781,"{'m1-1': 2.1, 'm2-1': 1.512, 'm3-1': 3.75, 'm4-1': 0.913}",1.3695,270.96900000000005,271.88200000000006,inf,274.88100000000003,274.88100000000003
804,TT1,BESTEFFORT,COMPLETED,m4-1,269.828,"{'m1-1': 2.568, 'm2-1': 1.744, 'm3-1': 4.104, 'm4-1': 0.806}",1.209,271.88200000000006,272.68800000000005,inf,274.828,274.828
805,TT4,BESTEFFORT,COMPLETED,m4-1,269.936,"{'m1-1': 2.202, 'm2-1': 1.609, 'm3-1': 4.749, 'm4-1': 0.96}",1.44,272.68800000000005,273.648,inf,274.936,274.936
806,TT3,BESTEFFORT,COMPLETED,m1-1,270.333,"{'m1-1': 1.823, 'm2-1': 1.501, 'm3-1': 4.866, 'm4-1': 0.937}",2.9168000000000003,270.70300000000003,272.526,inf,275.533,275.533
807,TT3,BESTEFFORT,COMPLETED,m1-1,270.669,"{'m1-1': 2.234, 'm2-1': 1.47, 'm3-1': 5.595, 'm4-1': 0.737}",3.5744000000000002,272.526,274.76,inf,275.86899999999997,275.86899999999997
808,TT3,BESTEFFORT,COMPLETED,m4-1,271.286,"{'m1-1': 2.331, 'm2-1': 1.605, 'm3-1': 4.405, 'm4-1': 0.744}",1.116,273.648,274.39200000000005,inf,276.486,276.486
809,TT3,BESTEFFORT,COMPLETED,m4-1,272.025,"{'m1-1': 1.955, 'm2-1': 1.476, 'm3-1': 5.201, 'm4-1': 0.793}",1.1895,274.39200000000005,275.18500000000006,inf,277.22499999999997,277.22499999999997
810,TT2,BESTEFFORT,COMPLETED,m1-1,272.214,"{'m1-1': 2.163, 'm2-1': 1.655, 'm3-1': 4.61, 'm4-1': 0.972}",3.4608,274.76,276.923,inf,277.314,277.314
811,TT4,BESTEFFORT,COMPLETED,m2-1,272.534,"{'m1-1': 1.758, 'm2-1': 1.786, 'm3-1': 4.327, 'm4-1': 0.81}",5.3580000000000005,272.534,274.32,inf,277.534,277.534
812,TT4,BESTEFFORT,COMPLETED,m4-1,272.729,"{'m1-1': 2.093, 'm2-1': 1.519, 'm3-1': 5.082, 'm4-1': 0.944}",1.416,275.18500000000006,276.1290000000001,inf,277.729,277.729
813,TT3,BESTEFFORT,COMPLETED,m2-1,272.819,"{'m1-1': 2.376, 'm2-1': 1.659, 'm3-1': 4.336, 'm4-1': 0.931}",4.977,274.32,275.979,inf,278.019,278.019
814,TT1,BESTEFFORT,COMPLETED,m2-1,273.517,"{'m1-1': 2.028, 'm2-1': 1.501, 'm3-1': 3.987, 'm4-1': 0.76}",4.503,275.979,277.47999999999996,inf,278.517,278.517
815,TT4,BESTEFFORT,COMPLETED,m3-1,273.577,"{'m1-1': 1.933, 'm2-1': 1.639, 'm3-1': 4.727, 'm4-1': 0.978}",8.508600000000001,273.577,278.304,inf,278.577,278.577
816,TT4,BESTEFFORT,COMPLETED,m4-1,274.074,"{'m1-1': 2.394, 'm2-1': 1.624, 'm3-1': 4.046, 'm4-1': 0.853}",1.2795,276.1290000000001,276.9820000000001,inf,279.074,279.074
817,TT3,BESTEFFORT,COMPLETED,m1-1,274.266,"{'m1-1': 2.351, 'm2-1': 1.298, 'm3-1': 5.146, 'm4-1': 0.883}",3.7616,276.923,279.274,inf,279.466,279.466
818,TT1,BESTEFFORT,COMPLETED,m4-1,274.68,"{'m1-1': 2.466, 'm2-1': 1.604, 'm3-1': 4.725, 'm4-1': 0.727}",1.0905,276.9820000000001,277.70900000000006,inf,279.68,279.68
819,TT1,BESTEFFORT,COMPLETED,m2-1,274.976,"{'m1-1': 2.509, 'm2-1': 1.911, 'm3-1': 4.686, 'm4-1': 0.672}",5.7330000000000005,277.47999999999996,279.39099999999996,inf,279.976,279.976
820,TT1,BESTEFFORT,COMPLETED,m4-1,275.783,"{'m1-1': 2.41, 'm2-1': 1.498, 'm3-1': 4.843, 'm4-1': 0.823}",1.2345,277.70900000000006,278.53200000000004,inf,280.783,280.783
821,TT1,BESTEFFORT,COMPLETED,m2-1,275.982,"{'m1-1': 2.6, 'm2-1': 1.467, 'm3-1': 4.707, 'm4-1': 0.742}",4.401,279.39099999999996,280.85799999999995,inf,280.982,280.982
822,TT4,BESTEFFORT,CANCELLED,m4-1,276.195,"{'m1-1': 2.153, 'm2-1': 1.597, 'm3-1': 4.707, 'm4-1': 0.76}",0.0,inf,inf,inf,281.195,281.195
823,TT2,BESTEFFORT,MISSED,m1-1,276.414,"{'m1-1': 2.371, 'm2-1': 2.012, 'm3-1': 4.447, 'm4-1': 0.935}",3.5840000000000147,279.274,inf,281.514,281.514,281.514
824,TT3,BESTEFFORT,CANCELLED,,276.486,"{'m1-1': 2.188, 'm2-1': 1.501, 'm3-1': 5.332, 'm4-1': 0.985}",0.0,inf,inf,inf,281.686,281.686
825,TT1,BESTEFFORT,COMPLETED,m4-1,276.588,"{'m1-1': 2.2, 'm2-1': 1.634, 'm3-1': 3.623, 'm4-1': 0.682}",1.0230000000000001,278.53200000000004,279.21400000000006,inf,281.588,281.588
826,TT1,BESTEFFORT,COMPLETED,m4-1,276.601,"{'m1-1': 2.572, 'm2-1': 1.535, 'm3-1': 4.861, 'm4-1': 0.736}",1.104,279.21400000000006,279.95000000000005,inf,281.601,281.601
827,TT3,BESTEFFORT,COMPLETED,m2-1,277.413,"{'m1-1': 1.915, 'm2-1': 1.639, 'm3-1': 5.778, 'm4-1': 0.72}",4.917,280.85799999999995,282.49699999999996,inf,282.613,282.613
828,TT1,BESTEFFORT,COMPLETED,m3-1,277.439,"{'m1-1': 2.032, 'm2-1': 1.828, 'm3-1': 3.941, 'm4-1': 0.725}",7.0938,278.304,282.24499999999995,inf,282.439,282.439
829,TT2,BESTEFFORT,COMPLETED,m4-1,277.968,"{'m1-1': 2.017, 'm2-1': 1.516, 'm3-1': 4.338, 'm4-1': 0.941}",1.4115,279.95000000000005,280.891,inf,283.06800000000004,283.06800000000004
830,TT3,BESTEFFORT,COMPLETED,m4-1,278.621,"{'m1-1': 2.41, 'm2-1': 1.681, 'm3-1': 5.092, 'm4-1': 0.72}",1.08,280.891,281.61100000000005,inf,283.82099999999997,283.82099999999997
831,TT1,BESTEFFORT,COMPLETED,m4-1,279.275,"{'m1-1': 2.588, 'm2-1': 1.587, 'm3-1': 3.648, 'm4-1': 0.707}",1.0605,281.61100000000005,282.31800000000004,inf,284.275,284.275
832,TT4,BESTEFFORT,COMPLETED,m1-1,279.287,"{'m1-1': 2.381, 'm2-1': 1.521, 'm3-1': 4.807, 'm4-1': 1.036}",3.8095999999999997,281.514,283.895,inf,284.287,284.287
833,TT3,BESTEFFORT,COMPLETED,m2-1,279.896,"{'m1-1': 2.432, 'm2-1': 1.312, 'm3-1': 5.785, 'm4-1': 0.837}",3.936,282.49699999999996,283.80899999999997,inf,285.096,285.096
834,TT4,BESTEFFORT,CANCELLED,m4-1,280.255,"{'m1-1': 2.354, 'm2-1': 1.711, 'm3-1': 4.744, 'm4-1': 0.904}",0.0,inf,inf,inf,285.255,285.255
835,TT1,BESTEFFORT,COMPLETED,m4-1,280.401,"{'m1-1': 1.913, 'm2-1': 1.516, 'm3-1': 4.392, 'm4-1': 0.81}",1.215,282.31800000000004,283.12800000000004,inf,285.401,285.401
836,TT1,BESTEFFORT,COMPLETED,m2-1,280.619,"{'m1-1': 2.078, 'm2-1': 1.485, 'm3-1': 4.538, 'm4-1': 0.741}",4.455,283.80899999999997,285.294,inf,285.619,285.619
837,TT4,BESTEFFORT,COMPLETED,m1-1,280.648,"{'m1-1': 1.736, 'm2-1': 1.505, 'm3-1': 4.245, 'm4-1': 0.966}",2.7776,283.895,285.631,inf,285.648,285.648
838,TT1,BESTEFFORT,COMPLETED,m4-1,280.999,"{'m1-1': 1.955, 'm2-1': 1.554, 'm3-1': 4.267, 'm4-1': 0.847}",1.2705,283.12800000000004,283.975,inf,285.999,285.999
839,TT2,BESTEFFORT,CANCELLED,,281.39,"{'m1-1': 2.182, 'm2-1': 1.671, 'm3-1': 4.674, 'm4-1': 0.919}",0.0,inf,inf,inf,286.49,286.49
840,TT3,BESTEFFORT,CANCELLED,,281.493,"{'m1-1': 1.876, 'm2-1': 1.657, 'm3-1': 4.441, 'm4-1': 0.979}",0.0,inf,inf,inf,286.693,286.693
841,TT3,BESTEFFORT,CANCELLED,m4-1,281.506,"{'m1-1': 2.33, 'm2-1': 1.78, 'm3-1': 4.677, 'm4-1': 0.78}",0.0,inf,inf,inf,286.70599999999996,286.70599999999996
842,TT2,BESTEFFORT,COMPLETED,m3-1,281.89,"{'m1-1': 1.95, 'm2-1': 2.122, 'm3-1': 4.465, 'm4-1': 1.015}",8.037,282.24499999999995,286.7099999999999,inf,286.99,286.99
843,TT1,BESTEFFORT,COMPLETED,m4-1,282.41,"{'m1-1': 2.321, 'm2-1': 1.48, 'm3-1': 3.734, 'm4-1': 0.651}",0.9765,283.975,284.62600000000003,inf,287.41,287.41
844,TT2,BESTEFFORT,MISSED,m1-1,282.682,"{'m1-1': 2.38, 'm2-1': 1.599, 'm3-1': 3.7, 'm4-1': 0.737}",3.4416000000001077,285.631,inf,287.78200000000004,287.78200000000004,287.78200000000004
845,TT4,BESTEFFORT,COMPLETED,m2-1,283.029,"{'m1-1': 2.158, 'm2-1': 1.65, 'm3-1': 3.641, 'm4-1': 0.984}",4.949999999999999,285.294,286.94399999999996,inf,288.029,288.029
846,TT4,BESTEFFORT,COMPLETED,m4-1,283.39,"{'m1-1': 2.228, 'm2-1': 1.798, 'm3-1': 4.435, 'm4-1': 0.829}",1.2435,284.62600000000003,285.45500000000004,inf,288.39,288.39
847,TT1,BESTEFFORT,COMPLETED,m4-1,283.498,"{'m1-1': 2.019, 'm2-1': 1.622, 'm3-1': 4.718, 'm4-1': 0.622}",0.933,285.45500000000004,286.07700000000006,inf,288.498,288.498
848,TT4,BESTEFFORT,COMPLETED,m2-1,283.917,"{'m1-1': 1.911, 'm2-1': 1.786, 'm3-1': 4.711, 'm4-1': 0.998}",5.3580000000000005,286.94399999999996,288.72999999999996,inf,288.917,288.917
849,TT3,BESTEFFORT,CANCELLED,m4-1,284.634,"{'m1-1': 1.994, 'm2-1': 1.758, 'm3-1': 5.974, 'm4-1': 0.765}",0.0,inf,inf,inf,289.834,289.834
850,TT3,BESTEFFORT,CANCELLED,m4-1,284.746,"{'m1-1': 1.842, 'm2-1': 1.791, 'm3-1': 4.292, 'm4-1': 1.001}",0.0,inf,inf,inf,289.94599999999997,289.94599999999997
851,TT2,BESTEFFORT,COMPLETED,m1-1,284.863,"{'m1-1': 1.9, 'm2-1': 1.645, 'm3-1': 4.622, 'm4-1': 0.813}",3.04,287.78200000000004,289.682,inf,289.963,289.963
852,TT4,BESTEFFORT,COMPLETED,m4-1,285.183,"{'m1-1': 2.395, 'm2-1': 1.591, 'm3-1': 3.76, 'm4-1': 0.874}",1.311,286.07700000000006,286.9510000000001,inf,290.183,290.183
853,TT2,BESTEFFORT,COMPLETED,m4-1,285.217,"{'m1-1': 2.277, 'm2-1': 1.673, 'm3-1': 3.738, 'm4-1': 0.763}",1.1445,286.9510000000001,287.71400000000006,inf,290.317,290.317
854,TT3,BESTEFFORT,COMPLETED,m2-1,285.285,"{'m1-1': 2.087, 'm2-1': 1.692, 'm3-1': 5.56, 'm4-1': 0.904}",5.076,288.72999999999996,290.42199999999997,inf,290.485,290.485
855,TT1,BESTEFFORT,MISSED,m3-1,285.453,"{'m1-1': 2.413, 'm2-1': 1.631, 'm3-1': 4.666, 'm4-1': 0.701}",6.737400000000093,286.7099999999999,inf,290.453,290.453,290.453
856,TT1,BESTEFFORT,CANCELLED,m4-1,285.68,"{'m1-1': 2.153, 'm2-1': 1.934, 'm3-1': 4.517, 'm4-1': 0.72}",0.0,inf,inf,inf,290.68,290.68
857,TT4,BESTEFFORT,COMPLETED,m4-1,285.942,"{'m1-1': 2.423, 'm2-1': 1.681, 'm3-1': 4.421, 'm4-1': 1.027}",1.5404999999999998,287.71400000000006,288.74100000000004,inf,290.942,290.942
858,TT3,BESTEFFORT,COMPLETED,m4-1,286.01,"{'m1-1': 2.027, 'm2-1': 1.783, 'm3-1': 4.228, 'm4-1': 0.747}",1.1205,288.74100000000004,289.48800000000006,inf,291.21,291.21
859,TT3,BESTEFFORT,COMPLETED,m4-1,287.073,"{'m1-1': 2.107, 'm2-1': 1.405, 'm3-1': 5.47, 'm4-1': 0.782}",1.173,289.48800000000006,290.27000000000004,inf,292.27299999999997,292.27299999999997
860,TT4,BESTEFFORT,COMPLETED,m1-1,287.277,"{'m1-1': 1.986, 'm2-1': 1.715, 'm3-1': 3.946, 'm4-1': 1.054}",3.1776,289.682,291.668,inf,292.277,292.277
861,TT1,BESTEFFORT,COMPLETED,m4-1,288.02,"{'m1-1': 2.254, 'm2-1': 1.569, 'm3-1': 4.986, 'm4-1': 0.706}",1.059,290.27000000000004,290.97600000000006,inf,293.02,293.02
862,TT1,BESTEFFORT,COMPLETED,m2-1,288.527,"{'m1-1': 2.61, 'm2-1': 1.934, 'm3-1': 4.969, 'm4-1': 0.851}",5.802,290.42199999999997,292.356,inf,293.527,293.527
863,TT4,BESTEFFORT,MISSED,m1-1,288.553,"{'m1-1': 2.336, 'm2-1': 1.402, 'm3-1': 5.124, 'm4-1': 0.842}",3.015999999999986,291.668,inf,293.553,293.553,293.553
864,TT2,BESTEFFORT,COMPLETED,m4-1,288.918,"{'m1-1': 2.042, 'm2-1': 1.562, 'm3-1': 4.721, 'm4-1': 0.963}",1.4445,290.97600000000006,291.9390000000001,inf,294.01800000000003,294.01800000000003
865,TT2,BESTEFFORT,COMPLETED,m2-1,289.225,"{'m1-1': 2.447, 'm2-1': 1.951, 'm3-1': 3.878, 'm4-1': 0.797}",5.853,292.356,294.307,inf,294.32500000000005,294.32500000000005
866,TT4,BESTEFFORT,CANCELLED,m4-1,289.232,"{'m1-1': 2.223, 'm2-1': 1.366, 'm3-1': 3.912, 'm4-1': 0.98}",0.0,inf,inf,inf,294.232,294.232
867,TT2,BESTEFFORT,COMPLETED,m4-1,289.567,"{'m1-1': 2.079, 'm2-1': 1.77, 'm3-1': 4.58, 'm4-1': 0.757}",1.1355,291.9390000000001,292.6960000000001,inf,294.66700000000003,294.66700000000003
868,TT3,BESTEFFORT,COMPLETED,m4-1,289.842,"{'m1-1': 1.936, 'm2-1': 1.532, 'm3-1': 4.617, 'm4-1': 0.955}",1.4324999999999999,292.6960000000001,293.65100000000007,inf,295.042,295.042
869,TT2,BESTEFFORT,COMPLETED,m3-1,289.863,"{'m1-1': 2.054, 'm2-1': 1.821, 'm3-1': 4.177, 'm4-1': 0.81}",7.518599999999999,290.453,294.63,inf,294.963,294.963
870,TT2,BESTEFFORT,COMPLETED,m1-1,290.794,"{'m1-1': 2.252, 'm2-1': 1.861, 'm3-1': 4.527, 'm4-1': 0.783}",3.6031999999999997,293.553,295.805,inf,295.894,295.894
871,TT4,BESTEFFORT,MISSED,m2-1,290.93,"{'m1-1': 2.219, 'm2-1': 1.857, 'm3-1': 4.765, 'm4-1': 0.825}",4.868999999999971,294.307,inf,295.93,295.93,295.93
872,TT2,BESTEFFORT,COMPLETED,m4-1,291.518,"{'m1-1': 2.369, 'm2-1': 1.584, 'm3-1': 4.98, 'm4-1': 0.903}",1.3545,293.65100000000007,294.5540000000001,inf,296.618,296.618
873,TT2,BESTEFFORT,COMPLETED,m4-1,292.09,"{'m1-1': 2.308, 'm2-1': 1.512, 'm3-1': 4.472, 'm4-1': 0.945}",1.4175,294.5540000000001,295.4990000000001,inf,297.19,297.19
874,TT3,BESTEFFORT,CANCELLED,m4-1,293.1,"{'m1-1': 1.957, 'm2-1': 1.449, 'm3-1': 4.247, 'm4-1': 0.986}",0.0,inf,inf,inf,298.3,298.3
875,TT4,BESTEFFORT,COMPLETED,m1-1,293.189,"{'m1-1': 1.73, 'm2-1': 1.377, 'm3-1': 4.897, 'm4-1': 0.982}",2.7680000000000002,295.805,297.535,inf,298.189,298.189
876,TT1,BESTEFFORT,COMPLETED,m2-1,293.561,"{'m1-1': 2.011, 'm2-1': 1.738, 'm3-1': 4.986, 'm4-1': 0.808}",5.214,295.93,297.668,inf,298.561,298.561
877,TT2,BESTEFFORT,COMPLETED,m4-1,294.185,"{'m1-1': 2.475, 'm2-1': 2.126, 'm3-1': 3.792, 'm4-1': 0.933}",1.3995000000000002,295.4990000000001,296.4320000000001,inf,299.285,299.285
878,TT4,BESTEFFORT,COMPLETED,m4-1,294.321,"{'m1-1': 1.856, 'm2-1': 1.752, 'm3-1': 4.521, 'm4-1': 0.932}",1.3980000000000001,296.4320000000001,297.3640000000001,inf,299.321,299.321
879,TT1,BESTEFFORT,COMPLETED,m4-1,294.896,"{'m1-1': 1.938, 'm2-1': 1.818, 'm3-1': 4.912, 'm4-1': 0.83}",1.2449999999999999,297.3640000000001,298.1940000000001,inf,299.896,299.896
880,TT2,BESTEFFORT,COMPLETED,m4-1,295.633,"{'m1-1': 2.052, 'm2-1': 2.028, 'm3-1': 3.835, 'm4-1': 0.955}",1.4324999999999999,298.1940000000001,299.14900000000006,inf,300.733,300.733
881,TT3,BESTEFFORT,COMPLETED,m1-1,295.883,"{'m1-1': 1.832, 'm2-1': 1.381, 'm3-1': 5.926, 'm4-1': 0.749}",2.9312000000000005,297.535,299.367,inf,301.08299999999997,301.08299999999997
882,TT3,BESTEFFORT,COMPLETED,m2-1,295.972,"{'m1-1': 1.836, 'm2-1': 1.628, 'm3-1': 4.346, 'm4-1': 0.827}",4.8839999999999995,297.668,299.296,inf,301.17199999999997,301.17199999999997
883,TT4,BESTEFFORT,COMPLETED,m4-1,296.457,"{'m1-1': 2.357, 'm2-1': 1.36, 'm3-1': 4.203, 'm4-1': 0.902}",1.353,299.14900000000006,300.05100000000004,inf,301.457,301.457
884,TT2,BESTEFFORT,COMPLETED,m4-1,297.416,"{'m1-1': 1.893, 'm2-1': 1.903, 'm3-1': 4.516, 'm4-1': 0.794}",1.191,300.05100000000004,300.845,inf,302.516,302.516
885,TT3,BESTEFFORT,COMPLETED,m1-1,297.539,"{'m1-1': 2.183, 'm2-1': 1.791, 'm3-1': 5.073, 'm4-1': 0.833}",3.4928,299.367,301.55,inf,302.739,302.739
886,TT4,BESTEFFORT,COMPLETED,m2-1,297.61,"{'m1-1': 1.916, 'm2-1': 1.551, 'm3-1': 3.797, 'm4-1': 1.009}",4.653,299.296,300.847,inf,302.61,302.61
887,TT4,BESTEFFORT,COMPLETED,m2-1,298.045,"{'m1-1': 1.95, 'm2-1': 1.584, 'm3-1': 4.662, 'm4-1': 0.981}",4.752000000000001,300.847,302.431,inf,303.045,303.045
888,TT1,BESTEFFORT,COMPLETED,m4-1,298.25,"{'m1-1': 2.388, 'm2-1': 1.416, 'm3-1': 3.82, 'm4-1': 0.689}",1.0334999999999999,300.845,301.53400000000005,inf,303.25,303.25
889,TT1,BESTEFFORT,COMPLETED,m3-1,298.393,"{'m1-1': 1.871, 'm2-1': 1.653, 'm3-1': 3.659, 'm4-1': 0.659}",6.5862,298.393,302.05199999999996,inf,303.393,303.393
890,TT1,BESTEFFORT,CANCELLED,m4-1,298.532,"{'m1-1': 2.373, 'm2-1': 1.799, 'm3-1': 3.775, 'm4-1': 0.648}",0.0,inf,inf,inf,303.532,303.532
891,TT1,BESTEFFORT,CANCELLED,,298.593,"{'m1-1': 2.428, 'm2-1': 1.551, 'm3-1': 4.07, 'm4-1': 0.652}",0.0,inf,inf,inf,303.593,303.593
892,TT2,BESTEFFORT,COMPLETED,m1-1,298.999,"{'m1-1': 1.956, 'm2-1': 1.657, 'm3-1': 3.914, 'm4-1': 0.932}",3.1296,301.55,303.50600000000003,inf,304.09900000000005,304.09900000000005
893,TT4,BESTEFFORT,COMPLETED,m4-1,299.265,"{'m1-1': 1.975, 'm2-1': 1.534, 'm3-1': 4.467, 'm4-1': 1.004}",1.506,301.53400000000005,302.53800000000007,inf,304.265,304.265
894,TT2,BESTEFFORT,COMPLETED,m2-1,299.419,"{'m1-1': 2.39, 'm2-1': 2.037, 'm3-1': 3.987, 'm4-1': 0.982}",6.111,302.431,304.46799999999996,inf,304.519,304.519
895,TT1,BESTEFFORT,CANCELLED,m4-1,299.707,"{'m1-1': 2.119, 'm2-1': 1.55, 'm3-1': 4.998, 'm4-1': 0.78}",0.0,inf,inf,inf,304.707,304.707
896,TT4,BESTEFFORT,COMPLETED,m4-1,300.245,"{'m1-1': 2.278, 'm2-1': 1.797, 'm3-1': 3.868, 'm4-1': 1.036}",1.554,303.29100000000005,304.32700000000006,inf,305.245,305.245
897,TT3,BESTEFFORT,MISSED,m2-1,300.459,"{'m1-1': 1.829, 'm2-1': 1.591, 'm3-1': 5.907, 'm4-1': 0.984}",3.5730000000000928,304.46799999999996,inf,305.659,305.659,305.659
898,TT2,BESTEFFORT,COMPLETED,m4-1,300.491,"{'m1-1': 2.568, 'm2-1': 1.901, 'm3-1': 4.76, 'm4-1': 0.753}",1.1295,302.53800000000007,303.29100000000005,inf,305.591,305.591
899,TT1,BESTEFFORT,COMPLETED,m1-1,300.558,"{'m1-1': 1.864, 'm2-1': 1.527, 'm3-1': 5.078, 'm4-1': 0.764}",2.9824,303.50600000000003,305.37,inf,305.558,305.558
900,TT3,BESTEFFORT,COMPLETED,m4-1,300.923,"{'m1-1': 1.982, 'm2-1': 1.428, 'm3-1': 5.205, 'm4-1': 0.845}",1.2675,304.32700000000006,305.1720000000001,inf,306.123,306.123
901,TT3,BESTEFFORT,COMPLETED,m3-1,301.881,"{'m1-1': 2.101, 'm2-1': 1.609, 'm3-1': 4.771, 'm4-1': 0.886}",8.5878,302.05199999999996,306.823,inf,307.08099999999996,307.08099999999996
902,TT3,BESTEFFORT,MISSED,m1-1,302.417,"{'m1-1': 2.389, 'm2-1': 1.696, 'm3-1': 5.75, 'm4-1': 0.861}",3.595199999999932,305.37,inf,307.61699999999996,307.61699999999996,307.61699999999996
903,TT3,BESTEFFORT,COMPLETED,m2-1,302.47,"{'m1-1': 1.745, 'm2-1': 1.319, 'm3-1': 5.62, 'm4-1': 0.987}",3.957,305.659,306.978,inf,307.67,307.67
904,TT1,BESTEFFORT,CANCELLED,m4-1,302.822,"{'m1-1': 2.351, 'm2-1': 1.486, 'm3-1': 4.411, 'm4-1': 0.861}",0.0,inf,inf,inf,307.822,307.822
905,TT4,BESTEFFORT,COMPLETED,m4-1,303.686,"{'m1-1': 1.784, 'm2-1': 1.506, 'm3-1': 4.88, 'm4-1': 1.007}",1.5105,305.1720000000001,306.1790000000001,inf,308.686,308.686
906,TT3,BESTEFFORT,COMPLETED,m2-1,303.746,"{'m1-1': 2.129, 'm2-1': 1.497, 'm3-1': 4.283, 'm4-1': 0.841}",4.4910000000000005,306.978,308.475,inf,308.94599999999997,308.94599999999997
907,TT4,BESTEFFORT,CANCELLED,,303.901,"{'m1-1': 2.44, 'm2-1': 1.511, 'm3-1': 4.1, 'm4-1': 0.986}",0.0,inf,inf,inf,308.901,308.901
908,TT4,BESTEFFORT,COMPLETED,m4-1,304.028,"{'m1-1': 2.224, 'm2-1': 1.536, 'm3-1': 4.615, 'm4-1': 0.926}",1.389,306.1790000000001,307.1050000000001,inf,309.028,309.028
909,TT2,BESTEFFORT,CANCELLED,,304.268,"{'m1-1': 2.391, 'm2-1': 1.776, 'm3-1': 4.162, 'm4-1': 0.908}",0.0,inf,inf,inf,309.368,309.368
910,TT2,BESTEFFORT,COMPLETED,m4-1,304.285,"{'m1-1': 2.467, 'm2-1': 1.656, 'm3-1': 4.956, 'm4-1': 0.747}",1.1205,307.1050000000001,307.8520000000001,inf,309.38500000000005,309.38500000000005
911,TT3,BESTEFFORT,COMPLETED,m1-1,304.73,"{'m1-1': 2.267, 'm2-1': 1.602, 'm3-1': 5.684, 'm4-1': 0.792}",3.6272,307.61699999999996,309.88399999999996,inf,309.93,309.93
912,TT2,BESTEFFORT,COMPLETED,m4-1,306.094,"{'m1-1': 1.904, 'm2-1': 1.544, 'm3-1': 3.635, 'm4-1': 0.763}",1.1445,307.8520000000001,308.61500000000007,inf,311.194,311.194
913,TT4,BESTEFFORT,COMPLETED,m2-1,306.102,"{'m1-1': 1.803, 'm2-1': 1.487, 'm3-1': 4.195, 'm4-1': 0.762}",4.461,308.475,309.96200000000005,inf,311.102,311.102
914,TT1,BESTEFFORT,CANCELLED,m4-1,306.593,"{'m1-1': 2.061, 'm2-1': 1.519, 'm3-1': 4.596, 'm4-1': 0.703}",0.0,inf,inf,inf,311.593,311.593
915,TT2,BESTEFFORT,COMPLETED,m3-1,306.633,"{'m1-1': 2.57, 'm2-1': 2.017, 'm3-1': 4.418, 'm4-1': 0.995}",7.952400000000001,306.823,311.241,inf,311.733,311.733
916,TT4,BESTEFFORT,MISSED,m1-1,306.677,"{'m1-1': 1.826, 'm2-1': 1.597, 'm3-1': 4.384, 'm4-1': 0.97}",2.8688000000001015,309.88399999999996,inf,311.677,311.677,311.677
917,TT3,BESTEFFORT,COMPLETED,m4-1,307.4,"{'m1-1': 2.269, 'm2-1': 1.682, 'm3-1': 4.596, 'm4-1': 0.767}",1.1505,308.61500000000007,309.38200000000006,inf,312.59999999999997,312.59999999999997
918,TT1,BESTEFFORT,COMPLETED,m2-1,307.438,"{'m1-1': 2.206, 'm2-1': 1.509, 'm3-1': 4.347, 'm4-1': 0.812}",4.526999999999999,309.96200000000005,311.47100000000006,inf,312.438,312.438
919,TT2,BESTEFFORT,CANCELLED,m4-1,307.931,"{'m1-1': 2.398, 'm2-1': 1.726, 'm3-1': 4.334, 'm4-1': 0.911}",0.0,inf,inf,inf,313.031,313.031
920,TT2,BESTEFFORT,CANCELLED,m4-1,308.124,"{'m1-1': 1.969, 'm2-1': 1.681, 'm3-1': 4.409, 'm4-1': 0.933}",0.0,inf,inf,inf,313.22400000000005,313.22400000000005
921,TT3,BESTEFFORT,CANCELLED,m4-1,308.234,"{'m1-1': 2.385, 'm2-1': 1.431, 'm3-1': 5.817, 'm4-1': 0.733}",0.0,inf,inf,inf,313.43399999999997,313.43399999999997
922,TT4,BESTEFFORT,CANCELLED,,308.434,"{'m1-1': 2.119, 'm2-1': 1.51, 'm3-1': 4.161, 'm4-1': 0.772}",0.0,inf,inf,inf,313.434,313.434
923,TT1,BESTEFFORT,COMPLETED,m2-1,308.508,"{'m1-1': 2.528, 'm2-1': 1.582, 'm3-1': 4.831, 'm4-1': 0.76}",4.746,311.47100000000006,313.05300000000005,inf,313.508,313.508
924,TT1,BESTEFFORT,COMPLETED,m4-1,308.899,"{'m1-1': 2.142, 'm2-1': 1.642, 'm3-1': 4.196, 'm4-1': 0.806}",1.209,309.38200000000006,310.18800000000005,inf,313.899,313.899
925,TT3,BESTEFFORT,COMPLETED,m1-1,309.231,"{'m1-1': 1.996, 'm2-1': 1.625, 'm3-1': 5.974, 'm4-1': 0.761}",3.1936,311.677,313.673,inf,314.431,314.431
926,TT3,BESTEFFORT,CANCELLED,m4-1,309.27,"{'m1-1': 2.151, 'm2-1': 1.756, 'm3-1': 4.61, 'm4-1': 0.953}",0.0,inf,inf,inf,314.46999999999997,314.46999999999997
927,TT1,BESTEFFORT,COMPLETED,m4-1,309.367,"{'m1-1': 2.225, 'm2-1': 1.891, 'm3-1': 5.0, 'm4-1': 0.63}",0.9450000000000001,310.18800000000005,310.81800000000004,inf,314.367,314.367
928,TT2,BESTEFFORT,COMPLETED,m4-1,309.444,"{'m1-1': 2.307, 'm2-1': 1.632, 'm3-1': 4.626, 'm4-1': 0.96}",1.44,310.81800000000004,311.778,inf,314.54400000000004,314.54400000000004
929,TT4,BESTEFFORT,CANCELLED,,309.489,"{'m1-1': 2.079, 'm2-1': 1.719, 'm3-1': 4.849, 'm4-1': 1.007}",0.0,inf,inf,inf,314.489,314.489
930,TT4,BESTEFFORT,CANCELLED,,309.513,"{'m1-1': 2.037, 'm2-1': 1.414, 'm3-1': 3.726, 'm4-1': 1.009}",0.0,inf,inf,inf,314.513,314.513
931,TT2,BESTEFFORT,COMPLETED,m4-1,309.673,"{'m1-1': 2.579, 'm2-1': 1.985, 'm3-1': 4.444, 'm4-1': 0.718}",1.077,311.778,312.49600000000004,inf,314.773,314.773
932,TT2,BESTEFFORT,MISSED,m3-1,310.018,"{'m1-1': 2.227, 'm2-1': 1.62, 'm3-1': 4.3, 'm4-1': 0.839}",6.978600000000017,311.241,inf,315.118,315.118,315.118
933,TT2,BESTEFFORT,CANCELLED,m4-1,310.665,"{'m1-1': 2.26, 'm2-1': 2.011, 'm3-1': 3.984, 'm4-1': 0.966}",0.0,inf,inf,inf,315.76500000000004,315.76500000000004
934,TT3,BESTEFFORT,COMPLETED,m4-1,311.235,"{'m1-1': 2.149, 'm2-1': 1.275, 'm3-1': 4.784, 'm4-1': 0.845}",1.2675,312.49600000000004,313.34100000000007,inf,316.435,316.435
935,TT4,BESTEFFORT,COMPLETED,m1-1,311.238,"{'m1-1': 1.896, 'm2-1': 1.41, 'm3-1': 4.967, 'm4-1': 0.833}",3.0336,313.673,315.569,inf,316.238,316.238
936,TT3,BESTEFFORT,COMPLETED,m2-1,311.468,"{'m1-1': 1.859, 'm2-1': 1.425, 'm3-1': 4.897, 'm4-1': 0.996}",4.275,313.05300000000005,314.47800000000007,inf,316.668,316.668
937,TT3,BESTEFFORT,COMPLETED,m2-1,311.551,"{'m1-1': 1.835, 'm2-1': 1.687, 'm3-1': 4.314, 'm4-1': 0.815}",5.061,314.47800000000007,316.1650000000001,inf,316.751,316.751
938,TT3,BESTEFFORT,COMPLETED,m4-1,312.074,"{'m1-1': 2.0, 'm2-1': 1.692, 'm3-1': 5.488, 'm4-1': 0.902}",1.353,313.34100000000007,314.24300000000005,inf,317.274,317.274
939,TT3,BESTEFFORT,COMPLETED,m4-1,312.446,"{'m1-1': 2.192, 'm2-1': 1.619, 'm3-1': 4.785, 'm4-1': 0.829}",1.2435,314.24300000000005,315.07200000000006,inf,317.646,317.646
940,TT1,BESTEFFORT,COMPLETED,m4-1,313.212,"{'m1-1': 2.571, 'm2-1': 1.655, 'm3-1': 3.803, 'm4-1': 0.621}",0.9315,315.07200000000006,315.69300000000004,inf,318.212,318.212
941,TT3,BESTEFFORT,COMPLETED,m1-1,313.264,"{'m1-1': 2.031, 'm2-1': 1.781, 'm3-1': 5.496, 'm4-1': 0.8}",3.2496000000000005,315.569,317.6,inf,318.464,318.464
942,TT3,BESTEFFORT,COMPLETED,m2-1,313.271,"{'m1-1': 1.723, 'm2-1': 1.77, 'm3-1': 5.599, 'm4-1': 0.891}",5.3100000000000005,316.1650000000001,317.93500000000006,inf,318.471,318.471
943,TT2,BESTEFFORT,CANCELLED,m4-1,313.491,"{'m1-1': 2.281, 'm2-1': 1.957, 'm3-1': 4.038, 'm4-1': 0.774}",0.0,inf,inf,inf,318.591,318.591
944,TT3,BESTEFFORT,COMPLETED,m4-1,313.679,"{'m1-1': 2.224, 'm2-1': 1.416, 'm3-1': 5.115, 'm4-1': 0.823}",1.2345,315.69300000000004,316.516,inf,318.87899999999996,318.87899999999996
945,TT2,BESTEFFORT,COMPLETED,m4-1,314.453,"{'m1-1': 1.912, 'm2-1': 1.897, 'm3-1': 5.098, 'm4-1': 0.856}",1.284,316.516,317.372,inf,319.553,319.553
946,TT2,BESTEFFORT,MISSED,m1-1,314.711,"{'m1-1': 2.61, 'm2-1': 1.718, 'm3-1': 4.947, 'm4-1': 0.92}",3.5376000000000207,317.6,inf,319.81100000000004,319.81100000000004,319.81100000000004
947,TT4,BESTEFFORT,COMPLETED,m4-1,317.231,"{'m1-1': 1.935, 'm2-1': 1.858, 'm3-1': 4.258, 'm4-1': 0.989}",1.4835,317.372,318.361,inf,322.231,322.231
948,TT3,BESTEFFORT,COMPLETED,m4-1,317.237,"{'m1-1': 2.176, 'm2-1': 1.288, 'm3-1': 5.046, 'm4-1': 0.79}",1.185,318.361,319.151,inf,322.437,322.437
949,TT4,BESTEFFORT,COMPLETED,m4-1,317.431,"{'m1-1': 2.225, 'm2-1': 1.662, 'm3-1': 4.34, 'm4-1': 0.826}",1.2389999999999999,319.151,319.97700000000003,inf,322.431,322.431
950,TT3,BESTEFFORT,COMPLETED,m4-1,317.954,"{'m1-1': 2.289, 'm2-1': 1.645, 'm3-1': 4.528, 'm4-1': 0.875}",1.3125,319.97700000000003,320.85200000000003,inf,323.154,323.154
951,TT4,BESTEFFORT,COMPLETED,m1-1,318.049,"{'m1-1': 2.346, 'm2-1': 1.626, 'm3-1': 4.367, 'm4-1': 1.045}",3.7536000000000005,319.81100000000004,322.15700000000004,inf,323.049,323.049
952,TT2,BESTEFFORT,COMPLETED,m2-1,318.175,"{'m1-1': 2.57, 'm2-1': 1.557, 'm3-1': 4.286, 'm4-1': 0.759}",4.670999999999999,318.175,319.732,inf,323.27500000000003,323.27500000000003
953,TT2,BESTEFFORT,COMPLETED,m2-1,318.327,"{'m1-1': 2.19, 'm2-1': 1.964, 'm3-1': 3.71, 'm4-1': 0.92}",5.8919999999999995,319.732,321.696,inf,323.427,323.427
954,TT3,BESTEFFORT,CANCELLED,m4-1,318.766,"{'m1-1': 1.936, 'm2-1': 1.748, 'm3-1': 5.077, 'm4-1': 0.883}",0.0,inf,inf,inf,323.966,323.966
955,TT1,BESTEFFORT,COMPLETED,m2-1,318.783,"{'m1-1': 2.456, 'm2-1': 1.461, 'm3-1': 3.78, 'm4-1': 0.724}",4.383,321.696,323.15700000000004,inf,323.783,323.783
956,TT4,BESTEFFORT,COMPLETED,m1-1,319.05,"{'m1-1': 1.731, 'm2-1': 1.358, 'm3-1': 4.892, 'm4-1': 1.028}",2.7696000000000005,322.15700000000004,323.88800000000003,inf,324.05,324.05
957,TT1,BESTEFFORT,CANCELLED,m4-1,319.347,"{'m1-1': 2.082, 'm2-1': 1.824, 'm3-1': 4.562, 'm4-1': 0.671}",0.0,inf,inf,inf,324.347,324.347
958,TT4,BESTEFFORT,COMPLETED,m3-1,319.678,"{'m1-1': 2.153, 'm2-1': 1.5, 'm3-1': 4.193, 'm4-1': 0.863}",7.5474,319.678,323.871,inf,324.678,324.678
959,TT4,BESTEFFORT,MISSED,m2-1,319.919,"{'m1-1': 2.44, 'm2-1': 1.812, 'm3-1': 4.17, 'm4-1': 0.86}",5.285999999999831,323.15700000000004,inf,324.919,324.919,324.919
960,TT1,BESTEFFORT,CANCELLED,m4-1,320.014,"{'m1-1': 2.082, 'm2-1': 1.98, 'm3-1': 4.593, 'm4-1': 0.806}",0.0,inf,inf,inf,325.014,325.014
961,TT2,BESTEFFORT,COMPLETED,m4-1,320.117,"{'m1-1': 2.25, 'm2-1': 1.891, 'm3-1': 4.541, 'm4-1': 0.817}",1.2254999999999998,320.85200000000003,321.66900000000004,inf,325.21700000000004,325.21700000000004
962,TT4,BESTEFFORT,COMPLETED,m4-1,320.255,"{'m1-1': 1.937, 'm2-1': 1.864, 'm3-1': 4.052, 'm4-1': 0.859}",1.2885,321.66900000000004,322.528,inf,325.255,325.255
963,TT2,BESTEFFORT,CANCELLED,m4-1,320.591,"{'m1-1': 2.088, 'm2-1': 1.657, 'm3-1': 3.95, 'm4-1': 0.899}",0.0,inf,inf,inf,325.69100000000003,325.69100000000003
964,TT3,BESTEFFORT,MISSED,m1-1,320.782,"{'m1-1': 2.343, 'm2-1': 1.37, 'm3-1': 5.531, 'm4-1': 0.971}",3.3503999999998997,323.88800000000003,inf,325.98199999999997,325.98199999999997,325.98199999999997
965,TT1,BESTEFFORT,COMPLETED,m4-1,320.966,"{'m1-1': 2.475, 'm2-1': 1.639, 'm3-1': 3.901, 'm4-1': 0.861}",1.2915,322.528,323.389,inf,325.966,325.966
966,TT1,BESTEFFORT,CANCELLED,,321.024,"{'m1-1': 1.976, 'm2-1': 1.639, 'm3-1': 4.024, 'm4-1': 0.824}",0.0,inf,inf,inf,326.024,326.024
967,TT3,BESTEFFORT,CANCELLED,,321.209,"{'m1-1': 1.849, 'm2-1': 1.618, 'm3-1': 4.317, 'm4-1': 0.994}",0.0,inf,inf,inf,326.409,326.409
968,TT4,BESTEFFORT,MISSED,m2-1,321.48,"{'m1-1': 2.322, 'm2-1': 1.629, 'm3-1': 4.903, 'm4-1': 0.79}",4.683000000000106,324.919,inf,326.48,326.48,326.48
969,TT4,BESTEFFORT,COMPLETED,m4-1,321.498,"{'m1-1': 1.979, 'm2-1': 1.379, 'm3-1': 4.437, 'm4-1': 0.85}",1.275,323.389,324.23900000000003,inf,326.498,326.498
970,TT4,BESTEFFORT,COMPLETED,m4-1,321.99,"{'m1-1': 1.92, 'm2-1': 1.711, 'm3-1': 4.133, 'm4-1': 0.827}",1.2405,324.23900000000003,325.06600000000003,inf,326.99,326.99
971,TT1,BESTEFFORT,COMPLETED,m4-1,322.116,"{'m1-1': 2.354, 'm2-1': 1.638, 'm3-1': 4.43, 'm4-1': 0.76}",1.1400000000000001,325.06600000000003,325.826,inf,327.116,327.116
972,TT2,BESTEFFORT,CANCELLED,,322.486,"{'m1-1': 1.904, 'm2-1': 2.036, 'm3-1': 3.904, 'm4-1': 0.747}",0.0,inf,inf,inf,327.586,327.586
973,TT3,BESTEFFORT,CANCELLED,m4-1,323.171,"{'m1-1': 2.324, 'm2-1': 1.331, 'm3-1': 4.66, 'm4-1': 0.785}",0.0,inf,inf,inf,328.371,328.371
974,TT4,BESTEFFORT,COMPLETED,m1-1,323.348,"{'m1-1': 1.831, 'm2-1': 1.348, 'm3-1': 3.868, 'm4-1': 1.042}",2.9296,325.98199999999997,327.813,inf,328.348,328.348
975,TT4,BESTEFFORT,COMPLETED,m2-1,323.83,"{'m1-1': 2.202, 'm2-1': 1.447, 'm3-1': 5.045, 'm4-1': 0.934}",4.341,326.48,327.927,inf,328.83,328.83
976,TT4,BESTEFFORT,COMPLETED,m3-1,324.085,"{'m1-1': 1.78, 'm2-1': 1.766, 'm3-1': 4.448, 'm4-1': 0.995}",8.006400000000001,324.085,328.53299999999996,inf,329.085,329.085
977,TT3,BESTEFFORT,CANCELLED,m4-1,324.659,"{'m1-1': 2.135, 'm2-1': 1.489, 'm3-1': 5.417, 'm4-1': 0.983}",0.0,inf,inf,inf,329.859,329.859
978,TT4,BESTEFFORT,COMPLETED,m4-1,324.674,"{'m1-1': 2.153, 'm2-1': 1.551, 'm3-1': 3.916, 'm4-1': 0.934}",1.401,325.826,326.76000000000005,inf,329.674,329.674
979,TT2,BESTEFFORT,MISSED,m2-1,324.853,"{'m1-1': 2.386, 'm2-1': 2.109, 'm3-1': 3.827, 'm4-1': 0.96}",6.078000000000031,327.927,inf,329.95300000000003,329.95300000000003,329.95300000000003
980,TT1,BESTEFFORT,COMPLETED,m4-1,325.191,"{'m1-1': 2.361, 'm2-1': 1.654, 'm3-1': 4.536, 'm4-1': 0.744}",1.116,326.76000000000005,327.5040000000001,inf,330.191,330.191
981,TT2,BESTEFFORT,COMPLETED,m4-1,325.259,"{'m1-1': 1.973, 'm2-1': 1.682, 'm3-1': 4.584, 'm4-1': 0.808}",1.2120000000000002,327.5040000000001,328.31200000000007,inf,330.35900000000004,330.35900000000004
982,TT2,BESTEFFORT,COMPLETED,m4-1,325.901,"{'m1-1': 2.352, 'm2-1': 1.554, 'm3-1': 4.578, 'm4-1': 0.837}",1.2555,328.31200000000007,329.14900000000006,inf,331.00100000000003,331.00100000000003
983,TT1,BESTEFFORT,COMPLETED,m1-1,325.907,"{'m1-1': 2.542, 'm2-1': 1.803, 'm3-1': 4.596, 'm4-1': 0.629}",4.0672,327.813,330.35499999999996,inf,330.907,330.907
984,TT1,BESTEFFORT,CANCELLED,,326.163,"{'m1-1': 2.542, 'm2-1': 1.538, 'm3-1': 4.437, 'm4-1': 0.706}",0.0,inf,inf,inf,331.163,331.163
985,TT1,BESTEFFORT,COMPLETED,m4-1,326.199,"{'m1-1': 2.623, 'm2-1': 1.702, 'm3-1': 4.307, 'm4-1': 0.836}",1.254,329.14900000000006,329.98500000000007,inf,331.199,331.199
986,TT4,BESTEFFORT,CANCELLED,m4-1,326.832,"{'m1-1': 2.346, 'm2-1': 1.815, 'm3-1': 4.649, 'm4-1': 0.825}",0.0,inf,inf,inf,331.832,331.832
987,TT2,BESTEFFORT,COMPLETED,m2-1,326.858,"{'m1-1': 2.234, 'm2-1': 1.801, 'm3-1': 3.94, 'm4-1': 0.733}",5.403,329.95300000000003,331.754,inf,331.958,331.958
988,TT4,BESTEFFORT,MISSED,m1-1,327.249,"{'m1-1': 1.901, 'm2-1': 1.766, 'm3-1': 4.891, 'm4-1': 0.918}",3.0304000000000997,330.35499999999996,inf,332.249,332.249,332.249
989,TT1,BESTEFFORT,COMPLETED,m4-1,327.948,"{'m1-1': 2.563, 'm2-1': 1.871, 'm3-1': 4.169, 'm4-1': 0.854}",1.281,329.98500000000007,330.83900000000006,inf,332.948,332.948
990,TT1,BESTEFFORT,MISSED,m3-1,327.957,"{'m1-1': 2.483, 'm2-1': 1.594, 'm3-1': 4.968, 'm4-1': 0.687}",7.963200000000064,328.53299999999996,inf,332.957,332.957,332.957
991,TT4,BESTEFFORT,MISSED,m2-1,328.297,"{'m1-1': 2.234, 'm2-1': 1.615, 'm3-1': 3.682, 'm4-1': 0.847}",4.629000000000019,331.754,inf,333.297,333.297,333.297
992,TT3,BESTEFFORT,COMPLETED,m4-1,328.327,"{'m1-1': 1.979, 'm2-1': 1.567, 'm3-1': 5.092, 'm4-1': 0.79}",1.185,330.83900000000006,331.6290000000001,inf,333.527,333.527
993,TT4,BESTEFFORT,COMPLETED,m4-1,329.839,"{'m1-1': 2.142, 'm2-1': 1.348, 'm3-1': 4.016, 'm4-1': 1.066}",1.5990000000000002,331.6290000000001,332.69500000000005,inf,334.839,334.839
994,TT1,BESTEFFORT,COMPLETED,m4-1,330.505,"{'m1-1': 2.207, 'm2-1': 1.498, 'm3-1': 4.268, 'm4-1': 0.822}",1.2329999999999999,332.69500000000005,333.51700000000005,inf,335.505,335.505
995,TT3,BESTEFFORT,COMPLETED,m1-1,330.578,"{'m1-1': 1.87, 'm2-1': 1.537, 'm3-1': 4.957, 'm4-1': 0.964}",2.9920000000000004,332.249,334.119,inf,335.77799999999996,335.77799999999996
996,TT2,BESTEFFORT,COMPLETED,m2-1,330.722,"{'m1-1': 2.4, 'm2-1': 2.115, 'm3-1': 4.61, 'm4-1': 0.801}",6.345000000000001,333.297,335.41200000000003,inf,335.822,335.822
997,TT3,BESTEFFORT,COMPLETED,m4-1,331.05,"{'m1-1': 2.271, 'm2-1': 1.759, 'm3-1': 5.921, 'm4-1': 0.764}",1.146,333.51700000000005,334.28100000000006,inf,336.25,336.25
998,TT2,BESTEFFORT,COMPLETED,m4-1,331.901,"{'m1-1': 2.182, 'm2-1': 1.807, 'm3-1': 4.086, 'm4-1': 0.727}",1.0905,334.28100000000006,335.00800000000004,inf,337.00100000000003,337.00100000000003
999,TT3,BESTEFFORT,COMPLETED,m4-1,333.21,"{'m1-1': 2.4, 'm2-1': 1.743, 'm3-1': 5.77, 'm4-1': 0.999}",1.4985,335.00800000000004,336.00700000000006,inf,338.40999999999997,338.40999999999997
1000,TT1,BESTEFFORT,COMPLETED,m4-1,334.092,"{'m1-1': 2.197, 'm2-1': 1.434, 'm3-1': 4.075, 'm4-1': 0.746}",1.119,336.00700000000006,336.75300000000004,inf,339.092,339.092
1001,TT1,BESTEFFORT,COMPLETED,m4-1,334.59,"{'m1-1': 2.421, 'm2-1': 1.883, 'm3-1': 4.486, 'm4-1': 0.671}",1.0065,336.75300000000004,337.42400000000004,inf,339.59,339.59
1002,TT3,BESTEFFORT,COMPLETED,m1-1,334.727,"{'m1-1': 2.414, 'm2-1': 1.468, 'm3-1': 4.306, 'm4-1': 0.841}",3.8624000000000005,334.727,337.14099999999996,inf,339.92699999999996,339.92699999999996
1003,TT4,BESTEFFORT,COMPLETED,m1-1,334.981,"{'m1-1': 1.955, 'm2-1': 1.56, 'm3-1': 4.694, 'm4-1': 1.067}",3.128,337.14099999999996,339.09599999999995,inf,339.981,339.981
1004,TT2,BESTEFFORT,COMPLETED,m4-1,335.196,"{'m1-1': 2.311, 'm2-1': 1.747, 'm3-1': 4.275, 'm4-1': 0.928}",1.3920000000000001,337.42400000000004,338.35200000000003,inf,340.29600000000005,340.29600000000005
1005,TT4,BESTEFFORT,COMPLETED,m4-1,336.734,"{'m1-1': 2.163, 'm2-1': 1.643, 'm3-1': 4.591, 'm4-1': 0.817}",1.2254999999999998,338.35200000000003,339.16900000000004,inf,341.734,341.734
1006,TT4,BESTEFFORT,COMPLETED,m4-1,337.103,"{'m1-1': 2.111, 'm2-1': 1.349, 'm3-1': 3.906, 'm4-1': 0.921}",1.3815,339.16900000000004,340.09000000000003,inf,342.103,342.103
1007,TT1,BESTEFFORT,COMPLETED,m1-1,337.113,"{'m1-1': 2.603, 'm2-1': 1.663, 'm3-1': 4.296, 'm4-1': 0.81}",4.1648000000000005,339.09599999999995,341.69899999999996,inf,342.113,342.113
1008,TT1,BESTEFFORT,COMPLETED,m4-1,337.878,"{'m1-1': 2.291, 'm2-1': 1.959, 'm3-1': 3.747, 'm4-1': 0.765}",1.1475,340.09000000000003,340.855,inf,342.878,342.878
1009,TT1,BESTEFFORT,COMPLETED,m2-1,338.308,"{'m1-1': 2.497, 'm2-1': 1.969, 'm3-1': 3.997, 'm4-1': 0.655}",5.907,338.308,340.277,inf,343.308,343.308
1010,TT3,BESTEFFORT,COMPLETED,m4-1,338.438,"{'m1-1': 2.207, 'm2-1': 1.758, 'm3-1': 4.61, 'm4-1': 0.987}",1.4805,340.855,341.84200000000004,inf,343.638,343.638
1011,TT2,BESTEFFORT,COMPLETED,m2-1,338.667,"{'m1-1': 2.397, 'm2-1': 2.012, 'm3-1': 3.984, 'm4-1': 0.848}",6.036,340.277,342.289,inf,343.767,343.767
1012,TT3,BESTEFFORT,COMPLETED,m4-1,339.178,"{'m1-1': 2.392, 'm2-1': 1.718, 'm3-1': 4.615, 'm4-1': 0.793}",1.1895,341.84200000000004,342.63500000000005,inf,344.378,344.378
1013,TT1,BESTEFFORT,COMPLETED,m1-1,339.742,"{'m1-1': 1.919, 'm2-1': 1.439, 'm3-1': 5.05, 'm4-1': 0.628}",3.0704000000000002,341.69899999999996,343.61799999999994,inf,344.742,344.742
1014,TT1,BESTEFFORT,COMPLETED,m2-1,339.87,"{'m1-1': 2.346, 'm2-1': 1.836, 'm3-1': 4.889, 'm4-1': 0.823}",5.508,342.289,344.125,inf,344.87,344.87
1015,TT2,BESTEFFORT,COMPLETED,m3-1,339.991,"{'m1-1': 2.228, 'm2-1': 1.821, 'm3-1': 3.648, 'm4-1': 0.963}",6.566400000000001,339.991,343.639,inf,345.091,345.091
1016,TT1,BESTEFFORT,COMPLETED,m4-1,340.659,"{'m1-1': 2.248, 'm2-1': 1.543, 'm3-1': 4.645, 'm4-1': 0.823}",1.2345,342.63500000000005,343.458,inf,345.659,345.659
1017,TT1,BESTEFFORT,COMPLETED,m4-1,341.168,"{'m1-1': 2.55, 'm2-1': 1.445, 'm3-1': 4.367, 'm4-1': 0.749}",1.1235,343.458,344.20700000000005,inf,346.168,346.168
1018,TT3,BESTEFFORT,COMPLETED,m1-1,341.601,"{'m1-1': 1.979, 'm2-1': 1.768, 'm3-1': 5.236, 'm4-1': 0.783}",3.1664000000000003,343.61799999999994,345.5969999999999,inf,346.801,346.801
1019,TT1,BESTEFFORT,COMPLETED,m4-1,342.665,"{'m1-1': 2.324, 'm2-1': 1.631, 'm3-1': 5.049, 'm4-1': 0.742}",1.113,344.20700000000005,344.94900000000007,inf,347.665,347.665
1020,TT4,BESTEFFORT,COMPLETED,m4-1,342.768,"{'m1-1': 2.075, 'm2-1': 1.637, 'm3-1': 3.704, 'm4-1': 1.039}",1.5585,344.94900000000007,345.98800000000006,inf,347.768,347.768
1021,TT2,BESTEFFORT,COMPLETED,m2-1,343.137,"{'m1-1': 2.604, 'm2-1': 1.747, 'm3-1': 4.3, 'm4-1': 0.983}",5.2410000000000005,344.125,345.872,inf,348.237,348.237
1022,TT3,BESTEFFORT,COMPLETED,m2-1,343.294,"{'m1-1': 1.792, 'm2-1': 1.642, 'm3-1': 4.657, 'm4-1': 0.757}",4.926,345.872,347.514,inf,348.49399999999997,348.49399999999997
1023,TT1,BESTEFFORT,COMPLETED,m3-1,343.325,"{'m1-1': 2.092, 'm2-1': 1.514, 'm3-1': 4.267, 'm4-1': 0.668}",7.680600000000001,343.639,347.906,inf,348.325,348.325
1024,TT4,BESTEFFORT,COMPLETED,m4-1,343.365,"{'m1-1': 2.454, 'm2-1': 1.36, 'm3-1': 4.364, 'm4-1': 1.063}",1.5945,345.98800000000006,347.05100000000004,inf,348.365,348.365
1025,TT1,BESTEFFORT,COMPLETED,m1-1,343.493,"{'m1-1': 1.983, 'm2-1': 1.516, 'm3-1': 4.495, 'm4-1': 0.759}",3.1728000000000005,345.5969999999999,347.5799999999999,inf,348.493,348.493
1026,TT3,BESTEFFORT,CANCELLED,,343.609,"{'m1-1': 2.392, 'm2-1': 1.76, 'm3-1': 4.327, 'm4-1': 0.72}",0.0,inf,inf,inf,348.80899999999997,348.80899999999997
1027,TT3,BESTEFFORT,MISSED,m2-1,343.888,"{'m1-1': 2.084, 'm2-1': 1.587, 'm3-1': 5.967, 'm4-1': 0.734}",4.721999999999866,347.514,inf,349.08799999999997,349.08799999999997,349.08799999999997
1028,TT4,BESTEFFORT,COMPLETED,m4-1,344.646,"{'m1-1': 2.04, 'm2-1': 1.798, 'm3-1': 4.662, 'm4-1': 0.762}",1.143,347.05100000000004,347.81300000000005,inf,349.646,349.646
1029,TT3,BESTEFFORT,COMPLETED,m4-1,345.424,"{'m1-1': 1.969, 'm2-1': 1.567, 'm3-1': 5.795, 'm4-1': 0.785}",1.1775,347.81300000000005,348.59800000000007,inf,350.62399999999997,350.62399999999997
1030,TT4,BESTEFFORT,COMPLETED,m4-1,346.009,"{'m1-1': 2.397, 'm2-1': 1.815, 'm3-1': 4.555, 'm4-1': 0.897}",1.3455,348.59800000000007,349.49500000000006,inf,351.009,351.009
1031,TT2,BESTEFFORT,COMPLETED,m1-1,346.487,"{'m1-1': 2.095, 'm2-1': 1.629, 'm3-1': 5.131, 'm4-1': 0.929}",3.3520000000000003,347.5799999999999,349.67499999999995,inf,351.58700000000005,351.58700000000005
1032,TT1,BESTEFFORT,COMPLETED,m4-1,347.137,"{'m1-1': 2.315, 'm2-1': 1.988, 'm3-1': 4.889, 'm4-1': 0.684}",1.026,349.49500000000006,350.1790000000001,inf,352.137,352.137
1033,TT2,BESTEFFORT,COMPLETED,m1-1,347.542,"{'m1-1': 2.401, 'm2-1': 2.037, 'm3-1': 3.812, 'm4-1': 0.99}",3.8415999999999997,349.67499999999995,352.07599999999996,inf,352.642,352.642
1034,TT2,BESTEFFORT,COMPLETED,m4-1,348.232,"{'m1-1': 1.943, 'm2-1': 1.881, 'm3-1': 3.972, 'm4-1': 0.734}",1.101,350.1790000000001,350.91300000000007,inf,353.33200000000005,353.33200000000005
1035,TT2,BESTEFFORT,COMPLETED,m2-1,348.253,"{'m1-1': 2.491, 'm2-1': 1.776, 'm3-1': 4.174, 'm4-1': 0.9}",5.328,349.08799999999997,350.864,inf,353.353,353.353
1036,TT2,BESTEFFORT,COMPLETED,m2-1,348.371,"{'m1-1': 2.295, 'm2-1': 1.933, 'm3-1': 4.344, 'm4-1': 0.771}",5.799,350.864,352.79699999999997,inf,353.471,353.471
1037,TT1,BESTEFFORT,CANCELLED,m4-1,348.73,"{'m1-1': 2.469, 'm2-1': 1.932, 'm3-1': 4.999, 'm4-1': 0.833}",0.0,inf,inf,inf,353.73,353.73
1038,TT1,BESTEFFORT,COMPLETED,m3-1,348.814,"{'m1-1': 2.099, 'm2-1': 1.766, 'm3-1': 4.896, 'm4-1': 0.851}",8.8128,348.814,353.71000000000004,inf,353.814,353.814
1039,TT4,BESTEFFORT,COMPLETED,m4-1,348.821,"{'m1-1': 1.764, 'm2-1': 1.646, 'm3-1': 4.499, 'm4-1': 0.775}",1.1625,351.65100000000007,352.42600000000004,inf,353.821,353.821
1040,TT2,BESTEFFORT,COMPLETED,m4-1,348.835,"{'m1-1': 2.127, 'm2-1': 1.811, 'm3-1': 4.128, 'm4-1': 0.738}",1.107,350.91300000000007,351.65100000000007,inf,353.935,353.935
1041,TT3,BESTEFFORT,COMPLETED,m1-1,349.519,"{'m1-1': 1.789, 'm2-1': 1.688, 'm3-1': 5.648, 'm4-1': 0.764}",2.8624,352.07599999999996,353.86499999999995,inf,354.719,354.719
1042,TT4,BESTEFFORT,CANCELLED,m4-1,350.385,"{'m1-1': 1.924, 'm2-1': 1.423, 'm3-1': 3.989, 'm4-1': 1.043}",0.0,inf,inf,inf,355.385,355.385
1043,TT1,BESTEFFORT,MISSED,m1-1,350.685,"{'m1-1': 1.938, 'm2-1': 1.885, 'm3-1': 4.41, 'm4-1': 0.707}",2.9120000000000803,353.86499999999995,inf,355.685,355.685,355.685
1044,TT2,BESTEFFORT,COMPLETED,m2-1,350.804,"{'m1-1': 2.115, 'm2-1': 1.849, 'm3-1': 4.773, 'm4-1': 0.867}",5.547,352.79699999999997,354.64599999999996,inf,355.904,355.904
1045,TT2,BESTEFFORT,COMPLETED,m4-1,351.265,"{'m1-1': 2.285, 'm2-1': 1.73, 'm3-1': 4.3, 'm4-1': 0.904}",1.356,352.42600000000004,353.33000000000004,inf,356.365,356.365
1046,TT2,BESTEFFORT,COMPLETED,m4-1,352.067,"{'m1-1': 2.102, 'm2-1': 1.609, 'm3-1': 4.84, 'm4-1': 0.91}",1.365,353.33000000000004,354.24000000000007,inf,357.16700000000003,357.16700000000003
1047,TT1,BESTEFFORT,COMPLETED,m2-1,352.214,"{'m1-1': 2.088, 'm2-1': 1.639, 'm3-1': 4.657, 'm4-1': 0.863}",4.917,354.64599999999996,356.28499999999997,inf,357.214,357.214
1048,TT2,BESTEFFORT,COMPLETED,m4-1,352.392,"{'m1-1': 2.118, 'm2-1': 1.823, 'm3-1': 3.876, 'm4-1': 0.817}",1.2254999999999998,354.24000000000007,355.0570000000001,inf,357.492,357.492
1049,TT2,BESTEFFORT,COMPLETED,m4-1,352.854,"{'m1-1': 1.944, 'm2-1': 1.737, 'm3-1': 4.541, 'm4-1': 0.913}",1.3695,355.0570000000001,355.9700000000001,inf,357.954,357.954
1050,TT1,BESTEFFORT,MISSED,m3-1,353.0,"{'m1-1': 2.328, 'm2-1': 1.899, 'm3-1': 4.874, 'm4-1': 0.763}",7.721999999999935,353.71000000000004,inf,358.0,358.0,358.0
1051,TT2,BESTEFFORT,COMPLETED,m1-1,353.167,"{'m1-1': 2.312, 'm2-1': 1.826, 'm3-1': 4.119, 'm4-1': 0.771}",3.6992,355.685,357.997,inf,358.267,358.267
1052,TT4,BESTEFFORT,CANCELLED,m4-1,353.452,"{'m1-1': 2.187, 'm2-1': 1.891, 'm3-1': 4.554, 'm4-1': 1.043}",0.0,inf,inf,inf,358.452,358.452
1053,TT2,BESTEFFORT,COMPLETED,m2-1,353.659,"{'m1-1': 2.416, 'm2-1': 1.677, 'm3-1': 4.872, 'm4-1': 0.884}",5.031000000000001,356.28499999999997,357.962,inf,358.759,358.759
1054,TT1,BESTEFFORT,CANCELLED,m4-1,353.691,"{'m1-1': 2.242, 'm2-1': 1.844, 'm3-1': 3.937, 'm4-1': 0.837}",0.0,inf,inf,inf,358.691,358.691
1055,TT1,BESTEFFORT,CANCELLED,,353.913,"{'m1-1': 1.916, 'm2-1': 1.896, 'm3-1': 4.312, 'm4-1': 0.826}",0.0,inf,inf,inf,358.913,358.913
1056,TT3,BESTEFFORT,CANCELLED,,353.987,"{'m1-1': 2.268, 'm2-1': 1.351, 'm3-1': 4.452, 'm4-1': 0.785}",0.0,inf,inf,inf,359.187,359.187
1057,TT4,BESTEFFORT,CANCELLED,m4-1,354.078,"{'m1-1': 2.421, 'm2-1': 1.391, 'm3-1': 5.134, 'm4-1': 0.792}",0.0,inf,inf,inf,359.078,359.078
1058,TT4,BESTEFFORT,COMPLETED,m4-1,354.145,"{'m1-1': 2.018, 'm2-1': 1.815, 'm3-1': 3.869, 'm4-1': 1.063}",1.5945,355.9700000000001,357.0330000000001,inf,359.145,359.145
1059,TT3,BESTEFFORT,CANCELLED,,354.15,"{'m1-1': 2.414, 'm2-1': 1.619, 'm3-1': 4.615, 'm4-1': 0.834}",0.0,inf,inf,inf,359.34999999999997,359.34999999999997
1060,TT1,BESTEFFORT,COMPLETED,m4-1,354.507,"{'m1-1': 2.363, 'm2-1': 1.857, 'm3-1': 4.088, 'm4-1': 0.839}",1.2585,357.0330000000001,357.87200000000007,inf,359.507,359.507
1061,TT2,BESTEFFORT,MISSED,m1-1,354.872,"{'m1-1': 2.523, 'm2-1': 1.658, 'm3-1': 4.464, 'm4-1': 0.736}",3.1600000000000366,357.997,inf,359.97200000000004,359.97200000000004,359.97200000000004
1062,TT2,BESTEFFORT,COMPLETED,m4-1,355.045,"{'m1-1': 2.132, 'm2-1': 1.636, 'm3-1': 3.795, 'm4-1': 0.896}",1.344,357.87200000000007,358.7680000000001,inf,360.14500000000004,360.14500000000004
1063,TT2,BESTEFFORT,COMPLETED,m2-1,355.622,"{'m1-1': 2.211, 'm2-1': 1.845, 'm3-1': 4.821, 'm4-1': 0.859}",5.535,357.962,359.807,inf,360.72200000000004,360.72200000000004
1064,TT3,BESTEFFORT,CANCELLED,m4-1,356.284,"{'m1-1': 2.208, 'm2-1': 1.694, 'm3-1': 5.526, 'm4-1': 0.717}",0.0,inf,inf,inf,361.484,361.484
1065,TT1,BESTEFFORT,COMPLETED,m4-1,356.288,"{'m1-1': 2.223, 'm2-1': 1.452, 'm3-1': 4.5, 'm4-1': 0.629}",0.9435,358.7680000000001,359.3970000000001,inf,361.288,361.288
1066,TT4,BESTEFFORT,COMPLETED,m2-1,356.808,"{'m1-1': 1.853, 'm2-1': 1.671, 'm3-1': 4.856, 'm4-1': 1.067}",5.013,359.807,361.478,inf,361.808,361.808
1067,TT4,BESTEFFORT,COMPLETED,m4-1,357.664,"{'m1-1': 1.759, 'm2-1': 1.803, 'm3-1': 3.756, 'm4-1': 0.962}",1.443,359.3970000000001,360.3590000000001,inf,362.664,362.664
1068,TT4,BESTEFFORT,COMPLETED,m1-1,357.677,"{'m1-1': 2.112, 'm2-1': 1.809, 'm3-1': 4.618, 'm4-1': 1.053}",3.3792000000000004,359.97200000000004,362.08400000000006,inf,362.677,362.677
1069,TT1,BESTEFFORT,COMPLETED,m4-1,358.062,"{'m1-1': 2.155, 'm2-1': 1.515, 'm3-1': 4.711, 'm4-1': 0.679}",1.0185,360.3590000000001,361.03800000000007,inf,363.062,363.062
1070,TT2,BESTEFFORT,COMPLETED,m2-1,358.448,"{'m1-1': 2.542, 'm2-1': 1.97, 'm3-1': 4.331, 'm4-1': 0.988}",5.91,361.478,363.44800000000004,inf,363.548,363.548
1071,TT4,BESTEFFORT,COMPLETED,m3-1,358.688,"{'m1-1': 2.118, 'm2-1': 1.727, 'm3-1': 4.924, 'm4-1': 0.859}",8.8632,358.688,363.61199999999997,inf,363.688,363.688
1072,TT1,BESTEFFORT,COMPLETED,m4-1,359.0,"{'m1-1': 2.471, 'm2-1': 1.916, 'm3-1': 4.945, 'm4-1': 0.786}",1.179,361.03800000000007,361.82400000000007,inf,364.0,364.0
1073,TT1,BESTEFFORT,COMPLETED,m4-1,359.866,"{'m1-1': 1.882, 'm2-1': 1.639, 'm3-1': 4.515, 'm4-1': 0.734}",1.101,361.82400000000007,362.55800000000005,inf,364.866,364.866
1074,TT2,BESTEFFORT,COMPLETED,m4-1,361.045,"{'m1-1': 2.439, 'm2-1': 1.844, 'm3-1': 4.255, 'm4-1': 0.734}",1.101,362.55800000000005,363.29200000000003,inf,366.14500000000004,366.14500000000004
1075,TT1,BESTEFFORT,COMPLETED,m4-1,361.075,"{'m1-1': 2.511, 'm2-1': 1.799, 'm3-1': 4.805, 'm4-1': 0.667}",1.0005000000000002,363.29200000000003,363.959,inf,366.075,366.075
1076,TT2,BESTEFFORT,COMPLETED,m1-1,361.549,"{'m1-1': 2.0, 'm2-1': 1.571, 'm3-1': 4.79, 'm4-1': 0.807}",3.2,362.08400000000006,364.08400000000006,inf,366.649,366.649
1077,TT4,BESTEFFORT,COMPLETED,m1-1,361.798,"{'m1-1': 2.078, 'm2-1': 1.861, 'm3-1': 4.551, 'm4-1': 0.851}",3.3247999999999998,364.08400000000006,366.16200000000003,inf,366.798,366.798
1078,TT4,BESTEFFORT,COMPLETED,m4-1,362.113,"{'m1-1': 1.894, 'm2-1': 1.713, 'm3-1': 3.794, 'm4-1': 0.823}",1.2345,363.959,364.782,inf,367.113,367.113
1079,TT4,BESTEFFORT,COMPLETED,m2-1,362.117,"{'m1-1': 2.102, 'm2-1': 1.373, 'm3-1': 4.846, 'm4-1': 1.016}",4.119,363.44800000000004,364.821,inf,367.117,367.117
1080,TT1,BESTEFFORT,COMPLETED,m2-1,362.386,"{'m1-1': 2.431, 'm2-1': 1.647, 'm3-1': 4.149, 'm4-1': 0.738}",4.941,364.821,366.468,inf,367.386,367.386
1081,TT1,BESTEFFORT,COMPLETED,m4-1,362.592,"{'m1-1': 2.467, 'm2-1': 1.757, 'm3-1': 4.491, 'm4-1': 0.809}",1.2135,364.782,365.591,inf,367.592,367.592
1082,TT2,BESTEFFORT,COMPLETED,m4-1,363.301,"{'m1-1': 2.243, 'm2-1': 1.92, 'm3-1': 4.586, 'm4-1': 0.771}",1.1565,365.591,366.362,inf,368.401,368.401
1083,TT1,BESTEFFORT,COMPLETED,m1-1,363.958,"{'m1-1': 2.373, 'm2-1': 1.406, 'm3-1': 4.36, 'm4-1': 0.647}",3.7968000000000006,366.16200000000003,368.535,inf,368.958,368.958
1084,TT1,BESTEFFORT,COMPLETED,m4-1,363.993,"{'m1-1': 2.5, 'm2-1': 1.434, 'm3-1': 4.013, 'm4-1': 0.738}",1.107,366.362,367.1,inf,368.993,368.993
1085,TT1,BESTEFFORT,COMPLETED,m2-1,364.195,"{'m1-1': 2.049, 'm2-1': 1.435, 'm3-1': 4.96, 'm4-1': 0.819}",4.305,366.468,367.903,inf,369.195,369.195
1086,TT1,BESTEFFORT,COMPLETED,m2-1,364.647,"{'m1-1': 1.896, 'm2-1': 1.543, 'm3-1': 3.908, 'm4-1': 0.693}",4.629,367.903,369.446,inf,369.647,369.647
1087,TT4,BESTEFFORT,CANCELLED,m4-1,365.346,"{'m1-1': 2.364, 'm2-1': 1.813, 'm3-1': 4.19, 'm4-1': 0.792}",0.0,inf,inf,inf,370.346,370.346
1088,TT2,BESTEFFORT,MISSED,m1-1,365.477,"{'m1-1': 2.043, 'm2-1': 1.935, 'm3-1': 4.365, 'm4-1': 0.924}",3.2671999999999572,368.535,inf,370.577,370.577,370.577
1089,TT3,BESTEFFORT,COMPLETED,m4-1,365.547,"{'m1-1': 1.926, 'm2-1': 1.454, 'm3-1': 5.75, 'm4-1': 0.878}",1.317,367.1,367.978,inf,370.747,370.747
1090,TT2,BESTEFFORT,COMPLETED,m4-1,366.089,"{'m1-1': 1.873, 'm2-1': 1.512, 'm3-1': 4.584, 'm4-1': 0.917}",1.3755000000000002,367.978,368.895,inf,371.189,371.189
1091,TT4,BESTEFFORT,COMPLETED,m3-1,366.138,"{'m1-1': 2.217, 'm2-1': 1.508, 'm3-1': 4.013, 'm4-1': 0.835}",7.2234,366.138,370.15099999999995,inf,371.138,371.138
1092,TT2,BESTEFFORT,COMPLETED,m4-1,367.497,"{'m1-1': 2.467, 'm2-1': 1.711, 'm3-1': 3.886, 'm4-1': 0.966}",1.4489999999999998,368.895,369.861,inf,372.59700000000004,372.59700000000004
1093,TT1,BESTEFFORT,COMPLETED,m4-1,368.259,"{'m1-1': 1.988, 'm2-1': 1.423, 'm3-1': 4.307, 'm4-1': 0.755}",1.1325,369.861,370.616,inf,373.259,373.259
1094,TT4,BESTEFFORT,COMPLETED,m4-1,368.496,"{'m1-1': 2.102, 'm2-1': 1.832, 'm3-1': 4.817, 'm4-1': 0.905}",1.3575,370.616,371.52099999999996,inf,373.496,373.496
1095,TT4,BESTEFFORT,COMPLETED,m4-1,368.993,"{'m1-1': 2.087, 'm2-1': 1.551, 'm3-1': 4.554, 'm4-1': 0.815}",1.2225,371.52099999999996,372.33599999999996,inf,373.993,373.993
1096,TT3,BESTEFFORT,COMPLETED,m1-1,369.258,"{'m1-1': 2.348, 'm2-1': 1.727, 'm3-1': 4.964, 'm4-1': 0.796}",3.7568,370.577,372.925,inf,374.45799999999997,374.45799999999997
1097,TT1,BESTEFFORT,COMPLETED,m4-1,370.103,"{'m1-1': 2.34, 'm2-1': 1.975, 'm3-1': 5.051, 'm4-1': 0.704}",1.056,372.33599999999996,373.03999999999996,inf,375.103,375.103
1098,TT1,BESTEFFORT,COMPLETED,m4-1,371.278,"{'m1-1': 2.15, 'm2-1': 1.675, 'm3-1': 3.672, 'm4-1': 0.616}",0.9239999999999999,373.03999999999996,373.65599999999995,inf,376.278,376.278
1099,TT3,BESTEFFORT,COMPLETED,m4-1,371.66,"{'m1-1': 1.96, 'm2-1': 1.783, 'm3-1': 4.712, 'm4-1': 0.968}",1.452,373.65599999999995,374.62399999999997,inf,376.86,376.86
1100,TT1,BESTEFFORT,COMPLETED,m1-1,371.918,"{'m1-1': 1.968, 'm2-1': 1.569, 'm3-1': 4.606, 'm4-1': 0.755}",3.1488,372.925,374.89300000000003,inf,376.918,376.918
1101,TT2,BESTEFFORT,COMPLETED,m1-1,372.004,"{'m1-1': 2.129, 'm2-1': 1.561, 'm3-1': 4.564, 'm4-1': 0.965}",3.4064,374.89300000000003,377.02200000000005,inf,377.10400000000004,377.10400000000004
1102,TT3,BESTEFFORT,COMPLETED,m4-1,372.546,"{'m1-1': 2.149, 'm2-1': 1.581, 'm3-1': 5.4, 'm4-1': 1.004}",1.506,374.62399999999997,375.628,inf,377.746,377.746
1103,TT1,BESTEFFORT,COMPLETED,m2-1,372.675,"{'m1-1': 2.269, 'm2-1': 1.434, 'm3-1': 4.618, 'm4-1': 0.727}",4.302,372.675,374.10900000000004,inf,377.675,377.675
1104,TT2,BESTEFFORT,COMPLETED,m2-1,372.884,"{'m1-1': 2.51, 'm2-1': 1.792, 'm3-1': 3.962, 'm4-1': 0.897}",5.376,374.10900000000004,375.901,inf,377.98400000000004,377.98400000000004
1105,TT3,BESTEFFORT,COMPLETED,m4-1,373.167,"{'m1-1': 2.293, 'm2-1': 1.323, 'm3-1': 5.77, 'm4-1': 0.796}",1.194,375.628,376.424,inf,378.36699999999996,378.36699999999996
1106,TT3,BESTEFFORT,COMPLETED,m2-1,373.542,"{'m1-1': 2.24, 'm2-1': 1.576, 'm3-1': 5.788, 'm4-1': 0.855}",4.728,375.901,377.47700000000003,inf,378.74199999999996,378.74199999999996
1107,TT3,BESTEFFORT,COMPLETED,m4-1,373.808,"{'m1-1': 1.927, 'm2-1': 1.654, 'm3-1': 4.648, 'm4-1': 0.926}",1.389,376.424,377.34999999999997,inf,379.008,379.008
1108,TT1,BESTEFFORT,COMPLETED,m2-1,374.468,"{'m1-1': 2.574, 'm2-1': 1.582, 'm3-1': 3.685, 'm4-1': 0.659}",4.746,377.47700000000003,379.059,inf,379.468,379.468
1109,TT4,BESTEFFORT,COMPLETED,m4-1,375.526,"{'m1-1': 2.136, 'm2-1': 1.512, 'm3-1': 5.125, 'm4-1': 0.953}",1.4295,377.34999999999997,378.30299999999994,inf,380.526,380.526
1110,TT2,BESTEFFORT,COMPLETED,m1-1,375.548,"{'m1-1': 2.215, 'm2-1': 1.644, 'm3-1': 4.137, 'm4-1': 0.938}",3.544,377.02200000000005,379.237,inf,380.648,380.648
1111,TT1,BESTEFFORT,CANCELLED,m4-1,375.823,"{'m1-1': 1.874, 'm2-1': 1.651, 'm3-1': 3.881, 'm4-1': 0.703}",0.0,inf,inf,inf,380.823,380.823
1112,TT2,BESTEFFORT,COMPLETED,m3-1,375.907,"{'m1-1': 2.35, 'm2-1': 2.057, 'm3-1': 4.886, 'm4-1': 0.868}",8.7948,375.907,380.793,inf,381.007,381.007
1113,TT2,BESTEFFORT,COMPLETED,m2-1,376.071,"{'m1-1': 2.109, 'm2-1': 2.074, 'm3-1': 5.099, 'm4-1': 0.907}",6.2219999999999995,379.059,381.13300000000004,inf,381.17100000000005,381.17100000000005
1114,TT2,BESTEFFORT,COMPLETED,m1-1,376.236,"{'m1-1': 1.969, 'm2-1': 2.075, 'm3-1': 4.909, 'm4-1': 0.914}",3.1504000000000003,379.237,381.206,inf,381.336,381.336
1115,TT3,BESTEFFORT,COMPLETED,m4-1,376.368,"{'m1-1': 2.129, 'm2-1': 1.561, 'm3-1': 5.003, 'm4-1': 0.847}",1.2705,378.30299999999994,379.1499999999999,inf,381.568,381.568
1116,TT3,BESTEFFORT,COMPLETED,m4-1,377.972,"{'m1-1': 2.236, 'm2-1': 1.446, 'm3-1': 5.486, 'm4-1': 0.882}",1.323,379.1499999999999,380.0319999999999,inf,383.17199999999997,383.17199999999997
1117,TT4,BESTEFFORT,COMPLETED,m4-1,378.059,"{'m1-1': 1.948, 'm2-1': 1.65, 'm3-1': 4.782, 'm4-1': 0.815}",1.2225,380.0319999999999,380.8469999999999,inf,383.059,383.059
1118,TT3,BESTEFFORT,MISSED,m1-1,378.152,"{'m1-1': 2.369, 'm2-1': 1.56, 'm3-1': 5.784, 'm4-1': 0.716}",3.433599999999933,381.206,inf,383.352,383.352,383.352
1119,TT3,BESTEFFORT,COMPLETED,m4-1,378.427,"{'m1-1': 2.218, 'm2-1': 1.642, 'm3-1': 5.822, 'm4-1': 0.809}",1.2135,380.8469999999999,381.65599999999995,inf,383.627,383.627
1120,TT1,BESTEFFORT,COMPLETED,m2-1,378.429,"{'m1-1': 1.868, 'm2-1': 1.835, 'm3-1': 4.896, 'm4-1': 0.636}",5.505,381.13300000000004,382.968,inf,383.429,383.429
1121,TT4,BESTEFFORT,CANCELLED,,378.479,"{'m1-1': 2.302, 'm2-1': 1.692, 'm3-1': 4.162, 'm4-1': 0.777}",0.0,inf,inf,inf,383.479,383.479
1122,TT2,BESTEFFORT,CANCELLED,m4-1,378.643,"{'m1-1': 2.209, 'm2-1': 1.871, 'm3-1': 4.815, 'm4-1': 0.837}",0.0,inf,inf,inf,383.743,383.743
1123,TT1,BESTEFFORT,MISSED,m3-1,379.17,"{'m1-1': 2.248, 'm2-1': 1.649, 'm3-1': 3.8, 'm4-1': 0.76}",6.0786000000000175,380.793,inf,384.17,384.17,384.17
1124,TT4,BESTEFFORT,MISSED,m2-1,379.221,"{'m1-1': 2.059, 'm2-1': 1.792, 'm3-1': 4.483, 'm4-1': 0.945}",3.7589999999999577,382.968,inf,384.221,384.221,384.221
1125,TT1,BESTEFFORT,COMPLETED,m4-1,380.012,"{'m1-1': 2.177, 'm2-1': 1.671, 'm3-1': 3.657, 'm4-1': 0.695}",1.0425,381.65599999999995,382.35099999999994,inf,385.012,385.012
1126,TT3,BESTEFFORT,CANCELLED,m4-1,381.002,"{'m1-1': 2.317, 'm2-1': 1.609, 'm3-1': 5.661, 'm4-1': 0.871}",0.0,inf,inf,inf,386.202,386.202
1127,TT4,BESTEFFORT,COMPLETED,m1-1,381.168,"{'m1-1': 1.747, 'm2-1': 1.665, 'm3-1': 3.766, 'm4-1': 0.981}",2.7952000000000004,383.352,385.099,inf,386.168,386.168
1128,TT1,BESTEFFORT,COMPLETED,m2-1,381.29,"{'m1-1': 2.192, 'm2-1': 1.433, 'm3-1': 4.624, 'm4-1': 0.831}",4.299,384.221,385.654,inf,386.29,386.29
1129,TT1,BESTEFFORT,COMPLETED,m4-1,381.34,"{'m1-1': 1.9, 'm2-1': 1.952, 'm3-1': 5.003, 'm4-1': 0.652}",0.978,382.35099999999994,383.00299999999993,inf,386.34,386.34
1130,TT4,BESTEFFORT,COMPLETED,m4-1,381.727,"{'m1-1': 2.314, 'm2-1': 1.477, 'm3-1': 4.916, 'm4-1': 0.912}",1.368,383.00299999999993,383.9149999999999,inf,386.727,386.727
1131,TT4,BESTEFFORT,CANCELLED,,381.774,"{'m1-1': 2.046, 'm2-1': 1.609, 'm3-1': 3.976, 'm4-1': 0.917}",0.0,inf,inf,inf,386.774,386.774
1132,TT4,BESTEFFORT,CANCELLED,,381.807,"{'m1-1': 2.189, 'm2-1': 1.772, 'm3-1': 4.352, 'm4-1': 0.859}",0.0,inf,inf,inf,386.807,386.807
1133,TT1,BESTEFFORT,CANCELLED,m4-1,382.051,"{'m1-1': 2.082, 'm2-1': 1.988, 'm3-1': 4.236, 'm4-1': 0.765}",0.0,inf,inf,inf,387.051,387.051
1134,TT4,BESTEFFORT,COMPLETED,m4-1,382.143,"{'m1-1': 2.167, 'm2-1': 1.502, 'm3-1': 4.868, 'm4-1': 0.857}",1.2854999999999999,383.9149999999999,384.77199999999993,inf,387.143,387.143
1135,TT3,BESTEFFORT,COMPLETED,m1-1,382.235,"{'m1-1': 2.023, 'm2-1': 1.588, 'm3-1': 4.842, 'm4-1': 0.914}",3.2368000000000006,385.099,387.122,inf,387.435,387.435
1136,TT4,BESTEFFORT,COMPLETED,m4-1,382.337,"{'m1-1': 2.158, 'm2-1': 1.364, 'm3-1': 4.742, 'm4-1': 1.022}",1.533,384.77199999999993,385.7939999999999,inf,387.337,387.337
1137,TT4,BESTEFFORT,COMPLETED,m4-1,382.503,"{'m1-1': 2.276, 'm2-1': 1.534, 'm3-1': 4.036, 'm4-1': 0.856}",1.284,385.7939999999999,386.6499999999999,inf,387.503,387.503
1138,TT1,BESTEFFORT,COMPLETED,m2-1,382.733,"{'m1-1': 2.424, 'm2-1': 1.922, 'm3-1': 4.616, 'm4-1': 0.687}",5.766,385.654,387.576,inf,387.733,387.733
1139,TT3,BESTEFFORT,CANCELLED,,383.256,"{'m1-1': 1.823, 'm2-1': 1.484, 'm3-1': 5.488, 'm4-1': 1.014}",0.0,inf,inf,inf,388.45599999999996,388.45599999999996
1140,TT2,BESTEFFORT,CANCELLED,,383.468,"{'m1-1': 2.418, 'm2-1': 2.005, 'm3-1': 4.605, 'm4-1': 0.888}",0.0,inf,inf,inf,388.56800000000004,388.56800000000004
1141,TT1,BESTEFFORT,COMPLETED,m4-1,383.478,"{'m1-1': 2.59, 'm2-1': 1.406, 'm3-1': 4.266, 'm4-1': 0.643}",0.9645,386.6499999999999,387.2929999999999,inf,388.478,388.478
1142,TT3,BESTEFFORT,MISSED,m3-1,383.94,"{'m1-1': 2.027, 'm2-1': 1.657, 'm3-1': 5.853, 'm4-1': 0.874}",8.945999999999946,384.17,inf,389.14,389.14,389.14
1143,TT1,BESTEFFORT,CANCELLED,,384.052,"{'m1-1': 1.972, 'm2-1': 1.817, 'm3-1': 3.726, 'm4-1': 0.72}",0.0,inf,inf,inf,389.052,389.052
1144,TT2,BESTEFFORT,COMPLETED,m4-1,384.537,"{'m1-1': 2.141, 'm2-1': 1.912, 'm3-1': 4.626, 'm4-1': 0.791}",1.1865,387.2929999999999,388.0839999999999,inf,389.637,389.637
1145,TT3,BESTEFFORT,COMPLETED,m1-1,384.984,"{'m1-1': 1.759, 'm2-1': 1.386, 'm3-1': 5.753, 'm4-1': 0.887}",2.8144,387.122,388.88100000000003,inf,390.18399999999997,390.18399999999997
1146,TT1,BESTEFFORT,COMPLETED,m4-1,386.032,"{'m1-1': 2.334, 'm2-1': 1.95, 'm3-1': 5.049, 'm4-1': 0.656}",0.984,388.0839999999999,388.7399999999999,inf,391.032,391.032
1147,TT2,BESTEFFORT,COMPLETED,m2-1,386.109,"{'m1-1': 2.005, 'm2-1': 1.62, 'm3-1': 4.365, 'm4-1': 0.87}",4.86,387.576,389.196,inf,391.209,391.209
1148,TT4,BESTEFFORT,COMPLETED,m2-1,386.436,"{'m1-1': 2.116, 'm2-1': 1.525, 'm3-1': 5.125, 'm4-1': 1.004}",4.574999999999999,389.196,390.721,inf,391.436,391.436
1149,TT3,BESTEFFORT,COMPLETED,m1-1,386.557,"{'m1-1': 1.976, 'm2-1': 1.614, 'm3-1': 5.411, 'm4-1': 0.74}",3.1616,388.88100000000003,390.857,inf,391.757,391.757
1150,TT3,BESTEFFORT,COMPLETED,m4-1,387.272,"{'m1-1': 2.367, 'm2-1': 1.639, 'm3-1': 4.772, 'm4-1': 0.76}",1.1400000000000001,388.7399999999999,389.4999999999999,inf,392.472,392.472
1151,TT1,BESTEFFORT,COMPLETED,m4-1,388.715,"{'m1-1': 2.197, 'm2-1': 1.422, 'm3-1': 4.922, 'm4-1': 0.843}",1.2645,389.4999999999999,390.3429999999999,inf,393.715,393.715
1152,TT2,BESTEFFORT,COMPLETED,m4-1,389.095,"{'m1-1': 2.45, 'm2-1': 2.144, 'm3-1': 4.809, 'm4-1': 0.975}",1.4625,390.3429999999999,391.3179999999999,inf,394.19500000000005,394.19500000000005
1153,TT3,BESTEFFORT,COMPLETED,m4-1,389.241,"{'m1-1': 2.329, 'm2-1': 1.485, 'm3-1': 5.785, 'm4-1': 0.944}",1.416,391.3179999999999,392.26199999999994,inf,394.441,394.441
1154,TT4,BESTEFFORT,COMPLETED,m4-1,389.946,"{'m1-1': 1.73, 'm2-1': 1.74, 'm3-1': 4.386, 'm4-1': 0.966}",1.4489999999999998,392.26199999999994,393.22799999999995,inf,394.946,394.946
1155,TT1,BESTEFFORT,COMPLETED,m4-1,390.344,"{'m1-1': 2.34, 'm2-1': 1.519, 'm3-1': 3.692, 'm4-1': 0.808}",1.2120000000000002,393.22799999999995,394.03599999999994,inf,395.344,395.344
1156,TT1,BESTEFFORT,COMPLETED,m1-1,390.732,"{'m1-1': 2.473, 'm2-1': 1.605, 'm3-1': 4.452, 'm4-1': 0.655}",3.9568,390.857,393.33000000000004,inf,395.732,395.732
1157,TT3,BESTEFFORT,COMPLETED,m1-1,391.199,"{'m1-1': 2.068, 'm2-1': 1.723, 'm3-1': 4.685, 'm4-1': 1.01}",3.3088,393.33000000000004,395.398,inf,396.399,396.399
1158,TT2,BESTEFFORT,COMPLETED,m4-1,392.094,"{'m1-1': 2.401, 'm2-1': 1.845, 'm3-1': 3.869, 'm4-1': 0.976}",1.464,394.03599999999994,395.01199999999994,inf,397.194,397.194
1159,TT4,BESTEFFORT,COMPLETED,m2-1,392.107,"{'m1-1': 2.256, 'm2-1': 1.372, 'm3-1': 4.467, 'm4-1': 0.984}",4.1160000000000005,392.107,393.47900000000004,inf,397.107,397.107
1160,TT1,BESTEFFORT,COMPLETED,m2-1,392.183,"{'m1-1': 2.065, 'm2-1': 1.872, 'm3-1': 4.354, 'm4-1': 0.671}",5.6160000000000005,393.47900000000004,395.35100000000006,inf,397.183,397.183
1161,TT2,BESTEFFORT,COMPLETED,m2-1,392.238,"{'m1-1': 2.243, 'm2-1': 1.793, 'm3-1': 4.739, 'm4-1': 0.926}",5.379,395.35100000000006,397.14400000000006,inf,397.338,397.338
1162,TT2,BESTEFFORT,CANCELLED,m4-1,392.441,"{'m1-1': 1.893, 'm2-1': 1.872, 'm3-1': 4.759, 'm4-1': 0.751}",0.0,inf,inf,inf,397.541,397.541
1163,TT1,BESTEFFORT,MISSED,m1-1,392.646,"{'m1-1': 2.419, 'm2-1': 1.754, 'm3-1': 3.832, 'm4-1': 0.821}",3.596799999999985,395.398,inf,397.646,397.646,397.646
1164,TT2,BESTEFFORT,COMPLETED,m3-1,392.791,"{'m1-1': 2.401, 'm2-1': 1.694, 'm3-1': 4.578, 'm4-1': 0.811}",8.240400000000001,392.791,397.36899999999997,inf,397.891,397.891
1165,TT4,BESTEFFORT,COMPLETED,m4-1,393.156,"{'m1-1': 2.086, 'm2-1': 1.415, 'm3-1': 4.022, 'm4-1': 0.907}",1.3605,395.01199999999994,395.9189999999999,inf,398.156,398.156
1166,TT3,BESTEFFORT,COMPLETED,m4-1,393.552,"{'m1-1': 2.315, 'm2-1': 1.773, 'm3-1': 4.572, 'm4-1': 0.815}",1.2225,395.9189999999999,396.7339999999999,inf,398.752,398.752
1167,TT3,BESTEFFORT,COMPLETED,m2-1,393.842,"{'m1-1': 1.747, 'm2-1': 1.469, 'm3-1': 5.222, 'm4-1': 0.734}",4.407,397.14400000000006,398.61300000000006,inf,399.042,399.042
1168,TT3,BESTEFFORT,COMPLETED,m4-1,394.13,"{'m1-1': 2.253, 'm2-1': 1.79, 'm3-1': 4.488, 'm4-1': 0.792}",1.1880000000000002,396.7339999999999,397.5259999999999,inf,399.33,399.33
1169,TT1,BESTEFFORT,CANCELLED,,394.395,"{'m1-1': 2.059, 'm2-1': 1.69, 'm3-1': 4.96, 'm4-1': 0.724}",0.0,inf,inf,inf,399.395,399.395
1170,TT1,BESTEFFORT,CANCELLED,m4-1,394.534,"{'m1-1': 2.14, 'm2-1': 1.741, 'm3-1': 3.64, 'm4-1': 0.796}",0.0,inf,inf,inf,399.534,399.534
1171,TT4,BESTEFFORT,COMPLETED,m1-1,394.819,"{'m1-1': 2.062, 'm2-1': 1.605, 'm3-1': 4.164, 'm4-1': 0.79}",3.2992,397.646,399.708,inf,399.819,399.819
1172,TT4,BESTEFFORT,COMPLETED,m4-1,395.026,"{'m1-1': 1.751, 'm2-1': 1.386, 'm3-1': 3.682, 'm4-1': 1.05}",1.5750000000000002,397.5259999999999,398.5759999999999,inf,400.026,400.026
1173,TT3,BESTEFFORT,COMPLETED,m2-1,395.091,"{'m1-1': 2.253, 'm2-1': 1.49, 'm3-1': 4.305, 'm4-1': 0.958}",4.47,398.61300000000006,400.10300000000007,inf,400.291,400.291
1174,TT1,BESTEFFORT,CANCELLED,,395.22,"{'m1-1': 2.453, 'm2-1': 1.907, 'm3-1': 3.972, 'm4-1': 0.795}",0.0,inf,inf,inf,400.22,400.22
1175,TT4,BESTEFFORT,CANCELLED,,395.276,"{'m1-1': 1.827, 'm2-1': 1.422, 'm3-1': 3.763, 'm4-1': 0.853}",0.0,inf,inf,inf,400.276,400.276
1176,TT2,BESTEFFORT,CANCELLED,,395.459,"{'m1-1': 2.566, 'm2-1': 1.58, 'm3-1': 4.62, 'm4-1': 0.971}",0.0,inf,inf,inf,400.559,400.559
1177,TT1,BESTEFFORT,CANCELLED,m4-1,395.541,"{'m1-1': 2.27, 'm2-1': 1.716, 'm3-1': 4.471, 'm4-1': 0.672}",0.0,inf,inf,inf,400.541,400.541
1178,TT1,BESTEFFORT,MISSED,m3-1,395.668,"{'m1-1': 2.581, 'm2-1': 1.858, 'm3-1': 3.931, 'm4-1': 0.612}",5.938200000000063,397.36899999999997,inf,400.668,400.668,400.668
1179,TT4,BESTEFFORT,COMPLETED,m4-1,396.112,"{'m1-1': 1.758, 'm2-1': 1.659, 'm3-1': 3.825, 'm4-1': 0.837}",1.2555,398.5759999999999,399.4129999999999,inf,401.112,401.112
1180,TT4,BESTEFFORT,COMPLETED,m4-1,396.833,"{'m1-1': 2.293, 'm2-1': 1.413, 'm3-1': 3.756, 'm4-1': 1.005}",1.5074999999999998,399.4129999999999,400.4179999999999,inf,401.833,401.833
1181,TT3,BESTEFFORT,COMPLETED,m1-1,396.922,"{'m1-1': 2.271, 'm2-1': 1.448, 'm3-1': 4.48, 'm4-1': 0.731}",3.6336,399.708,401.97900000000004,inf,402.122,402.122
1182,TT3,BESTEFFORT,COMPLETED,m2-1,397.345,"{'m1-1': 2.375, 'm2-1': 1.784, 'm3-1': 5.719, 'm4-1': 0.815}",5.352,400.10300000000007,401.88700000000006,inf,402.545,402.545
1183,TT4,BESTEFFORT,COMPLETED,m4-1,397.736,"{'m1-1': 2.446, 'm2-1': 1.803, 'm3-1': 3.758, 'm4-1': 0.991}",1.4865,400.4179999999999,401.4089999999999,inf,402.736,402.736
1184,TT1,BESTEFFORT,COMPLETED,m2-1,398.505,"{'m1-1': 2.496, 'm2-1': 1.492, 'm3-1': 5.102, 'm4-1': 0.726}",4.476,401.88700000000006,403.3790000000001,inf,403.505,403.505
1185,TT1,BESTEFFORT,COMPLETED,m4-1,398.524,"{'m1-1': 2.528, 'm2-1': 1.549, 'm3-1': 3.824, 'm4-1': 0.773}",1.1595,401.4089999999999,402.1819999999999,inf,403.524,403.524
1186,TT4,BESTEFFORT,MISSED,m1-1,398.545,"{'m1-1': 2.016, 'm2-1': 1.576, 'm3-1': 4.576, 'm4-1': 1.015}",2.5055999999999585,401.97900000000004,inf,403.545,403.545,403.545
1187,TT1,BESTEFFORT,COMPLETED,m4-1,399.021,"{'m1-1': 2.15, 'm2-1': 1.968, 'm3-1': 4.889, 'm4-1': 0.661}",0.9915,402.1819999999999,402.8429999999999,inf,404.021,404.021
1188,TT4,BESTEFFORT,CANCELLED,,399.335,"{'m1-1': 1.935, 'm2-1': 1.598, 'm3-1': 4.767, 'm4-1': 0.936}",0.0,inf,inf,inf,404.335,404.335
1189,TT3,BESTEFFORT,MISSED,m2-1,399.452,"{'m1-1': 1.954, 'm2-1': 1.446, 'm3-1': 5.621, 'm4-1': 1.011}",3.8189999999997326,403.3790000000001,inf,404.652,404.652,404.652
1190,TT2,BESTEFFORT,CANCELLED,,399.636,"{'m1-1': 2.447, 'm2-1': 2.008, 'm3-1': 3.624, 'm4-1': 0.786}",0.0,inf,inf,inf,404.73600000000005,404.73600000000005
1191,TT3,BESTEFFORT,CANCELLED,,399.897,"{'m1-1': 1.872, 'm2-1': 1.344, 'm3-1': 5.93, 'm4-1': 0.888}",0.0,inf,inf,inf,405.097,405.097
1192,TT3,BESTEFFORT,CANCELLED,,400.035,"{'m1-1': 1.985, 'm2-1': 1.499, 'm3-1': 4.73, 'm4-1': 0.815}",0.0,inf,inf,inf,405.235,405.235
1193,TT1,BESTEFFORT,COMPLETED,m4-1,400.078,"{'m1-1': 1.997, 'm2-1': 1.439, 'm3-1': 3.912, 'm4-1': 0.623}",0.9345,402.8429999999999,403.4659999999999,inf,405.078,405.078
1194,TT2,BESTEFFORT,MISSED,m1-1,400.696,"{'m1-1': 2.581, 'm2-1': 2.078, 'm3-1': 4.533, 'm4-1': 0.995}",3.601600000000053,403.545,inf,405.79600000000005,405.79600000000005,405.79600000000005
1195,TT3,BESTEFFORT,MISSED,m2-1,401.037,"{'m1-1': 1.811, 'm2-1': 1.674, 'm3-1': 4.552, 'm4-1': 0.974}",4.754999999999939,404.652,inf,406.23699999999997,406.23699999999997,406.23699999999997
1196,TT4,BESTEFFORT,COMPLETED,m3-1,401.057,"{'m1-1': 2.086, 'm2-1': 1.651, 'm3-1': 4.312, 'm4-1': 1.009}",7.7616000000000005,401.057,405.369,inf,406.057,406.057
1197,TT2,BESTEFFORT,CANCELLED,m4-1,401.817,"{'m1-1': 2.094, 'm2-1': 2.04, 'm3-1': 4.514, 'm4-1': 0.756}",0.0,inf,inf,inf,406.91700000000003,406.91700000000003
1198,TT3,BESTEFFORT,COMPLETED,m4-1,402.392,"{'m1-1': 1.724, 'm2-1': 1.749, 'm3-1': 4.527, 'm4-1': 0.977}",1.4655,403.4659999999999,404.44299999999987,inf,407.592,407.592
1199,TT3,BESTEFFORT,COMPLETED,m1-1,402.457,"{'m1-1': 1.767, 'm2-1': 1.395, 'm3-1': 4.886, 'm4-1': 0.937}",2.8272,405.79600000000005,407.56300000000005,inf,407.657,407.657
1200,TT2,BESTEFFORT,CANCELLED,m4-1,403.083,"{'m1-1': 1.982, 'm2-1': 1.998, 'm3-1': 5.097, 'm4-1': 0.763}",0.0,inf,inf,inf,408.18300000000005,408.18300000000005
1201,TT3,BESTEFFORT,COMPLETED,m2-1,403.142,"{'m1-1': 2.106, 'm2-1': 1.447, 'm3-1': 5.301, 'm4-1': 0.815}",4.341,406.23699999999997,407.68399999999997,inf,408.342,408.342
1202,TT3,BESTEFFORT,COMPLETED,m4-1,403.26,"{'m1-1': 2.431, 'm2-1': 1.677, 'm3-1': 4.779, 'm4-1': 0.985}",1.4775,404.44299999999987,405.4279999999999,inf,408.46,408.46
1203,TT1,BESTEFFORT,CANCELLED,m4-1,403.311,"{'m1-1': 2.277, 'm2-1': 1.69, 'm3-1': 3.773, 'm4-1': 0.811}",0.0,inf,inf,inf,408.311,408.311
1204,TT4,BESTEFFORT,COMPLETED,m4-1,403.396,"{'m1-1': 2.398, 'm2-1': 1.692, 'm3-1': 3.873, 'm4-1': 0.8}",1.2000000000000002,405.4279999999999,406.2279999999999,inf,408.396,408.396
1205,TT2,BESTEFFORT,COMPLETED,m4-1,403.403,"{'m1-1': 2.139, 'm2-1': 1.871, 'm3-1': 4.817, 'm4-1': 0.797}",1.1955,407.2589999999999,408.0559999999999,inf,408.50300000000004,408.50300000000004
1206,TT4,BESTEFFORT,COMPLETED,m4-1,403.958,"{'m1-1': 1.858, 'm2-1': 1.629, 'm3-1': 4.713, 'm4-1': 1.031}",1.5465,406.2279999999999,407.2589999999999,inf,408.958,408.958
1207,TT2,BESTEFFORT,COMPLETED,m4-1,405.6,"{'m1-1': 2.007, 'm2-1': 2.109, 'm3-1': 4.651, 'm4-1': 0.799}",1.1985000000000001,408.0559999999999,408.8549999999999,inf,410.70000000000005,410.70000000000005
1208,TT4,BESTEFFORT,CANCELLED,m4-1,406.238,"{'m1-1': 2.005, 'm2-1': 1.341, 'm3-1': 3.996, 'm4-1': 0.824}",0.0,inf,inf,inf,411.238,411.238
1209,TT4,BESTEFFORT,COMPLETED,m1-1,406.256,"{'m1-1': 2.0, 'm2-1': 1.555, 'm3-1': 4.575, 'm4-1': 0.759}",3.2,407.56300000000005,409.56300000000005,inf,411.256,411.256
1210,TT3,BESTEFFORT,COMPLETED,m2-1,406.322,"{'m1-1': 1.765, 'm2-1': 1.607, 'm3-1': 5.471, 'm4-1': 0.838}",4.821,407.68399999999997,409.291,inf,411.522,411.522
1211,TT2,BESTEFFORT,MISSED,m1-1,406.508,"{'m1-1': 2.532, 'm2-1': 1.709, 'm3-1': 4.274, 'm4-1': 0.738}",3.2719999999999345,409.56300000000005,inf,411.608,411.608,411.608
1212,TT3,BESTEFFORT,COMPLETED,m2-1,406.596,"{'m1-1': 2.015, 'm2-1': 1.653, 'm3-1': 5.229, 'm4-1': 0.802}",4.959,409.291,410.944,inf,411.796,411.796
1213,TT3,BESTEFFORT,MISSED,m3-1,406.909,"{'m1-1': 1.828, 'm2-1': 1.374, 'm3-1': 5.91, 'm4-1': 0.799}",9.35999999999998,406.909,inf,412.109,412.109,412.109
1214,TT2,BESTEFFORT,COMPLETED,m4-1,407.465,"{'m1-1': 1.88, 'm2-1': 2.059, 'm3-1': 4.125, 'm4-1': 0.941}",1.4115,408.8549999999999,409.7959999999999,inf,412.565,412.565
1215,TT1,BESTEFFORT,COMPLETED,m2-1,407.708,"{'m1-1': 2.16, 'm2-1': 1.604, 'm3-1': 4.594, 'm4-1': 0.813}",4.812,410.944,412.548,inf,412.708,412.708
1216,TT3,BESTEFFORT,COMPLETED,m4-1,408.1,"{'m1-1': 1.985, 'm2-1': 1.342, 'm3-1': 5.002, 'm4-1': 1.004}",1.506,409.7959999999999,410.7999999999999,inf,413.3,413.3
1217,TT2,BESTEFFORT,COMPLETED,m4-1,408.135,"{'m1-1': 1.871, 'm2-1': 1.599, 'm3-1': 3.927, 'm4-1': 0.911}",1.3665,410.7999999999999,411.7109999999999,inf,413.235,413.235
1218,TT2,BESTEFFORT,COMPLETED,m4-1,408.221,"{'m1-1': 1.95, 'm2-1': 1.757, 'm3-1': 4.623, 'm4-1': 0.856}",1.284,411.7109999999999,412.5669999999999,inf,413.321,413.321
1219,TT1,BESTEFFORT,MISSED,m1-1,408.757,"{'m1-1': 2.622, 'm2-1': 1.492, 'm3-1': 4.529, 'm4-1': 0.863}",3.4384000000000015,411.608,inf,413.757,413.757,413.757
1220,TT2,BESTEFFORT,COMPLETED,m2-1,409.44,"{'m1-1': 2.122, 'm2-1': 1.556, 'm3-1': 4.26, 'm4-1': 0.946}",4.668,412.548,414.104,inf,414.54,414.54
1221,TT2,BESTEFFORT,COMPLETED,m4-1,409.635,"{'m1-1': 2.611, 'm2-1': 1.953, 'm3-1': 4.98, 'm4-1': 0.727}",1.0905,412.5669999999999,413.29399999999987,inf,414.735,414.735
1222,TT2,BESTEFFORT,CANCELLED,,410.095,"{'m1-1': 2.508, 'm2-1': 1.701, 'm3-1': 4.222, 'm4-1': 0.871}",0.0,inf,inf,inf,415.19500000000005,415.19500000000005
1223,TT3,BESTEFFORT,CANCELLED,,410.146,"{'m1-1': 2.254, 'm2-1': 1.559, 'm3-1': 4.307, 'm4-1': 0.771}",0.0,inf,inf,inf,415.346,415.346
1224,TT2,BESTEFFORT,CANCELLED,,410.255,"{'m1-1': 2.342, 'm2-1': 1.795, 'm3-1': 3.997, 'm4-1': 0.847}",0.0,inf,inf,inf,415.355,415.355
1225,TT1,BESTEFFORT,CANCELLED,,410.424,"{'m1-1': 2.563, 'm2-1': 1.882, 'm3-1': 3.664, 'm4-1': 0.636}",0.0,inf,inf,inf,415.424,415.424
1226,TT2,BESTEFFORT,COMPLETED,m4-1,410.616,"{'m1-1': 2.548, 'm2-1': 1.802, 'm3-1': 4.062, 'm4-1': 1.01}",1.5150000000000001,413.29399999999987,414.30399999999986,inf,415.716,415.716
1227,TT4,BESTEFFORT,CANCELLED,,410.625,"{'m1-1': 1.817, 'm2-1': 1.646, 'm3-1': 3.695, 'm4-1': 0.879}",0.0,inf,inf,inf,415.625,415.625
1228,TT4,BESTEFFORT,MISSED,m1-1,410.677,"{'m1-1': 2.006, 'm2-1': 1.491, 'm3-1': 4.587, 'm4-1': 1.005}",3.072000000000026,413.757,inf,415.677,415.677,415.677
1229,TT2,BESTEFFORT,CANCELLED,,411.01,"{'m1-1': 2.019, 'm2-1': 1.898, 'm3-1': 4.731, 'm4-1': 0.885}",0.0,inf,inf,inf,416.11,416.11
1230,TT4,BESTEFFORT,MISSED,m3-1,411.117,"{'m1-1': 1.772, 'm2-1': 1.615, 'm3-1': 4.88, 'm4-1': 0.817}",7.214400000000069,412.109,inf,416.117,416.117,416.117
1231,TT1,BESTEFFORT,COMPLETED,m2-1,411.484,"{'m1-1': 2.309, 'm2-1': 1.412, 'm3-1': 4.401, 'm4-1': 0.691}",4.236,414.104,415.51599999999996,inf,416.484,416.484
1232,TT4,BESTEFFORT,CANCELLED,,411.532,"{'m1-1': 2.271, 'm2-1': 1.431, 'm3-1': 4.843, 'm4-1': 0.828}",0.0,inf,inf,inf,416.532,416.532
1233,TT4,BESTEFFORT,CANCELLED,,411.554,"{'m1-1': 2.153, 'm2-1': 1.368, 'm3-1': 5.06, 'm4-1': 0.834}",0.0,inf,inf,inf,416.554,416.554
1234,TT4,BESTEFFORT,CANCELLED,,411.567,"{'m1-1': 1.803, 'm2-1': 1.582, 'm3-1': 4.713, 'm4-1': 0.908}",0.0,inf,inf,inf,416.567,416.567
1235,TT2,BESTEFFORT,COMPLETED,m4-1,411.701,"{'m1-1': 2.023, 'm2-1': 1.979, 'm3-1': 4.556, 'm4-1': 0.778}",1.167,414.30399999999986,415.0819999999999,inf,416.80100000000004,416.80100000000004
1236,TT1,BESTEFFORT,CANCELLED,m4-1,412.021,"{'m1-1': 2.566, 'm2-1': 1.866, 'm3-1': 4.43, 'm4-1': 0.619}",0.0,inf,inf,inf,417.021,417.021
1237,TT3,BESTEFFORT,COMPLETED,m2-1,412.771,"{'m1-1': 2.407, 'm2-1': 1.531, 'm3-1': 5.967, 'm4-1': 0.746}",4.593,415.51599999999996,417.04699999999997,inf,417.971,417.971
1238,TT4,BESTEFFORT,COMPLETED,m1-1,412.786,"{'m1-1': 1.899, 'm2-1': 1.462, 'm3-1': 4.102, 'm4-1': 0.911}",3.0384,415.677,417.576,inf,417.786,417.786
1239,TT2,BESTEFFORT,COMPLETED,m4-1,413.03,"{'m1-1': 2.19, 'm2-1': 1.767, 'm3-1': 4.392, 'm4-1': 0.914}",1.371,415.0819999999999,415.99599999999987,inf,418.13,418.13
1240,TT4,BESTEFFORT,COMPLETED,m4-1,413.475,"{'m1-1': 1.755, 'm2-1': 1.499, 'm3-1': 4.076, 'm4-1': 1.017}",1.5254999999999999,415.99599999999987,417.01299999999986,inf,418.475,418.475
1241,TT4,BESTEFFORT,COMPLETED,m4-1,414.58,"{'m1-1': 2.435, 'm2-1': 1.776, 'm3-1': 4.394, 'm4-1': 0.908}",1.362,417.01299999999986,417.9209999999999,inf,419.58,419.58
1242,TT4,BESTEFFORT,COMPLETED,m4-1,415.149,"{'m1-1': 2.135, 'm2-1': 1.404, 'm3-1': 4.817, 'm4-1': 1.007}",1.5105,417.9209999999999,418.9279999999999,inf,420.149,420.149
1243,TT3,BESTEFFORT,COMPLETED,m4-1,416.663,"{'m1-1': 2.252, 'm2-1': 1.318, 'm3-1': 5.656, 'm4-1': 0.801}",1.2015,418.9279999999999,419.72899999999987,inf,421.863,421.863
1244,TT2,BESTEFFORT,COMPLETED,m4-1,417.07,"{'m1-1': 2.434, 'm2-1': 1.726, 'm3-1': 4.087, 'm4-1': 0.921}",1.3815,419.72899999999987,420.64999999999986,inf,422.17,422.17
1245,TT2,BESTEFFORT,COMPLETED,m1-1,417.658,"{'m1-1': 2.491, 'm2-1': 1.917, 'm3-1': 3.731, 'm4-1': 0.967}",3.9856000000000003,417.658,420.149,inf,422.75800000000004,422.75800000000004
1246,TT2,BESTEFFORT,COMPLETED,m4-1,418.138,"{'m1-1': 2.048, 'm2-1': 1.875, 'm3-1': 4.279, 'm4-1': 0.762}",1.143,420.64999999999986,421.41199999999986,inf,423.238,423.238
1247,TT1,BESTEFFORT,COMPLETED,m1-1,418.215,"{'m1-1': 2.379, 'm2-1': 1.562, 'm3-1': 4.613, 'm4-1': 0.672}",3.8064,420.149,422.528,inf,423.215,423.215
1248,TT4,BESTEFFORT,COMPLETED,m2-1,418.282,"{'m1-1': 2.085, 'm2-1': 1.761, 'm3-1': 4.981, 'm4-1': 0.898}",5.2829999999999995,418.282,420.043,inf,423.282,423.282
1249,TT2,BESTEFFORT,COMPLETED,m2-1,418.651,"{'m1-1': 2.382, 'm2-1': 1.53, 'm3-1': 3.86, 'm4-1': 0.862}",4.59,420.043,421.573,inf,423.75100000000003,423.75100000000003
1250,TT3,BESTEFFORT,COMPLETED,m2-1,418.804,"{'m1-1': 1.926, 'm2-1': 1.655, 'm3-1': 5.508, 'm4-1': 0.958}",4.965,421.573,423.22799999999995,inf,424.00399999999996,424.00399999999996
1251,TT3,BESTEFFORT,COMPLETED,m4-1,419.386,"{'m1-1': 2.146, 'm2-1': 1.431, 'm3-1': 5.233, 'm4-1': 0.718}",1.077,421.41199999999986,422.1299999999999,inf,424.586,424.586
1252,TT3,BESTEFFORT,COMPLETED,m1-1,419.512,"{'m1-1': 1.992, 'm2-1': 1.601, 'm3-1': 5.968, 'm4-1': 0.814}",3.1872000000000003,422.528,424.52000000000004,inf,424.712,424.712
1253,TT3,BESTEFFORT,COMPLETED,m4-1,419.947,"{'m1-1': 2.084, 'm2-1': 1.408, 'm3-1': 5.436, 'm4-1': 0.884}",1.326,422.1299999999999,423.0139999999999,inf,425.147,425.147
1254,TT3,BESTEFFORT,COMPLETED,m4-1,420.811,"{'m1-1': 2.069, 'm2-1': 1.711, 'm3-1': 5.969, 'm4-1': 0.79}",1.185,423.0139999999999,423.8039999999999,inf,426.01099999999997,426.01099999999997
1255,TT4,BESTEFFORT,COMPLETED,m2-1,420.931,"{'m1-1': 2.208, 'm2-1': 1.394, 'm3-1': 4.433, 'm4-1': 1.022}",4.1819999999999995,423.22799999999995,424.62199999999996,inf,425.931,425.931
1256,TT2,BESTEFFORT,COMPLETED,m3-1,421.023,"{'m1-1': 2.05, 'm2-1': 1.786, 'm3-1': 4.259, 'm4-1': 1.015}",7.666200000000001,421.023,425.28200000000004,inf,426.12300000000005,426.12300000000005
1257,TT2,BESTEFFORT,COMPLETED,m4-1,422.061,"{'m1-1': 1.877, 'm2-1': 1.604, 'm3-1': 4.379, 'm4-1': 0.923}",1.3845,423.8039999999999,424.7269999999999,inf,427.161,427.161
1258,TT1,BESTEFFORT,COMPLETED,m4-1,422.316,"{'m1-1': 2.4, 'm2-1': 1.424, 'm3-1': 4.783, 'm4-1': 0.686}",1.0290000000000001,424.7269999999999,425.4129999999999,inf,427.316,427.316
1259,TT4,BESTEFFORT,COMPLETED,m1-1,422.351,"{'m1-1': 1.745, 'm2-1': 1.646, 'm3-1': 4.801, 'm4-1': 0.799}",2.7920000000000003,424.52000000000004,426.26500000000004,inf,427.351,427.351
1260,TT1,BESTEFFORT,COMPLETED,m4-1,423.912,"{'m1-1': 2.348, 'm2-1': 1.879, 'm3-1': 4.542, 'm4-1': 0.701}",1.0514999999999999,425.4129999999999,426.1139999999999,inf,428.912,428.912
1261,TT1,BESTEFFORT,COMPLETED,m4-1,424.484,"{'m1-1': 1.951, 'm2-1': 1.462, 'm3-1': 4.76, 'm4-1': 0.7}",1.0499999999999998,426.1139999999999,426.8139999999999,inf,429.484,429.484
1262,TT4,BESTEFFORT,COMPLETED,m4-1,426.03,"{'m1-1': 2.268, 'm2-1': 1.88, 'm3-1': 4.327, 'm4-1': 1.045}",1.5675,426.8139999999999,427.8589999999999,inf,431.03,431.03
1263,TT4,BESTEFFORT,COMPLETED,m4-1,427.145,"{'m1-1': 2.37, 'm2-1': 1.821, 'm3-1': 4.382, 'm4-1': 1.046}",1.569,427.8589999999999,428.9049999999999,inf,432.145,432.145
1264,TT2,BESTEFFORT,COMPLETED,m4-1,427.352,"{'m1-1': 2.048, 'm2-1': 2.057, 'm3-1': 4.05, 'm4-1': 0.818}",1.2269999999999999,428.9049999999999,429.7229999999999,inf,432.452,432.452
1265,TT3,BESTEFFORT,COMPLETED,m4-1,427.531,"{'m1-1': 2.039, 'm2-1': 1.466, 'm3-1': 4.268, 'm4-1': 0.839}",1.2585,429.7229999999999,430.5619999999999,inf,432.731,432.731
1266,TT4,BESTEFFORT,COMPLETED,m1-1,427.846,"{'m1-1': 2.276, 'm2-1': 1.788, 'm3-1': 4.304, 'm4-1': 0.928}",3.6416,427.846,430.122,inf,432.846,432.846
1267,TT2,BESTEFFORT,COMPLETED,m4-1,428.103,"{'m1-1': 2.055, 'm2-1': 1.894, 'm3-1': 3.886, 'm4-1': 0.724}",1.0859999999999999,430.5619999999999,431.2859999999999,inf,433.20300000000003,433.20300000000003
1268,TT4,BESTEFFORT,COMPLETED,m1-1,428.582,"{'m1-1': 1.861, 'm2-1': 1.646, 'm3-1': 4.643, 'm4-1': 0.837}",2.9776000000000002,430.122,431.983,inf,433.582,433.582
1269,TT3,BESTEFFORT,COMPLETED,m4-1,429.021,"{'m1-1': 2.104, 'm2-1': 1.298, 'm3-1': 5.528, 'm4-1': 0.732}",1.0979999999999999,431.2859999999999,432.0179999999999,inf,434.221,434.221
1270,TT3,BESTEFFORT,MISSED,m1-1,429.025,"{'m1-1': 2.318, 'm2-1': 1.681, 'm3-1': 4.467, 'm4-1': 0.772}",3.587199999999939,431.983,inf,434.22499999999997,434.22499999999997,434.22499999999997
1271,TT2,BESTEFFORT,COMPLETED,m2-1,429.406,"{'m1-1': 2.323, 'm2-1': 2.122, 'm3-1': 3.737, 'm4-1': 0.794}",6.366,429.406,431.528,inf,434.50600000000003,434.50600000000003
1272,TT3,BESTEFFORT,COMPLETED,m2-1,429.475,"{'m1-1': 1.763, 'm2-1': 1.617, 'm3-1': 4.572, 'm4-1': 0.811}",4.851,431.528,433.14500000000004,inf,434.675,434.675
1273,TT4,BESTEFFORT,COMPLETED,m3-1,429.507,"{'m1-1': 2.423, 'm2-1': 1.771, 'm3-1': 4.341, 'm4-1': 0.853}",7.8138000000000005,429.507,433.848,inf,434.507,434.507
1274,TT4,BESTEFFORT,COMPLETED,m4-1,429.799,"{'m1-1': 1.966, 'm2-1': 1.884, 'm3-1': 4.648, 'm4-1': 1.038}",1.557,432.0179999999999,433.0559999999999,inf,434.799,434.799
1275,TT4,BESTEFFORT,COMPLETED,m4-1,430.654,"{'m1-1': 2.426, 'm2-1': 1.386, 'm3-1': 3.943, 'm4-1': 0.78}",1.17,433.0559999999999,433.8359999999999,inf,435.654,435.654
1276,TT2,BESTEFFORT,COMPLETED,m2-1,430.938,"{'m1-1': 2.281, 'm2-1': 1.821, 'm3-1': 3.92, 'm4-1': 0.804}",5.463,433.14500000000004,434.96600000000007,inf,436.038,436.038
1277,TT4,BESTEFFORT,COMPLETED,m1-1,431.241,"{'m1-1': 1.912, 'm2-1': 1.358, 'm3-1': 5.06, 'm4-1': 0.934}",3.0592,434.22499999999997,436.13699999999994,inf,436.241,436.241
1278,TT4,BESTEFFORT,COMPLETED,m4-1,431.853,"{'m1-1': 1.877, 'm2-1': 1.595, 'm3-1': 4.288, 'm4-1': 0.952}",1.428,433.8359999999999,434.7879999999999,inf,436.853,436.853
1279,TT1,BESTEFFORT,COMPLETED,m4-1,432.031,"{'m1-1': 1.863, 'm2-1': 1.543, 'm3-1': 4.469, 'm4-1': 0.737}",1.1055,434.7879999999999,435.5249999999999,inf,437.031,437.031
1280,TT2,BESTEFFORT,COMPLETED,m2-1,432.164,"{'m1-1': 2.145, 'm2-1': 1.779, 'm3-1': 4.919, 'm4-1': 0.82}",5.337,434.96600000000007,436.74500000000006,inf,437.264,437.264
1281,TT1,BESTEFFORT,CANCELLED,,432.171,"{'m1-1': 2.218, 'm2-1': 1.642, 'm3-1': 4.405, 'm4-1': 0.773}",0.0,inf,inf,inf,437.171,437.171
1282,TT4,BESTEFFORT,CANCELLED,m4-1,432.279,"{'m1-1': 2.095, 'm2-1': 1.742, 'm3-1': 4.417, 'm4-1': 0.885}",0.0,inf,inf,inf,437.279,437.279
1283,TT3,BESTEFFORT,MISSED,m1-1,432.983,"{'m1-1': 2.191, 'm2-1': 1.396, 'm3-1': 5.77, 'm4-1': 0.95}",3.2736000000000787,436.13699999999994,inf,438.183,438.183,438.183
1284,TT3,BESTEFFORT,CANCELLED,m4-1,433.042,"{'m1-1': 2.249, 'm2-1': 1.462, 'm3-1': 4.942, 'm4-1': 0.965}",0.0,inf,inf,inf,438.24199999999996,438.24199999999996
1285,TT1,BESTEFFORT,MISSED,m2-1,433.285,"{'m1-1': 2.192, 'm2-1': 1.885, 'm3-1': 4.26, 'm4-1': 0.692}",4.619999999999891,436.74500000000006,inf,438.285,438.285,438.285
1286,TT3,BESTEFFORT,MISSED,m3-1,433.615,"{'m1-1': 2.323, 'm2-1': 1.382, 'm3-1': 5.954, 'm4-1': 0.907}",8.940599999999973,433.848,inf,438.815,438.815,438.815
1287,TT1,BESTEFFORT,COMPLETED,m4-1,433.886,"{'m1-1': 2.521, 'm2-1': 1.509, 'm3-1': 3.904, 'm4-1': 0.753}",1.1295,435.5249999999999,436.2779999999999,inf,438.886,438.886
1288,TT2,BESTEFFORT,CANCELLED,,433.899,"{'m1-1': 2.028, 'm2-1': 1.95, 'm3-1': 3.921, 'm4-1': 0.893}",0.0,inf,inf,inf,438.999,438.999
1289,TT4,BESTEFFORT,CANCELLED,,434.047,"{'m1-1': 1.844, 'm2-1': 1.572, 'm3-1': 5.104, 'm4-1': 0.893}",0.0,inf,inf,inf,439.047,439.047
1290,TT2,BESTEFFORT,CANCELLED,,434.064,"{'m1-1': 1.969, 'm2-1': 1.691, 'm3-1': 4.097, 'm4-1': 0.833}",0.0,inf,inf,inf,439.16400000000004,439.16400000000004
1291,TT1,BESTEFFORT,COMPLETED,m4-1,434.171,"{'m1-1': 2.624, 'm2-1': 1.737, 'm3-1': 4.824, 'm4-1': 0.71}",1.065,436.2779999999999,436.9879999999999,inf,439.171,439.171
1292,TT1,BESTEFFORT,COMPLETED,m4-1,434.891,"{'m1-1': 1.955, 'm2-1': 1.501, 'm3-1': 4.342, 'm4-1': 0.719}",1.0785,436.9879999999999,437.7069999999999,inf,439.891,439.891
1293,TT3,BESTEFFORT,COMPLETED,m1-1,435.348,"{'m1-1': 2.008, 'm2-1': 1.716, 'm3-1': 4.721, 'm4-1': 0.87}",3.2128,438.183,440.191,inf,440.548,440.548
1294,TT1,BESTEFFORT,COMPLETED,m2-1,435.489,"{'m1-1': 1.925, 'm2-1': 1.492, 'm3-1': 4.019, 'm4-1': 0.754}",4.476,438.285,439.77700000000004,inf,440.489,440.489
1295,TT1,BESTEFFORT,COMPLETED,m4-1,435.795,"{'m1-1': 1.95, 'm2-1': 1.75, 'm3-1': 4.564, 'm4-1': 0.861}",1.2915,437.7069999999999,438.56799999999987,inf,440.795,440.795
1296,TT3,BESTEFFORT,COMPLETED,m4-1,435.915,"{'m1-1': 2.256, 'm2-1': 1.589, 'm3-1': 5.341, 'm4-1': 0.816}",1.224,438.56799999999987,439.38399999999984,inf,441.115,441.115
1297,TT3,BESTEFFORT,CANCELLED,,436.138,"{'m1-1': 1.726, 'm2-1': 1.38, 'm3-1': 4.951, 'm4-1': 0.841}",0.0,inf,inf,inf,441.33799999999997,441.33799999999997
1298,TT1,BESTEFFORT,CANCELLED,,436.37,"{'m1-1': 2.227, 'm2-1': 1.586, 'm3-1': 5.073, 'm4-1': 0.672}",0.0,inf,inf,inf,441.37,441.37
1299,TT3,BESTEFFORT,MISSED,m1-1,436.765,"{'m1-1': 2.405, 'm2-1': 1.55, 'm3-1': 5.222, 'm4-1': 0.95}",2.838400000000002,440.191,inf,441.965,441.965,441.965
1300,TT4,BESTEFFORT,COMPLETED,m4-1,436.833,"{'m1-1': 2.125, 'm2-1': 1.766, 'm3-1': 4.838, 'm4-1': 0.876}",1.314,439.38399999999984,440.2599999999998,inf,441.833,441.833
1301,TT2,BESTEFFORT,COMPLETED,m2-1,437.36,"{'m1-1': 2.375, 'm2-1': 2.098, 'm3-1': 3.744, 'm4-1': 0.967}",6.294,439.77700000000004,441.87500000000006,inf,442.46000000000004,442.46000000000004
1302,TT2,BESTEFFORT,CANCELLED,m4-1,437.392,"{'m1-1': 1.865, 'm2-1': 2.127, 'm3-1': 3.852, 'm4-1': 0.8}",0.0,inf,inf,inf,442.492,442.492
1303,TT4,BESTEFFORT,MISSED,m3-1,437.687,"{'m1-1': 2.199, 'm2-1': 1.611, 'm3-1': 4.234, 'm4-1': 0.786}",6.9696000000000256,438.815,inf,442.687,442.687,442.687
1304,TT1,BESTEFFORT,COMPLETED,m4-1,437.782,"{'m1-1': 2.535, 'm2-1': 1.544, 'm3-1': 5.1, 'm4-1': 0.818}",1.2269999999999999,440.2599999999998,441.0779999999998,inf,442.782,442.782
1305,TT4,BESTEFFORT,COMPLETED,m4-1,438.194,"{'m1-1': 2.373, 'm2-1': 1.857, 'm3-1': 4.913, 'm4-1': 1.003}",1.5044999999999997,441.0779999999998,442.0809999999998,inf,443.194,443.194
1306,TT4,BESTEFFORT,COMPLETED,m1-1,439.08,"{'m1-1': 2.026, 'm2-1': 1.499, 'm3-1': 4.149, 'm4-1': 0.905}",3.2416,441.965,443.991,inf,444.08,444.08
1307,TT1,BESTEFFORT,COMPLETED,m2-1,439.282,"{'m1-1': 2.094, 'm2-1': 1.807, 'm3-1': 4.272, 'm4-1': 0.835}",5.420999999999999,441.87500000000006,443.6820000000001,inf,444.282,444.282
1308,TT1,BESTEFFORT,COMPLETED,m4-1,440.004,"{'m1-1': 2.482, 'm2-1': 1.99, 'm3-1': 3.627, 'm4-1': 0.703}",1.0545,442.0809999999998,442.78399999999976,inf,445.004,445.004
1309,TT4,BESTEFFORT,COMPLETED,m4-1,440.642,"{'m1-1': 2.371, 'm2-1': 1.847, 'm3-1': 4.729, 'm4-1': 0.821}",1.2315,442.78399999999976,443.6049999999998,inf,445.642,445.642
1310,TT1,BESTEFFORT,COMPLETED,m2-1,440.644,"{'m1-1': 1.885, 'm2-1': 1.454, 'm3-1': 3.627, 'm4-1': 0.763}",4.362,443.6820000000001,445.1360000000001,inf,445.644,445.644
1311,TT4,BESTEFFORT,COMPLETED,m1-1,440.976,"{'m1-1': 1.753, 'm2-1': 1.631, 'm3-1': 3.977, 'm4-1': 0.896}",2.8048,443.991,445.74399999999997,inf,445.976,445.976
1312,TT1,BESTEFFORT,COMPLETED,m4-1,441.549,"{'m1-1': 2.31, 'm2-1': 1.67, 'm3-1': 4.079, 'm4-1': 0.759}",1.1385,443.6049999999998,444.3639999999998,inf,446.549,446.549
1313,TT2,BESTEFFORT,MISSED,m2-1,441.722,"{'m1-1': 2.371, 'm2-1': 1.96, 'm3-1': 4.233, 'm4-1': 0.727}",5.057999999999765,445.1360000000001,inf,446.822,446.822,446.822
1314,TT3,BESTEFFORT,CANCELLED,,441.964,"{'m1-1': 2.054, 'm2-1': 1.725, 'm3-1': 4.591, 'm4-1': 0.808}",0.0,inf,inf,inf,447.164,447.164
1315,TT4,BESTEFFORT,COMPLETED,m4-1,442.038,"{'m1-1': 2.178, 'm2-1': 1.709, 'm3-1': 3.783, 'm4-1': 0.946}",1.419,444.3639999999998,445.30999999999983,inf,447.038,447.038
1316,TT2,BESTEFFORT,CANCELLED,,442.092,"{'m1-1': 2.633, 'm2-1': 1.743, 'm3-1': 3.652, 'm4-1': 0.808}",0.0,inf,inf,inf,447.192,447.192
1317,TT1,BESTEFFORT,MISSED,m3-1,442.571,"{'m1-1': 1.871, 'm2-1': 1.554, 'm3-1': 4.888, 'm4-1': 0.619}",8.791200000000027,442.687,inf,447.571,447.571,447.571
1318,TT4,BESTEFFORT,COMPLETED,m4-1,442.617,"{'m1-1': 2.389, 'm2-1': 1.613, 'm3-1': 5.034, 'm4-1': 0.776}",1.1640000000000001,445.30999999999983,446.08599999999984,inf,447.617,447.617
1319,TT3,BESTEFFORT,COMPLETED,m1-1,442.787,"{'m1-1': 2.181, 'm2-1': 1.733, 'm3-1': 5.801, 'm4-1': 1.014}",3.4896000000000003,445.74399999999997,447.92499999999995,inf,447.98699999999997,447.98699999999997
1320,TT2,BESTEFFORT,CANCELLED,m4-1,443.54,"{'m1-1': 2.438, 'm2-1': 1.571, 'm3-1': 4.44, 'm4-1': 0.893}",0.0,inf,inf,inf,448.64000000000004,448.64000000000004
1321,TT4,BESTEFFORT,COMPLETED,m2-1,444.017,"{'m1-1': 2.012, 'm2-1': 1.691, 'm3-1': 4.268, 'm4-1': 0.9}",5.073,446.822,448.513,inf,449.017,449.017
1322,TT4,BESTEFFORT,COMPLETED,m4-1,444.107,"{'m1-1': 2.136, 'm2-1': 1.709, 'm3-1': 3.969, 'm4-1': 0.953}",1.4295,446.08599999999984,447.0389999999998,inf,449.107,449.107
1323,TT1,BESTEFFORT,COMPLETED,m4-1,444.122,"{'m1-1': 2.228, 'm2-1': 1.541, 'm3-1': 4.922, 'm4-1': 0.848}",1.272,447.0389999999998,447.88699999999983,inf,449.122,449.122
1324,TT2,BESTEFFORT,COMPLETED,m1-1,445.11,"{'m1-1': 2.186, 'm2-1': 1.517, 'm3-1': 3.707, 'm4-1': 1.008}",3.4976000000000003,447.92499999999995,450.11099999999993,inf,450.21000000000004,450.21000000000004
1325,TT1,BESTEFFORT,MISSED,m3-1,445.178,"{'m1-1': 2.35, 'm2-1': 1.452, 'm3-1': 4.757, 'm4-1': 0.693}",4.692599999999948,447.571,inf,450.178,450.178,450.178
1326,TT2,BESTEFFORT,CANCELLED,m4-1,445.346,"{'m1-1': 2.038, 'm2-1': 1.636, 'm3-1': 4.032, 'm4-1': 0.803}",0.0,inf,inf,inf,450.446,450.446
1327,TT3,BESTEFFORT,COMPLETED,m2-1,445.359,"{'m1-1': 2.122, 'm2-1': 1.398, 'm3-1': 4.998, 'm4-1': 0.985}",4.194,448.513,449.911,inf,450.55899999999997,450.55899999999997
1328,TT4,BESTEFFORT,COMPLETED,m4-1,446.049,"{'m1-1': 2.013, 'm2-1': 1.825, 'm3-1': 4.707, 'm4-1': 1.001}",1.5014999999999998,447.88699999999983,448.8879999999998,inf,451.049,451.049
1329,TT1,BESTEFFORT,COMPLETED,m4-1,446.447,"{'m1-1': 2.384, 'm2-1': 1.582, 'm3-1': 3.839, 'm4-1': 0.736}",1.104,448.8879999999998,449.6239999999998,inf,451.447,451.447
1330,TT3,BESTEFFORT,MISSED,m1-1,446.735,"{'m1-1': 1.835, 'm2-1': 1.674, 'm3-1': 5.107, 'm4-1': 0.761}",2.9184000000001107,450.11099999999993,inf,451.935,451.935,451.935
1331,TT1,BESTEFFORT,COMPLETED,m2-1,446.929,"{'m1-1': 2.351, 'm2-1': 1.876, 'm3-1': 3.948, 'm4-1': 0.845}",5.628,449.911,451.787,inf,451.929,451.929
1332,TT4,BESTEFFORT,CANCELLED,m4-1,446.967,"{'m1-1': 1.73, 'm2-1': 1.853, 'm3-1': 4.02, 'm4-1': 0.897}",0.0,inf,inf,inf,451.967,451.967
1333,TT4,BESTEFFORT,CANCELLED,,446.987,"{'m1-1': 1.779, 'm2-1': 1.419, 'm3-1': 3.965, 'm4-1': 0.772}",0.0,inf,inf,inf,451.987,451.987
1334,TT2,BESTEFFORT,COMPLETED,m4-1,447.573,"{'m1-1': 2.052, 'm2-1': 1.785, 'm3-1': 3.799, 'm4-1': 0.854}",1.281,450.4979999999998,451.3519999999998,inf,452.673,452.673
1335,TT2,BESTEFFORT,COMPLETED,m4-1,447.587,"{'m1-1': 2.469, 'm2-1': 1.919, 'm3-1': 3.848, 'm4-1': 0.874}",1.311,449.6239999999998,450.4979999999998,inf,452.687,452.687
1336,TT1,BESTEFFORT,CANCELLED,,448.076,"{'m1-1': 2.009, 'm2-1': 1.608, 'm3-1': 3.724, 'm4-1': 0.748}",0.0,inf,inf,inf,453.076,453.076
1337,TT1,BESTEFFORT,CANCELLED,,448.085,"{'m1-1': 2.183, 'm2-1': 1.433, 'm3-1': 4.033, 'm4-1': 0.687}",0.0,inf,inf,inf,453.085,453.085
1338,TT3,BESTEFFORT,COMPLETED,m2-1,448.345,"{'m1-1': 2.408, 'm2-1': 1.469, 'm3-1': 5.34, 'm4-1': 0.923}",4.407,451.787,453.256,inf,453.545,453.545
1339,TT3,BESTEFFORT,COMPLETED,m4-1,448.587,"{'m1-1': 1.782, 'm2-1': 1.716, 'm3-1': 5.312, 'm4-1': 0.818}",1.2269999999999999,451.3519999999998,452.1699999999998,inf,453.787,453.787
1340,TT3,BESTEFFORT,COMPLETED,m4-1,449.834,"{'m1-1': 2.157, 'm2-1': 1.762, 'm3-1': 5.686, 'm4-1': 0.767}",1.1505,452.1699999999998,452.9369999999998,inf,455.034,455.034
1341,TT3,BESTEFFORT,COMPLETED,m1-1,450.366,"{'m1-1': 1.999, 'm2-1': 1.431, 'm3-1': 5.0, 'm4-1': 0.952}",3.1984000000000004,451.935,453.934,inf,455.566,455.566
1342,TT2,BESTEFFORT,COMPLETED,m4-1,451.175,"{'m1-1': 2.368, 'm2-1': 1.592, 'm3-1': 4.269, 'm4-1': 0.901}",1.3515000000000001,452.9369999999998,453.8379999999998,inf,456.27500000000003,456.27500000000003
1343,TT4,BESTEFFORT,MISSED,m1-1,451.285,"{'m1-1': 2.383, 'm2-1': 1.498, 'm3-1': 3.71, 'm4-1': 0.886}",3.7615999999999987,453.934,inf,456.285,456.285,456.285
1344,TT2,BESTEFFORT,CANCELLED,m4-1,452.055,"{'m1-1': 2.508, 'm2-1': 1.714, 'm3-1': 3.789, 'm4-1': 0.995}",0.0,inf,inf,inf,457.15500000000003,457.15500000000003
1345,TT1,BESTEFFORT,COMPLETED,m2-1,452.121,"{'m1-1': 1.901, 'm2-1': 1.631, 'm3-1': 4.168, 'm4-1': 0.86}",4.893,453.256,454.88699999999994,inf,457.121,457.121
1346,TT3,BESTEFFORT,COMPLETED,m4-1,452.418,"{'m1-1': 2.031, 'm2-1': 1.493, 'm3-1': 5.415, 'm4-1': 0.978}",1.467,453.8379999999998,454.8159999999998,inf,457.618,457.618
1347,TT1,BESTEFFORT,COMPLETED,m2-1,452.617,"{'m1-1': 1.913, 'm2-1': 1.586, 'm3-1': 4.13, 'm4-1': 0.695}",4.758,454.88699999999994,456.47299999999996,inf,457.617,457.617
1348,TT1,BESTEFFORT,COMPLETED,m4-1,453.025,"{'m1-1': 1.904, 'm2-1': 1.958, 'm3-1': 4.116, 'm4-1': 0.676}",1.014,454.8159999999998,455.4919999999998,inf,458.025,458.025
1349,TT3,BESTEFFORT,MISSED,m3-1,453.07,"{'m1-1': 1.991, 'm2-1': 1.727, 'm3-1': 5.551, 'm4-1': 0.844}",9.35999999999998,453.07,inf,458.27,458.27,458.27
1350,TT3,BESTEFFORT,COMPLETED,m4-1,453.077,"{'m1-1': 1.807, 'm2-1': 1.687, 'm3-1': 4.485, 'm4-1': 0.977}",1.4655,455.4919999999998,456.46899999999977,inf,458.277,458.277
1351,TT4,BESTEFFORT,COMPLETED,m4-1,453.214,"{'m1-1': 2.063, 'm2-1': 1.469, 'm3-1': 3.711, 'm4-1': 1.06}",1.59,456.46899999999977,457.52899999999977,inf,458.214,458.214
1352,TT2,BESTEFFORT,MISSED,m1-1,453.587,"{'m1-1': 2.552, 'm2-1': 2.07, 'm3-1': 4.002, 'm4-1': 0.732}",3.843199999999979,456.285,inf,458.687,458.687,458.687
1353,TT4,BESTEFFORT,COMPLETED,m2-1,454.386,"{'m1-1': 1.786, 'm2-1': 1.762, 'm3-1': 4.438, 'm4-1': 1.001}",5.286,456.47299999999996,458.23499999999996,inf,459.386,459.386
1354,TT2,BESTEFFORT,COMPLETED,m4-1,454.922,"{'m1-1': 2.209, 'm2-1': 1.709, 'm3-1': 5.1, 'm4-1': 0.765}",1.1475,457.52899999999977,458.29399999999976,inf,460.02200000000005,460.02200000000005
1355,TT3,BESTEFFORT,COMPLETED,m2-1,455.028,"{'m1-1': 1.902, 'm2-1': 1.319, 'm3-1': 5.457, 'm4-1': 0.84}",3.957,458.23499999999996,459.554,inf,460.228,460.228
1356,TT1,BESTEFFORT,COMPLETED,m4-1,455.969,"{'m1-1': 2.064, 'm2-1': 1.604, 'm3-1': 3.851, 'm4-1': 0.688}",1.032,458.29399999999976,458.98199999999974,inf,460.969,460.969
1357,TT3,BESTEFFORT,COMPLETED,m1-1,456.303,"{'m1-1': 1.916, 'm2-1': 1.552, 'm3-1': 5.264, 'm4-1': 0.956}",3.0656,458.687,460.603,inf,461.503,461.503
1358,TT4,BESTEFFORT,COMPLETED,m4-1,456.939,"{'m1-1': 2.355, 'm2-1': 1.813, 'm3-1': 4.622, 'm4-1': 0.901}",1.3515000000000001,458.98199999999974,459.88299999999975,inf,461.939,461.939
1359,TT2,BESTEFFORT,COMPLETED,m2-1,457.402,"{'m1-1': 2.439, 'm2-1': 1.975, 'm3-1': 4.587, 'm4-1': 1.017}",5.925000000000001,459.554,461.529,inf,462.502,462.502
1360,TT1,BESTEFFORT,COMPLETED,m4-1,457.93,"{'m1-1': 2.119, 'm2-1': 1.657, 'm3-1': 4.161, 'm4-1': 0.687}",1.0305,459.88299999999975,460.56999999999977,inf,462.93,462.93
1361,TT4,BESTEFFORT,COMPLETED,m4-1,458.564,"{'m1-1': 1.804, 'm2-1': 1.397, 'm3-1': 4.751, 'm4-1': 0.937}",1.4055,460.56999999999977,461.5069999999998,inf,463.564,463.564
1362,TT2,BESTEFFORT,COMPLETED,m1-1,458.976,"{'m1-1': 2.455, 'm2-1': 1.806, 'm3-1': 4.409, 'm4-1': 0.752}",3.9280000000000004,460.603,463.058,inf,464.076,464.076
1363,TT1,BESTEFFORT,COMPLETED,m4-1,459.421,"{'m1-1': 2.167, 'm2-1': 1.452, 'm3-1': 3.605, 'm4-1': 0.813}",1.2195,461.5069999999998,462.31999999999977,inf,464.421,464.421
1364,TT1,BESTEFFORT,COMPLETED,m4-1,460.14,"{'m1-1': 2.338, 'm2-1': 1.521, 'm3-1': 4.992, 'm4-1': 0.788}",1.182,462.31999999999977,463.1079999999998,inf,465.14,465.14
1365,TT3,BESTEFFORT,COMPLETED,m2-1,460.188,"{'m1-1': 2.39, 'm2-1': 1.287, 'm3-1': 5.856, 'm4-1': 0.98}",3.8609999999999998,461.529,462.816,inf,465.388,465.388
1366,TT2,BESTEFFORT,COMPLETED,m2-1,460.26,"{'m1-1': 2.169, 'm2-1': 1.819, 'm3-1': 4.995, 'm4-1': 1.007}",5.457,462.816,464.635,inf,465.36,465.36
1367,TT1,BESTEFFORT,COMPLETED,m3-1,460.277,"{'m1-1': 2.202, 'm2-1': 1.882, 'm3-1': 4.93, 'm4-1': 0.845}",8.874,460.277,465.207,inf,465.277,465.277
1368,TT1,BESTEFFORT,COMPLETED,m4-1,461.27,"{'m1-1': 2.374, 'm2-1': 1.463, 'm3-1': 4.454, 'm4-1': 0.754}",1.131,463.1079999999998,463.8619999999998,inf,466.27,466.27
1369,TT1,BESTEFFORT,COMPLETED,m1-1,461.276,"{'m1-1': 1.899, 'm2-1': 1.787, 'm3-1': 4.969, 'm4-1': 0.839}",3.0384,463.058,464.957,inf,466.276,466.276
1370,TT1,BESTEFFORT,CANCELLED,m4-1,461.405,"{'m1-1': 2.525, 'm2-1': 1.497, 'm3-1': 4.851, 'm4-1': 0.693}",0.0,inf,inf,inf,466.405,466.405
1371,TT2,BESTEFFORT,CANCELLED,,461.409,"{'m1-1': 1.891, 'm2-1': 1.903, 'm3-1': 3.751, 'm4-1': 0.807}",0.0,inf,inf,inf,466.509,466.509
1372,TT4,BESTEFFORT,CANCELLED,,461.523,"{'m1-1': 1.885, 'm2-1': 1.819, 'm3-1': 4.908, 'm4-1': 0.775}",0.0,inf,inf,inf,466.523,466.523
1373,TT3,BESTEFFORT,COMPLETED,m2-1,462.169,"{'m1-1': 2.296, 'm2-1': 1.694, 'm3-1': 4.345, 'm4-1': 0.72}",5.082,464.635,466.329,inf,467.36899999999997,467.36899999999997
1374,TT3,BESTEFFORT,COMPLETED,m4-1,462.299,"{'m1-1': 2.016, 'm2-1': 1.286, 'm3-1': 4.225, 'm4-1': 1.011}",1.5164999999999997,463.8619999999998,464.8729999999998,inf,467.49899999999997,467.49899999999997
1375,TT3,BESTEFFORT,COMPLETED,m1-1,462.885,"{'m1-1': 2.417, 'm2-1': 1.667, 'm3-1': 5.835, 'm4-1': 0.757}",3.8672,464.957,467.37399999999997,inf,468.085,468.085
1376,TT3,BESTEFFORT,COMPLETED,m2-1,463.006,"{'m1-1': 1.836, 'm2-1': 1.374, 'm3-1': 4.948, 'm4-1': 0.817}",4.122,466.329,467.70300000000003,inf,468.20599999999996,468.20599999999996
1377,TT2,BESTEFFORT,COMPLETED,m4-1,463.454,"{'m1-1': 2.421, 'm2-1': 1.591, 'm3-1': 4.26, 'm4-1': 0.965}",1.4475,464.8729999999998,465.8379999999998,inf,468.55400000000003,468.55400000000003
1378,TT4,BESTEFFORT,CANCELLED,,463.491,"{'m1-1': 2.208, 'm2-1': 1.834, 'm3-1': 4.648, 'm4-1': 0.775}",0.0,inf,inf,inf,468.491,468.491
1379,TT2,BESTEFFORT,COMPLETED,m4-1,463.595,"{'m1-1': 1.903, 'm2-1': 2.07, 'm3-1': 3.683, 'm4-1': 0.986}",1.479,465.8379999999998,466.8239999999998,inf,468.69500000000005,468.69500000000005
1380,TT2,BESTEFFORT,COMPLETED,m4-1,463.635,"{'m1-1': 2.33, 'm2-1': 2.06, 'm3-1': 3.785, 'm4-1': 0.921}",1.3815,466.8239999999998,467.7449999999998,inf,468.735,468.735
1381,TT1,BESTEFFORT,CANCELLED,,463.872,"{'m1-1': 2.485, 'm2-1': 1.615, 'm3-1': 4.575, 'm4-1': 0.801}",0.0,inf,inf,inf,468.872,468.872
1382,TT1,BESTEFFORT,MISSED,m3-1,463.942,"{'m1-1': 2.183, 'm2-1': 1.77, 'm3-1': 4.763, 'm4-1': 0.625}",6.723000000000025,465.207,inf,468.942,468.942,468.942
1383,TT2,BESTEFFORT,MISSED,m1-1,464.531,"{'m1-1': 2.568, 'm2-1': 1.96, 'm3-1': 3.912, 'm4-1': 0.936}",3.611200000000099,467.37399999999997,inf,469.63100000000003,469.63100000000003,469.63100000000003
1384,TT3,BESTEFFORT,CANCELLED,m4-1,464.928,"{'m1-1': 2.347, 'm2-1': 1.677, 'm3-1': 4.517, 'm4-1': 0.772}",0.0,inf,inf,inf,470.128,470.128
1385,TT1,BESTEFFORT,COMPLETED,m2-1,464.974,"{'m1-1': 2.082, 'm2-1': 1.605, 'm3-1': 4.647, 'm4-1': 0.816}",4.8149999999999995,467.70300000000003,469.30800000000005,inf,469.974,469.974
1386,TT2,BESTEFFORT,COMPLETED,m4-1,465.059,"{'m1-1': 2.542, 'm2-1': 1.533, 'm3-1': 3.796, 'm4-1': 0.861}",1.2915,467.7449999999998,468.60599999999977,inf,470.15900000000005,470.15900000000005
1387,TT3,BESTEFFORT,CANCELLED,,465.164,"{'m1-1': 1.847, 'm2-1': 1.577, 'm3-1': 4.55, 'm4-1': 1.004}",0.0,inf,inf,inf,470.364,470.364
1388,TT4,BESTEFFORT,CANCELLED,,465.85,"{'m1-1': 2.056, 'm2-1': 1.609, 'm3-1': 4.159, 'm4-1': 0.884}",0.0,inf,inf,inf,470.85,470.85
1389,TT4,BESTEFFORT,CANCELLED,,466.199,"{'m1-1': 2.186, 'm2-1': 1.664, 'm3-1': 4.235, 'm4-1': 1.022}",0.0,inf,inf,inf,471.199,471.199
1390,TT1,BESTEFFORT,MISSED,m1-1,466.347,"{'m1-1': 1.954, 'm2-1': 1.905, 'm3-1': 3.858, 'm4-1': 0.859}",2.7455999999999223,469.63100000000003,inf,471.347,471.347,471.347
1391,TT2,BESTEFFORT,COMPLETED,m2-1,466.363,"{'m1-1': 2.481, 'm2-1': 1.519, 'm3-1': 5.115, 'm4-1': 0.94}",4.5569999999999995,469.30800000000005,470.82700000000006,inf,471.463,471.463
1392,TT4,BESTEFFORT,COMPLETED,m4-1,466.627,"{'m1-1': 1.966, 'm2-1': 1.728, 'm3-1': 4.957, 'm4-1': 1.044}",1.566,469.37099999999975,470.41499999999974,inf,471.627,471.627
1393,TT4,BESTEFFORT,COMPLETED,m4-1,466.688,"{'m1-1': 1.925, 'm2-1': 1.664, 'm3-1': 4.932, 'm4-1': 0.765}",1.1475,468.60599999999977,469.37099999999975,inf,471.688,471.688
1394,TT3,BESTEFFORT,CANCELLED,,467.158,"{'m1-1': 2.221, 'm2-1': 1.667, 'm3-1': 4.646, 'm4-1': 0.968}",0.0,inf,inf,inf,472.358,472.358
1395,TT4,BESTEFFORT,COMPLETED,m2-1,467.467,"{'m1-1': 2.06, 'm2-1': 1.476, 'm3-1': 4.207, 'm4-1': 0.983}",4.428,470.82700000000006,472.30300000000005,inf,472.467,472.467
1396,TT4,BESTEFFORT,COMPLETED,m4-1,468.291,"{'m1-1': 1.75, 'm2-1': 1.666, 'm3-1': 3.883, 'm4-1': 1.031}",1.5465,470.41499999999974,471.44599999999974,inf,473.291,473.291
1397,TT2,BESTEFFORT,COMPLETED,m4-1,468.826,"{'m1-1': 2.535, 'm2-1': 1.973, 'm3-1': 4.078, 'm4-1': 1.009}",1.5134999999999998,471.44599999999974,472.45499999999976,inf,473.92600000000004,473.92600000000004
1398,TT3,BESTEFFORT,COMPLETED,m1-1,469.03,"{'m1-1': 1.96, 'm2-1': 1.767, 'm3-1': 5.469, 'm4-1': 0.867}",3.136,471.347,473.30699999999996,inf,474.22999999999996,474.22999999999996
1399,TT1,BESTEFFORT,COMPLETED,m2-1,469.211,"{'m1-1': 1.912, 'm2-1': 1.513, 'm3-1': 5.042, 'm4-1': 0.806}",4.539,472.30300000000005,473.81600000000003,inf,474.211,474.211
1400,TT1,BESTEFFORT,COMPLETED,m3-1,469.312,"{'m1-1': 2.19, 'm2-1': 1.871, 'm3-1': 3.874, 'm4-1': 0.863}",6.9732,469.312,473.18600000000004,inf,474.312,474.312
1401,TT3,BESTEFFORT,CANCELLED,m4-1,469.478,"{'m1-1': 2.341, 'm2-1': 1.774, 'm3-1': 5.0, 'm4-1': 0.745}",0.0,inf,inf,inf,474.678,474.678
1402,TT2,BESTEFFORT,CANCELLED,,469.697,"{'m1-1': 2.024, 'm2-1': 1.791, 'm3-1': 3.667, 'm4-1': 0.756}",0.0,inf,inf,inf,474.797,474.797
1403,TT1,BESTEFFORT,COMPLETED,m4-1,470.226,"{'m1-1': 2.187, 'm2-1': 1.774, 'm3-1': 4.713, 'm4-1': 0.734}",1.101,472.45499999999976,473.18899999999974,inf,475.226,475.226
1404,TT1,BESTEFFORT,COMPLETED,m4-1,470.405,"{'m1-1': 2.383, 'm2-1': 1.654, 'm3-1': 4.711, 'm4-1': 0.695}",1.0425,473.18899999999974,473.88399999999973,inf,475.405,475.405
1405,TT4,BESTEFFORT,COMPLETED,m2-1,470.796,"{'m1-1': 1.947, 'm2-1': 1.529, 'm3-1': 3.826, 'm4-1': 0.855}",4.587,473.81600000000003,475.345,inf,475.796,475.796
1406,TT1,BESTEFFORT,COMPLETED,m1-1,471.309,"{'m1-1': 1.987, 'm2-1': 1.69, 'm3-1': 4.505, 'm4-1': 0.633}",3.1792000000000002,473.30699999999996,475.294,inf,476.309,476.309
1407,TT4,BESTEFFORT,CANCELLED,m4-1,471.645,"{'m1-1': 2.45, 'm2-1': 1.591, 'm3-1': 4.175, 'm4-1': 0.948}",0.0,inf,inf,inf,476.645,476.645
1408,TT3,BESTEFFORT,COMPLETED,m2-1,472.099,"{'m1-1': 1.97, 'm2-1': 1.784, 'm3-1': 5.636, 'm4-1': 0.73}",5.352,475.345,477.129,inf,477.299,477.299
1409,TT3,BESTEFFORT,COMPLETED,m4-1,472.125,"{'m1-1': 2.191, 'm2-1': 1.682, 'm3-1': 5.599, 'm4-1': 0.947}",1.4204999999999999,473.88399999999973,474.83099999999973,inf,477.325,477.325
1410,TT1,BESTEFFORT,COMPLETED,m4-1,473.016,"{'m1-1': 2.285, 'm2-1': 1.743, 'm3-1': 5.086, 'm4-1': 0.841}",1.2614999999999998,474.83099999999973,475.67199999999974,inf,478.016,478.016
1411,TT2,BESTEFFORT,COMPLETED,m4-1,474.307,"{'m1-1': 2.56, 'm2-1': 2.055, 'm3-1': 4.627, 'm4-1': 0.737}",1.1055,475.67199999999974,476.40899999999976,inf,479.40700000000004,479.40700000000004
1412,TT2,BESTEFFORT,COMPLETED,m4-1,475.796,"{'m1-1': 2.554, 'm2-1': 1.899, 'm3-1': 4.64, 'm4-1': 0.846}",1.269,476.40899999999976,477.25499999999977,inf,480.896,480.896
1413,TT1,BESTEFFORT,COMPLETED,m4-1,476.086,"{'m1-1': 2.286, 'm2-1': 1.736, 'm3-1': 4.666, 'm4-1': 0.695}",1.0425,477.25499999999977,477.94999999999976,inf,481.086,481.086
1414,TT2,BESTEFFORT,COMPLETED,m4-1,476.423,"{'m1-1': 1.902, 'm2-1': 2.017, 'm3-1': 3.785, 'm4-1': 0.852}",1.278,477.94999999999976,478.80199999999974,inf,481.523,481.523
1415,TT4,BESTEFFORT,COMPLETED,m4-1,476.771,"{'m1-1': 1.797, 'm2-1': 1.476, 'm3-1': 5.086, 'm4-1': 0.87}",1.305,478.80199999999974,479.67199999999974,inf,481.771,481.771
1416,TT3,BESTEFFORT,COMPLETED,m1-1,477.026,"{'m1-1': 2.156, 'm2-1': 1.721, 'm3-1': 4.752, 'm4-1': 0.892}",3.4496,477.026,479.182,inf,482.226,482.226
1417,TT4,BESTEFFORT,COMPLETED,m1-1,477.113,"{'m1-1': 2.263, 'm2-1': 1.381, 'm3-1': 4.468, 'm4-1': 0.884}",3.6208,479.182,481.445,inf,482.113,482.113
1418,TT2,BESTEFFORT,COMPLETED,m4-1,477.322,"{'m1-1': 2.526, 'm2-1': 1.533, 'm3-1': 4.702, 'm4-1': 1.012}",1.518,479.67199999999974,480.68399999999974,inf,482.422,482.422
1419,TT4,BESTEFFORT,COMPLETED,m2-1,477.667,"{'m1-1': 2.061, 'm2-1': 1.598, 'm3-1': 4.724, 'm4-1': 0.966}",4.7940000000000005,477.667,479.265,inf,482.667,482.667
1420,TT2,BESTEFFORT,COMPLETED,m2-1,477.801,"{'m1-1': 2.026, 'm2-1': 1.822, 'm3-1': 5.004, 'm4-1': 0.812}",5.466,479.265,481.087,inf,482.901,482.901
1421,TT4,BESTEFFORT,COMPLETED,m2-1,477.936,"{'m1-1': 2.296, 'm2-1': 1.825, 'm3-1': 4.435, 'm4-1': 0.851}",5.475,481.087,482.912,inf,482.936,482.936
1422,TT1,BESTEFFORT,COMPLETED,m4-1,478.285,"{'m1-1': 2.093, 'm2-1': 1.562, 'm3-1': 4.052, 'm4-1': 0.829}",1.2435,480.68399999999974,481.51299999999975,inf,483.285,483.285
1423,TT3,BESTEFFORT,COMPLETED,m4-1,479.26,"{'m1-1': 2.252, 'm2-1': 1.333, 'm3-1': 4.948, 'm4-1': 0.78}",1.17,481.51299999999975,482.2929999999997,inf,484.46,484.46
1424,TT1,BESTEFFORT,COMPLETED,m1-1,479.304,"{'m1-1': 2.559, 'm2-1': 1.438, 'm3-1': 4.96, 'm4-1': 0.614}",4.0944,481.445,484.004,inf,484.304,484.304
1425,TT3,BESTEFFORT,COMPLETED,m4-1,480.13,"{'m1-1': 2.425, 'm2-1': 1.711, 'm3-1': 5.422, 'm4-1': 0.867}",1.3005,482.2929999999997,483.15999999999974,inf,485.33,485.33
1426,TT2,BESTEFFORT,COMPLETED,m2-1,480.185,"{'m1-1': 1.904, 'm2-1': 2.128, 'm3-1': 4.174, 'm4-1': 0.733}",6.384,482.912,485.03999999999996,inf,485.285,485.285
1427,TT2,BESTEFFORT,COMPLETED,m4-1,480.713,"{'m1-1': 2.118, 'm2-1': 1.599, 'm3-1': 4.128, 'm4-1': 1.003}",1.5044999999999997,483.15999999999974,484.1629999999997,inf,485.81300000000005,485.81300000000005
1428,TT2,BESTEFFORT,COMPLETED,m4-1,482.272,"{'m1-1': 2.248, 'm2-1': 1.974, 'm3-1': 4.441, 'm4-1': 0.869}",1.3035,484.1629999999997,485.03199999999975,inf,487.372,487.372
1429,TT4,BESTEFFORT,COMPLETED,m4-1,482.323,"{'m1-1': 2.055, 'm2-1': 1.585, 'm3-1': 4.07, 'm4-1': 1.043}",1.5644999999999998,485.03199999999975,486.07499999999976,inf,487.323,487.323
1430,TT2,BESTEFFORT,COMPLETED,m4-1,483.237,"{'m1-1': 2.088, 'm2-1': 1.711, 'm3-1': 4.085, 'm4-1': 1.007}",1.5105,486.07499999999976,487.08199999999977,inf,488.33700000000005,488.33700000000005
1431,TT1,BESTEFFORT,COMPLETED,m1-1,483.267,"{'m1-1': 1.871, 'm2-1': 1.605, 'm3-1': 4.219, 'm4-1': 0.72}",2.9936000000000003,484.004,485.875,inf,488.267,488.267
1432,TT4,BESTEFFORT,COMPLETED,m1-1,483.347,"{'m1-1': 1.915, 'm2-1': 1.685, 'm3-1': 4.371, 'm4-1': 0.911}",3.064,485.875,487.79,inf,488.347,488.347
1433,TT3,BESTEFFORT,COMPLETED,m2-1,483.393,"{'m1-1': 2.238, 'm2-1': 1.561, 'm3-1': 5.958, 'm4-1': 0.764}",4.683,485.03999999999996,486.60099999999994,inf,488.59299999999996,488.59299999999996
1434,TT4,BESTEFFORT,COMPLETED,m2-1,483.598,"{'m1-1': 2.19, 'm2-1': 1.455, 'm3-1': 4.729, 'm4-1': 0.83}",4.365,486.60099999999994,488.0559999999999,inf,488.598,488.598
1435,TT4,BESTEFFORT,COMPLETED,m3-1,483.949,"{'m1-1': 1.908, 'm2-1': 1.804, 'm3-1': 3.87, 'm4-1': 0.835}",6.966,483.949,487.819,inf,488.949,488.949
1436,TT3,BESTEFFORT,COMPLETED,m4-1,484.909,"{'m1-1': 1.835, 'm2-1': 1.706, 'm3-1': 4.609, 'm4-1': 0.844}",1.266,487.08199999999977,487.92599999999976,inf,490.109,490.109
1437,TT3,BESTEFFORT,COMPLETED,m4-1,485.299,"{'m1-1': 2.179, 'm2-1': 1.644, 'm3-1': 5.728, 'm4-1': 0.746}",1.119,487.92599999999976,488.67199999999974,inf,490.49899999999997,490.49899999999997
1438,TT3,BESTEFFORT,COMPLETED,m1-1,485.594,"{'m1-1': 2.313, 'm2-1': 1.528, 'm3-1': 5.24, 'm4-1': 0.976}",3.7008000000000005,487.79,490.103,inf,490.794,490.794
1439,TT3,BESTEFFORT,COMPLETED,m2-1,485.818,"{'m1-1': 2.061, 'm2-1': 1.7, 'm3-1': 4.502, 'm4-1': 0.938}",5.1,488.0559999999999,489.7559999999999,inf,491.018,491.018
1440,TT2,BESTEFFORT,COMPLETED,m4-1,487.981,"{'m1-1': 2.181, 'm2-1': 2.03, 'm3-1': 3.828, 'm4-1': 0.895}",1.3425,488.67199999999974,489.5669999999997,inf,493.081,493.081
1441,TT3,BESTEFFORT,COMPLETED,m4-1,488.395,"{'m1-1': 2.24, 'm2-1': 1.561, 'm3-1': 5.676, 'm4-1': 0.909}",1.3635000000000002,489.5669999999997,490.4759999999997,inf,493.59499999999997,493.59499999999997
1442,TT1,BESTEFFORT,COMPLETED,m4-1,488.59,"{'m1-1': 1.883, 'm2-1': 1.548, 'm3-1': 3.785, 'm4-1': 0.766}",1.149,490.4759999999997,491.24199999999973,inf,493.59,493.59
1443,TT3,BESTEFFORT,COMPLETED,m4-1,489.012,"{'m1-1': 2.034, 'm2-1': 1.581, 'm3-1': 5.799, 'm4-1': 0.941}",1.4115,491.24199999999973,492.1829999999997,inf,494.212,494.212
1444,TT2,BESTEFFORT,COMPLETED,m4-1,490.685,"{'m1-1': 2.529, 'm2-1': 1.903, 'm3-1': 4.936, 'm4-1': 0.856}",1.284,492.1829999999997,493.0389999999997,inf,495.785,495.785
1445,TT3,BESTEFFORT,COMPLETED,m4-1,490.774,"{'m1-1': 2.23, 'm2-1': 1.713, 'm3-1': 5.825, 'm4-1': 0.797}",1.1955,493.0389999999997,493.83599999999973,inf,495.974,495.974
1446,TT1,BESTEFFORT,COMPLETED,m4-1,491.755,"{'m1-1': 2.43, 'm2-1': 1.962, 'm3-1': 4.563, 'm4-1': 0.691}",1.0365,493.83599999999973,494.5269999999997,inf,496.755,496.755
1447,TT3,BESTEFFORT,COMPLETED,m1-1,491.934,"{'m1-1': 1.86, 'm2-1': 1.651, 'm3-1': 5.384, 'm4-1': 0.788}",2.9760000000000004,491.934,493.79400000000004,inf,497.134,497.134
1448,TT4,BESTEFFORT,COMPLETED,m1-1,491.991,"{'m1-1': 2.201, 'm2-1': 1.348, 'm3-1': 4.537, 'm4-1': 0.876}",3.5216000000000003,493.79400000000004,495.99500000000006,inf,496.991,496.991
1449,TT4,BESTEFFORT,COMPLETED,m2-1,492.143,"{'m1-1': 1.792, 'm2-1': 1.357, 'm3-1': 4.769, 'm4-1': 0.815}",4.071,492.143,493.5,inf,497.143,497.143
1450,TT3,BESTEFFORT,COMPLETED,m2-1,492.18,"{'m1-1': 2.218, 'm2-1': 1.682, 'm3-1': 4.727, 'm4-1': 0.749}",5.045999999999999,493.5,495.182,inf,497.38,497.38
1451,TT3,BESTEFFORT,COMPLETED,m4-1,492.74,"{'m1-1': 2.392, 'm2-1': 1.311, 'm3-1': 4.639, 'm4-1': 0.834}",1.251,494.5269999999997,495.3609999999997,inf,497.94,497.94
1452,TT1,BESTEFFORT,COMPLETED,m4-1,493.451,"{'m1-1': 2.525, 'm2-1': 1.649, 'm3-1': 3.841, 'm4-1': 0.662}",0.9930000000000001,495.3609999999997,496.0229999999997,inf,498.451,498.451
1453,TT4,BESTEFFORT,COMPLETED,m1-1,493.492,"{'m1-1': 2.225, 'm2-1': 1.598, 'm3-1': 4.035, 'm4-1': 1.067}",3.5600000000000005,495.99500000000006,498.2200000000001,inf,498.492,498.492
1454,TT2,BESTEFFORT,COMPLETED,m2-1,493.807,"{'m1-1': 2.2, 'm2-1': 1.758, 'm3-1': 4.477, 'm4-1': 1.002}",5.274,495.182,496.94,inf,498.90700000000004,498.90700000000004
1455,TT3,BESTEFFORT,COMPLETED,m4-1,495.283,"{'m1-1': 2.424, 'm2-1': 1.686, 'm3-1': 4.555, 'm4-1': 0.947}",1.4204999999999999,496.0229999999997,496.9699999999997,inf,500.483,500.483
1456,TT4,BESTEFFORT,COMPLETED,m4-1,495.962,"{'m1-1': 2.223, 'm2-1': 1.759, 'm3-1': 4.551, 'm4-1': 0.774}",1.161,496.9699999999997,497.7439999999997,inf,500.962,500.962
1457,TT1,BESTEFFORT,COMPLETED,m4-1,496.731,"{'m1-1': 2.111, 'm2-1': 1.413, 'm3-1': 3.68, 'm4-1': 0.863}",1.2945,497.7439999999997,498.6069999999997,inf,501.731,501.731
1458,TT3,BESTEFFORT,COMPLETED,m4-1,497.699,"{'m1-1': 1.87, 'm2-1': 1.642, 'm3-1': 5.822, 'm4-1': 0.733}",1.0995,498.6069999999997,499.3399999999997,inf,502.899,502.899
1459,TT1,BESTEFFORT,COMPLETED,m4-1,497.847,"{'m1-1': 2.497, 'm2-1': 1.572, 'm3-1': 3.83, 'm4-1': 0.72}",1.08,499.3399999999997,500.0599999999997,inf,502.847,502.847
1460,TT2,BESTEFFORT,COMPLETED,m4-1,498.189,"{'m1-1': 2.475, 'm2-1': 1.677, 'm3-1': 4.063, 'm4-1': 0.916}",1.374,500.0599999999997,500.9759999999997,inf,503.28900000000004,503.28900000000004
1461,TT1,BESTEFFORT,COMPLETED,m1-1,498.343,"{'m1-1': 2.309, 'm2-1': 1.885, 'm3-1': 4.941, 'm4-1': 0.76}",3.6944000000000004,498.343,500.65200000000004,inf,503.343,503.343
1462,TT4,BESTEFFORT,COMPLETED,m4-1,499.077,"{'m1-1': 2.083, 'm2-1': 1.693, 'm3-1': 4.438, 'm4-1': 0.911}",1.3665,500.9759999999997,501.8869999999997,inf,504.077,504.077
1463,TT3,BESTEFFORT,COMPLETED,m4-1,499.491,"{'m1-1': 2.256, 'm2-1': 1.464, 'm3-1': 5.532, 'm4-1': 0.794}",1.191,501.8869999999997,502.6809999999997,inf,504.691,504.691
1464,TT2,BESTEFFORT,COMPLETED,m1-1,499.694,"{'m1-1': 2.392, 'm2-1': 1.571, 'm3-1': 3.706, 'm4-1': 0.88}",3.8272,500.65200000000004,503.04400000000004,inf,504.79400000000004,504.79400000000004
1465,TT4,BESTEFFORT,MISSED,m1-1,499.915,"{'m1-1': 2.373, 'm2-1': 1.629, 'm3-1': 3.688, 'm4-1': 0.775}",2.9935999999999696,503.04400000000004,inf,504.915,504.915,504.915
1466,TT2,BESTEFFORT,COMPLETED,m2-1,499.944,"{'m1-1': 2.05, 'm2-1': 1.599, 'm3-1': 3.915, 'm4-1': 0.983}",4.797,499.944,501.543,inf,505.04400000000004,505.04400000000004
1467,TT4,BESTEFFORT,COMPLETED,m4-1,500.354,"{'m1-1': 1.937, 'm2-1': 1.483, 'm3-1': 3.966, 'm4-1': 1.063}",1.5945,502.6809999999997,503.7439999999997,inf,505.354,505.354
1468,TT1,BESTEFFORT,COMPLETED,m2-1,500.393,"{'m1-1': 2.198, 'm2-1': 1.682, 'm3-1': 4.62, 'm4-1': 0.631}",5.045999999999999,501.543,503.225,inf,505.393,505.393
1469,TT3,BESTEFFORT,COMPLETED,m2-1,500.469,"{'m1-1': 2.256, 'm2-1': 1.659, 'm3-1': 4.811, 'm4-1': 0.938}",4.977,503.225,504.884,inf,505.669,505.669
1470,TT1,BESTEFFORT,COMPLETED,m4-1,501.17,"{'m1-1': 1.891, 'm2-1': 1.406, 'm3-1': 4.721, 'm4-1': 0.767}",1.1505,503.7439999999997,504.5109999999997,inf,506.17,506.17
1471,TT2,BESTEFFORT,COMPLETED,m4-1,501.654,"{'m1-1': 2.39, 'm2-1': 1.654, 'm3-1': 4.078, 'm4-1': 0.799}",1.1985000000000001,504.5109999999997,505.30999999999966,inf,506.754,506.754
1472,TT4,BESTEFFORT,COMPLETED,m1-1,502.074,"{'m1-1': 1.771, 'm2-1': 1.434, 'm3-1': 3.746, 'm4-1': 0.989}",2.8336,504.915,506.68600000000004,inf,507.074,507.074
1473,TT3,BESTEFFORT,COMPLETED,m2-1,502.556,"{'m1-1': 1.876, 'm2-1': 1.74, 'm3-1': 5.661, 'm4-1': 0.793}",5.22,504.884,506.624,inf,507.756,507.756
1474,TT2,BESTEFFORT,MISSED,m3-1,502.561,"{'m1-1': 2.381, 'm2-1': 1.655, 'm3-1': 5.127, 'm4-1': 0.817}",9.18000000000004,502.561,inf,507.661,507.661,507.661
1475,TT3,BESTEFFORT,MISSED,m2-1,502.575,"{'m1-1': 2.378, 'm2-1': 1.306, 'm3-1': 5.878, 'm4-1': 0.831}",3.452999999999861,506.624,inf,507.775,507.775,507.775
1476,TT1,BESTEFFORT,CANCELLED,m4-1,503.362,"{'m1-1': 2.48, 'm2-1': 1.469, 'm3-1': 3.961, 'm4-1': 0.666}",0.0,inf,inf,inf,508.362,508.362
1477,TT4,BESTEFFORT,COMPLETED,m4-1,503.57,"{'m1-1': 2.066, 'm2-1': 1.358, 'm3-1': 3.987, 'm4-1': 0.931}",1.3965,505.30999999999966,506.24099999999964,inf,508.57,508.57
1478,TT1,BESTEFFORT,COMPLETED,m4-1,505.311,"{'m1-1': 2.277, 'm2-1': 1.919, 'm3-1': 4.896, 'm4-1': 0.831}",1.2465,506.24099999999964,507.07199999999966,inf,510.311,510.311
1479,TT2,BESTEFFORT,COMPLETED,m4-1,505.625,"{'m1-1': 2.375, 'm2-1': 2.122, 'm3-1': 3.713, 'm4-1': 0.737}",1.1055,507.07199999999966,507.8089999999997,inf,510.725,510.725
1480,TT1,BESTEFFORT,COMPLETED,m4-1,505.967,"{'m1-1': 2.359, 'm2-1': 1.819, 'm3-1': 3.904, 'm4-1': 0.863}",1.2945,507.8089999999997,508.6719999999997,inf,510.967,510.967
1481,TT1,BESTEFFORT,COMPLETED,m4-1,506.414,"{'m1-1': 1.938, 'm2-1': 1.408, 'm3-1': 4.011, 'm4-1': 0.86}",1.29,508.6719999999997,509.5319999999997,inf,511.414,511.414
1482,TT2,BESTEFFORT,COMPLETED,m1-1,506.94,"{'m1-1': 2.552, 'm2-1': 1.544, 'm3-1': 3.731, 'm4-1': 0.88}",4.083200000000001,506.94,509.492,inf,512.04,512.04
1483,TT1,BESTEFFORT,COMPLETED,m1-1,506.955,"{'m1-1': 2.173, 'm2-1': 1.931, 'm3-1': 4.657, 'm4-1': 0.703}",3.4768000000000003,509.492,511.665,inf,511.955,511.955
1484,TT4,BESTEFFORT,COMPLETED,m2-1,507.046,"{'m1-1': 2.077, 'm2-1': 1.667, 'm3-1': 4.957, 'm4-1': 0.755}",5.001,507.775,509.44199999999995,inf,512.046,512.046
1485,TT3,BESTEFFORT,CANCELLED,m4-1,507.236,"{'m1-1': 2.388, 'm2-1': 1.677, 'm3-1': 5.619, 'm4-1': 0.748}",0.0,inf,inf,inf,512.436,512.436
1486,TT2,BESTEFFORT,COMPLETED,m2-1,507.369,"{'m1-1': 2.265, 'm2-1': 1.978, 'm3-1': 5.127, 'm4-1': 0.831}",5.934,509.44199999999995,511.41999999999996,inf,512.469,512.469
1487,TT4,BESTEFFORT,COMPLETED,m3-1,507.603,"{'m1-1': 2.257, 'm2-1': 1.89, 'm3-1': 4.557, 'm4-1': 1.015}",8.2026,507.661,512.218,inf,512.6030000000001,512.6030000000001
1488,TT2,BESTEFFORT,COMPLETED,m4-1,507.718,"{'m1-1': 1.99, 'm2-1': 1.68, 'm3-1': 3.69, 'm4-1': 0.82}",1.23,509.5319999999997,510.3519999999997,inf,512.818,512.818
1489,TT3,BESTEFFORT,COMPLETED,m4-1,507.872,"{'m1-1': 1.876, 'm2-1': 1.386, 'm3-1': 5.898, 'm4-1': 0.911}",1.3665,510.3519999999997,511.2629999999997,inf,513.072,513.072
1490,TT3,BESTEFFORT,COMPLETED,m4-1,509.604,"{'m1-1': 2.07, 'm2-1': 1.55, 'm3-1': 5.518, 'm4-1': 0.881}",1.3215,511.2629999999997,512.1439999999997,inf,514.804,514.804
1491,TT3,BESTEFFORT,COMPLETED,m4-1,509.87,"{'m1-1': 2.352, 'm2-1': 1.577, 'm3-1': 5.088, 'm4-1': 0.726}",1.089,512.1439999999997,512.8699999999997,inf,515.07,515.07
1492,TT3,BESTEFFORT,COMPLETED,m1-1,510.12,"{'m1-1': 1.979, 'm2-1': 1.664, 'm3-1': 4.419, 'm4-1': 0.772}",3.1664000000000003,511.665,513.644,inf,515.32,515.32
1493,TT3,BESTEFFORT,COMPLETED,m4-1,510.623,"{'m1-1': 2.169, 'm2-1': 1.357, 'm3-1': 4.752, 'm4-1': 0.933}",1.3995000000000002,512.8699999999997,513.8029999999997,inf,515.823,515.823
1494,TT4,BESTEFFORT,MISSED,m1-1,510.929,"{'m1-1': 2.302, 'm2-1': 1.882, 'm3-1': 4.652, 'm4-1': 0.887}",3.655999999999949,513.644,inf,515.929,515.929,515.929
1495,TT4,BESTEFFORT,COMPLETED,m2-1,510.972,"{'m1-1': 1.911, 'm2-1': 1.644, 'm3-1': 4.282, 'm4-1': 0.876}",4.9319999999999995,511.41999999999996,513.064,inf,515.972,515.972
1496,TT3,BESTEFFORT,COMPLETED,m4-1,511.345,"{'m1-1': 2.061, 'm2-1': 1.286, 'm3-1': 5.03, 'm4-1': 0.971}",1.4565,513.8029999999997,514.7739999999997,inf,516.5450000000001,516.5450000000001
1497,TT1,BESTEFFORT,COMPLETED,m2-1,511.507,"{'m1-1': 1.996, 'm2-1': 1.985, 'm3-1': 5.067, 'm4-1': 0.826}",5.955,513.064,515.049,inf,516.5070000000001,516.5070000000001
1498,TT3,BESTEFFORT,MISSED,m2-1,511.509,"{'m1-1': 2.031, 'm2-1': 1.758, 'm3-1': 5.702, 'm4-1': 0.719}",4.980000000000246,515.049,inf,516.7090000000001,516.7090000000001,516.7090000000001
1499,TT1,BESTEFFORT,COMPLETED,m3-1,511.614,"{'m1-1': 2.14, 'm2-1': 1.582, 'm3-1': 3.832, 'm4-1': 0.764}",6.8976,512.218,516.05,inf,516.614,516.614
1500,TT1,BESTEFFORT,COMPLETED,m4-1,512.397,"{'m1-1': 1.997, 'm2-1': 1.774, 'm3-1': 3.654, 'm4-1': 0.686}",1.0290000000000001,514.7739999999997,515.4599999999997,inf,517.397,517.397
1501,TT2,BESTEFFORT,CANCELLED,m4-1,512.628,"{'m1-1': 2.437, 'm2-1': 1.692, 'm3-1': 4.123, 'm4-1': 0.779}",0.0,inf,inf,inf,517.7280000000001,517.7280000000001
1502,TT1,BESTEFFORT,MISSED,m1-1,512.919,"{'m1-1': 2.478, 'm2-1': 1.446, 'm3-1': 4.491, 'm4-1': 0.674}",3.184000000000015,515.929,inf,517.919,517.919,517.919
1503,TT1,BESTEFFORT,COMPLETED,m4-1,513.287,"{'m1-1': 2.418, 'm2-1': 1.555, 'm3-1': 4.121, 'm4-1': 0.711}",1.0665,515.4599999999997,516.1709999999997,inf,518.287,518.287
1504,TT2,BESTEFFORT,COMPLETED,m2-1,513.801,"{'m1-1': 2.415, 'm2-1': 1.906, 'm3-1': 4.081, 'm4-1': 0.725}",5.718,516.7090000000001,518.615,inf,518.9010000000001,518.9010000000001
1505,TT4,BESTEFFORT,COMPLETED,m4-1,514.234,"{'m1-1': 2.383, 'm2-1': 1.823, 'm3-1': 4.193, 'm4-1': 0.96}",1.44,516.1709999999997,517.1309999999997,inf,519.234,519.234
1506,TT1,BESTEFFORT,CANCELLED,m4-1,514.439,"{'m1-1': 2.384, 'm2-1': 1.685, 'm3-1': 3.626, 'm4-1': 0.739}",0.0,inf,inf,inf,519.439,519.439
1507,TT3,BESTEFFORT,COMPLETED,m1-1,515.063,"{'m1-1': 2.209, 'm2-1': 1.784, 'm3-1': 4.541, 'm4-1': 0.933}",3.5344,517.919,520.1279999999999,inf,520.263,520.263
1508,TT3,BESTEFFORT,COMPLETED,m2-1,515.252,"{'m1-1': 1.926, 'm2-1': 1.774, 'm3-1': 4.772, 'm4-1': 0.865}",5.322,518.615,520.389,inf,520.452,520.452
1509,TT2,BESTEFFORT,MISSED,m3-1,515.288,"{'m1-1': 2.38, 'm2-1': 1.535, 'm3-1': 4.586, 'm4-1': 0.933}",7.808400000000143,516.05,inf,520.388,520.388,520.388
1510,TT3,BESTEFFORT,COMPLETED,m4-1,515.613,"{'m1-1': 2.361, 'm2-1': 1.523, 'm3-1': 5.912, 'm4-1': 1.001}",1.5014999999999998,517.1309999999997,518.1319999999997,inf,520.8130000000001,520.8130000000001
1511,TT1,BESTEFFORT,CANCELLED,m4-1,515.738,"{'m1-1': 2.078, 'm2-1': 1.862, 'm3-1': 3.756, 'm4-1': 0.627}",0.0,inf,inf,inf,520.738,520.738
1512,TT2,BESTEFFORT,CANCELLED,m4-1,516.33,"{'m1-1': 2.637, 'm2-1': 2.03, 'm3-1': 3.667, 'm4-1': 0.775}",0.0,inf,inf,inf,521.4300000000001,521.4300000000001
1513,TT4,BESTEFFORT,COMPLETED,m4-1,516.347,"{'m1-1': 2.134, 'm2-1': 1.519, 'm3-1': 4.163, 'm4-1': 0.831}",1.2465,518.1319999999997,518.9629999999997,inf,521.347,521.347
1514,TT1,BESTEFFORT,CANCELLED,,516.461,"{'m1-1': 2.286, 'm2-1': 1.446, 'm3-1': 4.654, 'm4-1': 0.684}",0.0,inf,inf,inf,521.461,521.461
1515,TT4,BESTEFFORT,COMPLETED,m4-1,516.613,"{'m1-1': 1.742, 'm2-1': 1.478, 'm3-1': 3.788, 'm4-1': 1.031}",1.5465,518.9629999999997,519.9939999999997,inf,521.613,521.613
1516,TT4,BESTEFFORT,MISSED,m1-1,517.215,"{'m1-1': 2.162, 'm2-1': 1.756, 'm3-1': 3.645, 'm4-1': 0.825}",3.3392000000001647,520.1279999999999,inf,522.215,522.215,522.215
1517,TT4,BESTEFFORT,COMPLETED,m2-1,517.26,"{'m1-1': 1.894, 'm2-1': 1.609, 'm3-1': 4.554, 'm4-1': 0.998}",4.827,520.389,521.998,inf,522.26,522.26
1518,TT3,BESTEFFORT,COMPLETED,m4-1,517.558,"{'m1-1': 2.051, 'm2-1': 1.527, 'm3-1': 4.504, 'm4-1': 0.733}",1.0995,519.9939999999997,520.7269999999996,inf,522.758,522.758
1519,TT4,BESTEFFORT,COMPLETED,m4-1,518.64,"{'m1-1': 1.936, 'm2-1': 1.72, 'm3-1': 4.749, 'm4-1': 0.877}",1.3155000000000001,520.7269999999996,521.6039999999996,inf,523.64,523.64
1520,TT2,BESTEFFORT,COMPLETED,m4-1,519.349,"{'m1-1': 2.151, 'm2-1': 2.039, 'm3-1': 3.667, 'm4-1': 0.72}",1.08,521.6039999999996,522.3239999999996,inf,524.4490000000001,524.4490000000001
1521,TT1,BESTEFFORT,COMPLETED,m2-1,519.791,"{'m1-1': 1.899, 'm2-1': 1.622, 'm3-1': 3.617, 'm4-1': 0.63}",4.8660000000000005,521.998,523.62,inf,524.791,524.791
1522,TT1,BESTEFFORT,COMPLETED,m1-1,519.816,"{'m1-1': 2.078, 'm2-1': 1.986, 'm3-1': 4.26, 'm4-1': 0.83}",3.3247999999999998,522.215,524.293,inf,524.816,524.816
1523,TT2,BESTEFFORT,COMPLETED,m4-1,520.499,"{'m1-1': 2.225, 'm2-1': 2.108, 'm3-1': 4.179, 'm4-1': 0.884}",1.326,522.3239999999996,523.2079999999996,inf,525.599,525.599
1524,TT4,BESTEFFORT,COMPLETED,m2-1,520.725,"{'m1-1': 1.754, 'm2-1': 1.768, 'm3-1': 4.193, 'm4-1': 0.855}",5.304,523.62,525.388,inf,525.725,525.725
1525,TT2,BESTEFFORT,COMPLETED,m4-1,520.87,"{'m1-1': 2.056, 'm2-1': 1.806, 'm3-1': 4.58, 'm4-1': 0.72}",1.08,523.2079999999996,523.9279999999997,inf,525.97,525.97
1526,TT4,BESTEFFORT,COMPLETED,m4-1,522.08,"{'m1-1': 2.058, 'm2-1': 1.483, 'm3-1': 3.743, 'm4-1': 0.844}",1.266,523.9279999999997,524.7719999999997,inf,527.08,527.08
1527,TT4,BESTEFFORT,COMPLETED,m1-1,522.134,"{'m1-1': 2.201, 'm2-1': 1.522, 'm3-1': 4.163, 'm4-1': 0.954}",3.5216000000000003,524.293,526.494,inf,527.134,527.134
1528,TT4,BESTEFFORT,COMPLETED,m2-1,522.234,"{'m1-1': 2.016, 'm2-1': 1.776, 'm3-1': 4.175, 'm4-1': 0.808}",5.328,525.388,527.164,inf,527.234,527.234
1529,TT4,BESTEFFORT,COMPLETED,m4-1,522.368,"{'m1-1': 1.744, 'm2-1': 1.343, 'm3-1': 4.968, 'm4-1': 0.812}",1.218,524.7719999999997,525.5839999999997,inf,527.368,527.368
1530,TT1,BESTEFFORT,COMPLETED,m4-1,523.56,"{'m1-1': 1.919, 'm2-1': 1.932, 'm3-1': 4.891, 'm4-1': 0.639}",0.9585,525.5839999999997,526.2229999999997,inf,528.56,528.56
1531,TT1,BESTEFFORT,MISSED,m2-1,523.564,"{'m1-1': 1.94, 'm2-1': 1.872, 'm3-1': 4.011, 'm4-1': 0.841}",4.199999999999932,527.164,inf,528.564,528.564,528.564
1532,TT1,BESTEFFORT,COMPLETED,m3-1,523.793,"{'m1-1': 2.455, 'm2-1': 1.715, 'm3-1': 4.918, 'm4-1': 0.758}",8.852400000000001,523.793,528.711,inf,528.793,528.793
1533,TT4,BESTEFFORT,COMPLETED,m4-1,525.307,"{'m1-1': 2.288, 'm2-1': 1.84, 'm3-1': 3.693, 'm4-1': 1.071}",1.6065,526.2229999999997,527.2939999999998,inf,530.307,530.307
1534,TT3,BESTEFFORT,COMPLETED,m4-1,526.325,"{'m1-1': 2.397, 'm2-1': 1.566, 'm3-1': 5.541, 'm4-1': 0.806}",1.209,527.2939999999998,528.0999999999998,inf,531.5250000000001,531.5250000000001
1535,TT2,BESTEFFORT,COMPLETED,m4-1,526.417,"{'m1-1': 2.119, 'm2-1': 1.544, 'm3-1': 4.797, 'm4-1': 0.791}",1.1865,528.0999999999998,528.8909999999998,inf,531.517,531.517
1536,TT1,BESTEFFORT,COMPLETED,m4-1,526.719,"{'m1-1': 2.526, 'm2-1': 1.852, 'm3-1': 3.814, 'm4-1': 0.768}",1.1520000000000001,528.8909999999998,529.6589999999999,inf,531.719,531.719
1537,TT4,BESTEFFORT,COMPLETED,m1-1,526.795,"{'m1-1': 2.198, 'm2-1': 1.434, 'm3-1': 5.06, 'm4-1': 0.91}",3.5168,526.795,528.9929999999999,inf,531.795,531.795
1538,TT2,BESTEFFORT,COMPLETED,m4-1,527.308,"{'m1-1': 1.902, 'm2-1': 2.095, 'm3-1': 4.029, 'm4-1': 0.806}",1.209,529.6589999999999,530.4649999999999,inf,532.408,532.408
1539,TT2,BESTEFFORT,COMPLETED,m1-1,527.55,"{'m1-1': 2.625, 'm2-1': 1.694, 'm3-1': 3.658, 'm4-1': 0.988}",4.2,528.9929999999999,531.6179999999999,inf,532.65,532.65
1540,TT2,BESTEFFORT,COMPLETED,m4-1,528.916,"{'m1-1': 2.601, 'm2-1': 1.585, 'm3-1': 4.826, 'm4-1': 0.87}",1.305,530.4649999999999,531.3349999999999,inf,534.0160000000001,534.0160000000001
1541,TT4,BESTEFFORT,COMPLETED,m4-1,528.934,"{'m1-1': 2.056, 'm2-1': 1.534, 'm3-1': 4.512, 'm4-1': 0.967}",1.4505,531.3349999999999,532.3019999999999,inf,533.934,533.934
1542,TT3,BESTEFFORT,COMPLETED,m1-1,529.298,"{'m1-1': 1.926, 'm2-1': 1.343, 'm3-1': 4.263, 'm4-1': 0.817}",3.0816,531.6179999999999,533.544,inf,534.498,534.498
1543,TT3,BESTEFFORT,COMPLETED,m2-1,529.365,"{'m1-1': 1.759, 'm2-1': 1.334, 'm3-1': 5.783, 'm4-1': 0.943}",4.002000000000001,529.365,530.699,inf,534.565,534.565
1544,TT1,BESTEFFORT,COMPLETED,m2-1,529.39,"{'m1-1': 2.286, 'm2-1': 1.958, 'm3-1': 5.003, 'm4-1': 0.729}",5.874,530.699,532.6569999999999,inf,534.39,534.39
1545,TT1,BESTEFFORT,COMPLETED,m2-1,529.435,"{'m1-1': 2.309, 'm2-1': 1.439, 'm3-1': 4.201, 'm4-1': 0.834}",4.317,532.6569999999999,534.0959999999999,inf,534.435,534.435
1546,TT4,BESTEFFORT,COMPLETED,m3-1,529.443,"{'m1-1': 2.079, 'm2-1': 1.427, 'm3-1': 4.993, 'm4-1': 0.833}",8.987400000000001,529.443,534.436,inf,534.443,534.443
1547,TT4,BESTEFFORT,CANCELLED,m4-1,529.461,"{'m1-1': 1.747, 'm2-1': 1.699, 'm3-1': 4.833, 'm4-1': 0.871}",0.0,inf,inf,inf,534.461,534.461
1548,TT3,BESTEFFORT,COMPLETED,m2-1,530.348,"{'m1-1': 1.887, 'm2-1': 1.412, 'm3-1': 5.216, 'm4-1': 0.883}",4.236,534.0959999999999,535.5079999999999,inf,535.548,535.548
1549,TT1,BESTEFFORT,COMPLETED,m4-1,530.46,"{'m1-1': 2.14, 'm2-1': 1.744, 'm3-1': 3.783, 'm4-1': 0.804}",1.206,532.3019999999999,533.1059999999999,inf,535.46,535.46
1550,TT4,BESTEFFORT,CANCELLED,m4-1,530.587,"{'m1-1': 2.176, 'm2-1': 1.567, 'm3-1': 4.903, 'm4-1': 0.898}",0.0,inf,inf,inf,535.587,535.587
1551,TT3,BESTEFFORT,CANCELLED,,530.625,"{'m1-1': 2.003, 'm2-1': 1.6, 'm3-1': 4.833, 'm4-1': 0.865}",0.0,inf,inf,inf,535.825,535.825
1552,TT1,BESTEFFORT,COMPLETED,m4-1,530.64,"{'m1-1': 2.186, 'm2-1': 1.79, 'm3-1': 3.841, 'm4-1': 0.617}",0.9255,533.1059999999999,533.7229999999998,inf,535.64,535.64
1553,TT4,BESTEFFORT,COMPLETED,m1-1,531.3,"{'m1-1': 2.364, 'm2-1': 1.885, 'm3-1': 4.448, 'm4-1': 0.877}",3.7824,533.544,535.908,inf,536.3,536.3
1554,TT3,BESTEFFORT,CANCELLED,m4-1,531.898,"{'m1-1': 2.051, 'm2-1': 1.673, 'm3-1': 5.473, 'm4-1': 0.792}",0.0,inf,inf,inf,537.0980000000001,537.0980000000001
1555,TT1,BESTEFFORT,MISSED,m3-1,532.129,"{'m1-1': 1.991, 'm2-1': 1.782, 'm3-1': 3.676, 'm4-1': 0.738}",4.847399999999971,534.436,inf,537.129,537.129,537.129
1556,TT1,BESTEFFORT,COMPLETED,m4-1,532.318,"{'m1-1': 2.572, 'm2-1': 1.722, 'm3-1': 4.279, 'm4-1': 0.806}",1.209,533.7229999999998,534.5289999999999,inf,537.318,537.318
1557,TT3,BESTEFFORT,COMPLETED,m2-1,532.32,"{'m1-1': 1.814, 'm2-1': 1.328, 'm3-1': 5.977, 'm4-1': 0.769}",3.984,535.5079999999999,536.8359999999999,inf,537.5200000000001,537.5200000000001
1558,TT1,BESTEFFORT,COMPLETED,m4-1,532.412,"{'m1-1': 2.509, 'm2-1': 1.801, 'm3-1': 4.258, 'm4-1': 0.689}",1.0334999999999999,534.5289999999999,535.2179999999998,inf,537.412,537.412
1559,TT2,BESTEFFORT,MISSED,m1-1,532.887,"{'m1-1': 2.408, 'm2-1': 1.52, 'm3-1': 4.568, 'm4-1': 0.734}",3.3263999999999214,535.908,inf,537.987,537.987,537.987
1560,TT4,BESTEFFORT,COMPLETED,m4-1,532.98,"{'m1-1': 2.078, 'm2-1': 1.69, 'm3-1': 4.971, 'm4-1': 0.793}",1.1895,535.2179999999998,536.0109999999999,inf,537.98,537.98
1561,TT4,BESTEFFORT,COMPLETED,m4-1,533.882,"{'m1-1': 2.103, 'm2-1': 1.442, 'm3-1': 3.929, 'm4-1': 1.061}",1.5915,536.0109999999999,537.0719999999999,inf,538.882,538.882
1562,TT3,BESTEFFORT,MISSED,m1-1,534.08,"{'m1-1': 1.837, 'm2-1': 1.693, 'm3-1': 5.493, 'm4-1': 0.769}",2.0688000000001923,537.987,inf,539.2800000000001,539.2800000000001,539.2800000000001
1563,TT1,BESTEFFORT,COMPLETED,m4-1,534.577,"{'m1-1': 2.462, 'm2-1': 1.467, 'm3-1': 4.707, 'm4-1': 0.858}",1.287,537.0719999999999,537.9299999999998,inf,539.577,539.577
1564,TT3,BESTEFFORT,COMPLETED,m2-1,534.73,"{'m1-1': 2.226, 'm2-1': 1.385, 'm3-1': 5.333, 'm4-1': 1.002}",4.155,536.8359999999999,538.2209999999999,inf,539.9300000000001,539.9300000000001
1565,TT4,BESTEFFORT,COMPLETED,m4-1,536.064,"{'m1-1': 2.077, 'm2-1': 1.577, 'm3-1': 4.961, 'm4-1': 0.767}",1.1505,537.9299999999998,538.6969999999999,inf,541.064,541.064
1566,TT1,BESTEFFORT,COMPLETED,m4-1,536.29,"{'m1-1': 2.27, 'm2-1': 1.776, 'm3-1': 4.231, 'm4-1': 0.83}",1.2449999999999999,538.6969999999999,539.5269999999999,inf,541.29,541.29
1567,TT3,BESTEFFORT,COMPLETED,m1-1,537.022,"{'m1-1': 1.807, 'm2-1': 1.348, 'm3-1': 5.657, 'm4-1': 0.789}",2.8912,539.2800000000001,541.0870000000001,inf,542.2220000000001,542.2220000000001
1568,TT1,BESTEFFORT,COMPLETED,m4-1,537.105,"{'m1-1': 2.011, 'm2-1': 1.902, 'm3-1': 4.675, 'm4-1': 0.638}",0.9570000000000001,539.5269999999999,540.165,inf,542.105,542.105
1569,TT4,BESTEFFORT,COMPLETED,m2-1,537.115,"{'m1-1': 2.254, 'm2-1': 1.348, 'm3-1': 3.903, 'm4-1': 1.038}",4.0440000000000005,538.2209999999999,539.5689999999998,inf,542.115,542.115
1570,TT1,BESTEFFORT,COMPLETED,m2-1,537.518,"{'m1-1': 2.409, 'm2-1': 1.958, 'm3-1': 4.694, 'm4-1': 0.638}",5.874,539.5689999999998,541.5269999999998,inf,542.518,542.518
1571,TT1,BESTEFFORT,COMPLETED,m3-1,537.796,"{'m1-1': 2.511, 'm2-1': 1.932, 'm3-1': 4.861, 'm4-1': 0.84}",8.7498,537.796,542.657,inf,542.796,542.796
1572,TT3,BESTEFFORT,COMPLETED,m4-1,537.967,"{'m1-1': 2.354, 'm2-1': 1.365, 'm3-1': 5.477, 'm4-1': 0.789}",1.1835,540.165,540.954,inf,543.167,543.167
1573,TT2,BESTEFFORT,COMPLETED,m4-1,539.42,"{'m1-1': 1.902, 'm2-1': 1.965, 'm3-1': 5.069, 'm4-1': 0.847}",1.2705,540.954,541.8009999999999,inf,544.52,544.52
1574,TT1,BESTEFFORT,COMPLETED,m4-1,539.601,"{'m1-1': 1.9, 'm2-1': 1.485, 'm3-1': 4.723, 'm4-1': 0.709}",1.0635,541.8009999999999,542.5099999999999,inf,544.601,544.601
1575,TT3,BESTEFFORT,COMPLETED,m1-1,540.012,"{'m1-1': 1.837, 'm2-1': 1.64, 'm3-1': 5.951, 'm4-1': 0.74}",2.9392,541.0870000000001,542.9240000000001,inf,545.212,545.212
1576,TT2,BESTEFFORT,COMPLETED,m4-1,540.419,"{'m1-1': 2.579, 'm2-1': 2.089, 'm3-1': 4.308, 'm4-1': 0.899}",1.3485,542.5099999999999,543.4089999999999,inf,545.519,545.519
1577,TT1,BESTEFFORT,COMPLETED,m2-1,540.656,"{'m1-1': 2.063, 'm2-1': 1.478, 'm3-1': 4.5, 'm4-1': 0.826}",4.434,541.5269999999998,543.0049999999998,inf,545.656,545.656
1578,TT1,BESTEFFORT,COMPLETED,m1-1,540.876,"{'m1-1': 2.177, 'm2-1': 1.806, 'm3-1': 4.981, 'm4-1': 0.775}",3.4832,542.9240000000001,545.1010000000001,inf,545.876,545.876
1579,TT3,BESTEFFORT,COMPLETED,m4-1,541.14,"{'m1-1': 2.43, 'm2-1': 1.767, 'm3-1': 5.93, 'm4-1': 0.834}",1.251,543.4089999999999,544.2429999999998,inf,546.34,546.34
1580,TT1,BESTEFFORT,COMPLETED,m4-1,541.877,"{'m1-1': 2.319, 'm2-1': 1.801, 'm3-1': 4.444, 'm4-1': 0.685}",1.0275,544.2429999999998,544.9279999999998,inf,546.877,546.877
1581,TT4,BESTEFFORT,COMPLETED,m2-1,542.318,"{'m1-1': 2.009, 'm2-1': 1.793, 'm3-1': 4.29, 'm4-1': 0.965}",5.379,543.0049999999998,544.7979999999998,inf,547.318,547.318
1582,TT3,BESTEFFORT,COMPLETED,m4-1,542.63,"{'m1-1': 2.013, 'm2-1': 1.625, 'm3-1': 4.407, 'm4-1': 0.782}",1.173,544.9279999999998,545.7099999999998,inf,547.83,547.83
1583,TT1,BESTEFFORT,COMPLETED,m1-1,542.689,"{'m1-1': 2.03, 'm2-1': 1.52, 'm3-1': 3.675, 'm4-1': 0.763}",3.2479999999999998,545.1010000000001,547.1310000000001,inf,547.689,547.689
1584,TT4,BESTEFFORT,COMPLETED,m4-1,544.037,"{'m1-1': 2.432, 'm2-1': 1.483, 'm3-1': 4.013, 'm4-1': 0.777}",1.1655,545.7099999999998,546.4869999999999,inf,549.037,549.037
1585,TT4,BESTEFFORT,COMPLETED,m4-1,545.622,"{'m1-1': 2.07, 'm2-1': 1.691, 'm3-1': 3.873, 'm4-1': 0.975}",1.4625,546.4869999999999,547.4619999999999,inf,550.622,550.622
1586,TT2,BESTEFFORT,COMPLETED,m4-1,545.936,"{'m1-1': 2.479, 'm2-1': 1.847, 'm3-1': 3.658, 'm4-1': 0.816}",1.224,547.4619999999999,548.2779999999999,inf,551.0360000000001,551.0360000000001
1587,TT1,BESTEFFORT,COMPLETED,m4-1,546.473,"{'m1-1': 1.914, 'm2-1': 1.885, 'm3-1': 4.723, 'm4-1': 0.627}",0.9405,548.2779999999999,548.9049999999999,inf,551.473,551.473
1588,TT3,BESTEFFORT,COMPLETED,m1-1,546.48,"{'m1-1': 1.774, 'm2-1': 1.551, 'm3-1': 4.293, 'm4-1': 0.918}",2.8384,547.1310000000001,548.9050000000001,inf,551.6800000000001,551.6800000000001
1589,TT3,BESTEFFORT,COMPLETED,m4-1,546.69,"{'m1-1': 2.175, 'm2-1': 1.281, 'm3-1': 4.876, 'm4-1': 0.994}",1.491,548.9049999999999,549.8989999999999,inf,551.8900000000001,551.8900000000001
1590,TT3,BESTEFFORT,COMPLETED,m1-1,546.827,"{'m1-1': 2.335, 'm2-1': 1.748, 'm3-1': 5.732, 'm4-1': 0.972}",3.736,548.9050000000001,551.2400000000001,inf,552.027,552.027
1591,TT4,BESTEFFORT,COMPLETED,m2-1,546.9,"{'m1-1': 1.779, 'm2-1': 1.742, 'm3-1': 4.732, 'm4-1': 0.898}",5.226,546.9,548.6419999999999,inf,551.9,551.9
1592,TT2,BESTEFFORT,COMPLETED,m2-1,547.079,"{'m1-1': 2.071, 'm2-1': 1.759, 'm3-1': 3.834, 'm4-1': 0.981}",5.276999999999999,548.6419999999999,550.401,inf,552.179,552.179
1593,TT1,BESTEFFORT,MISSED,m2-1,547.261,"{'m1-1': 2.613, 'm2-1': 1.884, 'm3-1': 5.043, 'm4-1': 0.838}",5.580000000000041,550.401,inf,552.261,552.261,552.261
1594,TT4,BESTEFFORT,COMPLETED,m4-1,547.785,"{'m1-1': 2.378, 'm2-1': 1.432, 'm3-1': 4.244, 'm4-1': 1.026}",1.5390000000000001,549.8989999999999,550.9249999999998,inf,552.785,552.785
1595,TT4,BESTEFFORT,COMPLETED,m4-1,548.323,"{'m1-1': 2.206, 'm2-1': 1.819, 'm3-1': 4.437, 'm4-1': 0.927}",1.3905,550.9249999999998,551.8519999999999,inf,553.323,553.323
1596,TT2,BESTEFFORT,COMPLETED,m4-1,549.141,"{'m1-1': 2.041, 'm2-1': 2.121, 'm3-1': 4.237, 'm4-1': 0.928}",1.3920000000000001,551.8519999999999,552.7799999999999,inf,554.241,554.241
1597,TT3,BESTEFFORT,COMPLETED,m1-1,549.17,"{'m1-1': 2.122, 'm2-1': 1.526, 'm3-1': 4.41, 'm4-1': 0.971}",3.3952,551.2400000000001,553.3620000000001,inf,554.37,554.37
1598,TT2,BESTEFFORT,COMPLETED,m2-1,549.329,"{'m1-1': 2.231, 'm2-1': 1.752, 'm3-1': 4.256, 'm4-1': 0.74}",5.256,552.261,554.0129999999999,inf,554.429,554.429
1599,TT4,BESTEFFORT,MISSED,m3-1,549.38,"{'m1-1': 2.251, 'm2-1': 1.595, 'm3-1': 5.018, 'm4-1': 0.984}",9.0,549.38,inf,554.38,554.38,554.38
1600,TT1,BESTEFFORT,CANCELLED,m4-1,549.774,"{'m1-1': 2.406, 'm2-1': 1.689, 'm3-1': 4.401, 'm4-1': 0.691}",0.0,inf,inf,inf,554.774,554.774
1601,TT2,BESTEFFORT,MISSED,m1-1,549.975,"{'m1-1': 1.902, 'm2-1': 1.916, 'm3-1': 4.395, 'm4-1': 0.72}",2.740799999999945,553.3620000000001,inf,555.075,555.075,555.075
1602,TT1,BESTEFFORT,CANCELLED,,549.982,"{'m1-1': 2.312, 'm2-1': 1.982, 'm3-1': 4.363, 'm4-1': 0.617}",0.0,inf,inf,inf,554.982,554.982
1603,TT1,BESTEFFORT,CANCELLED,,550.081,"{'m1-1': 2.492, 'm2-1': 1.905, 'm3-1': 4.999, 'm4-1': 0.81}",0.0,inf,inf,inf,555.081,555.081
1604,TT4,BESTEFFORT,CANCELLED,,550.129,"{'m1-1': 2.22, 'm2-1': 1.355, 'm3-1': 3.682, 'm4-1': 0.837}",0.0,inf,inf,inf,555.129,555.129
1605,TT2,BESTEFFORT,COMPLETED,m4-1,550.348,"{'m1-1': 2.246, 'm2-1': 1.747, 'm3-1': 4.874, 'm4-1': 0.991}",1.4865,552.7799999999999,553.7709999999998,inf,555.448,555.448
1606,TT4,BESTEFFORT,COMPLETED,m2-1,550.869,"{'m1-1': 1.891, 'm2-1': 1.806, 'm3-1': 4.532, 'm4-1': 1.015}",5.418,554.0129999999999,555.819,inf,555.869,555.869
1607,TT4,BESTEFFORT,COMPLETED,m4-1,551.33,"{'m1-1': 2.011, 'm2-1': 1.434, 'm3-1': 4.976, 'm4-1': 0.774}",1.161,553.7709999999998,554.5449999999998,inf,556.33,556.33
1608,TT1,BESTEFFORT,COMPLETED,m4-1,552.296,"{'m1-1': 1.856, 'm2-1': 1.872, 'm3-1': 4.536, 'm4-1': 0.832}",1.248,554.5449999999998,555.3769999999998,inf,557.296,557.296
1609,TT1,BESTEFFORT,MISSED,m1-1,552.643,"{'m1-1': 2.6, 'm2-1': 1.892, 'm3-1': 4.186, 'm4-1': 0.658}",4.108799999999974,555.075,inf,557.643,557.643,557.643
1610,TT1,BESTEFFORT,COMPLETED,m2-1,552.689,"{'m1-1': 2.03, 'm2-1': 1.532, 'm3-1': 3.888, 'm4-1': 0.689}",4.596,555.819,557.351,inf,557.689,557.689
1611,TT3,BESTEFFORT,CANCELLED,m4-1,552.78,"{'m1-1': 1.87, 'm2-1': 1.27, 'm3-1': 4.824, 'm4-1': 0.918}",0.0,inf,inf,inf,557.98,557.98
1612,TT4,BESTEFFORT,COMPLETED,m4-1,553.276,"{'m1-1': 1.883, 'm2-1': 1.518, 'm3-1': 4.976, 'm4-1': 0.983}",1.4745,555.3769999999998,556.3599999999998,inf,558.276,558.276
1613,TT1,BESTEFFORT,COMPLETED,m4-1,553.784,"{'m1-1': 2.056, 'm2-1': 1.893, 'm3-1': 4.878, 'm4-1': 0.744}",1.116,556.3599999999998,557.1039999999998,inf,558.784,558.784
1614,TT4,BESTEFFORT,MISSED,m1-1,554.453,"{'m1-1': 2.102, 'm2-1': 1.555, 'm3-1': 4.582, 'm4-1': 0.934}",2.895999999999913,557.643,inf,559.453,559.453,559.453
1615,TT1,BESTEFFORT,COMPLETED,m4-1,554.799,"{'m1-1': 1.983, 'm2-1': 1.405, 'm3-1': 3.78, 'm4-1': 0.782}",1.173,557.1039999999998,557.8859999999999,inf,559.799,559.799
1616,TT2,BESTEFFORT,COMPLETED,m2-1,554.864,"{'m1-1': 2.147, 'm2-1': 1.688, 'm3-1': 4.599, 'm4-1': 1.014}",5.064,557.351,559.039,inf,559.964,559.964
1617,TT4,BESTEFFORT,COMPLETED,m4-1,554.912,"{'m1-1': 2.026, 'm2-1': 1.77, 'm3-1': 3.683, 'm4-1': 1.032}",1.548,557.8859999999999,558.9179999999999,inf,559.912,559.912
1618,TT3,BESTEFFORT,COMPLETED,m2-1,555.941,"{'m1-1': 2.208, 'm2-1': 1.765, 'm3-1': 4.338, 'm4-1': 0.986}",5.295,559.039,560.804,inf,561.1410000000001,561.1410000000001
1619,TT4,BESTEFFORT,COMPLETED,m4-1,556.641,"{'m1-1': 1.947, 'm2-1': 1.359, 'm3-1': 4.743, 'm4-1': 0.986}",1.479,558.9179999999999,559.9039999999999,inf,561.641,561.641
1620,TT4,BESTEFFORT,COMPLETED,m1-1,557.006,"{'m1-1': 2.329, 'm2-1': 1.392, 'm3-1': 4.057, 'm4-1': 1.031}",3.7264000000000004,559.453,561.7819999999999,inf,562.006,562.006
1621,TT1,BESTEFFORT,CANCELLED,m4-1,557.584,"{'m1-1': 2.55, 'm2-1': 1.576, 'm3-1': 3.693, 'm4-1': 0.788}",0.0,inf,inf,inf,562.584,562.584
1622,TT3,BESTEFFORT,COMPLETED,m2-1,557.876,"{'m1-1': 1.979, 'm2-1': 1.538, 'm3-1': 5.281, 'm4-1': 0.72}",4.614,560.804,562.342,inf,563.076,563.076
1623,TT4,BESTEFFORT,COMPLETED,m4-1,558.104,"{'m1-1': 2.079, 'm2-1': 1.863, 'm3-1': 4.349, 'm4-1': 1.071}",1.6065,559.9039999999999,560.9749999999999,inf,563.104,563.104
1624,TT3,BESTEFFORT,COMPLETED,m3-1,558.135,"{'m1-1': 2.041, 'm2-1': 1.396, 'm3-1': 4.865, 'm4-1': 0.745}",8.757000000000001,558.135,563.0,inf,563.335,563.335
1625,TT3,BESTEFFORT,COMPLETED,m4-1,558.188,"{'m1-1': 2.051, 'm2-1': 1.506, 'm3-1': 5.22, 'm4-1': 0.846}",1.269,560.9749999999999,561.8209999999999,inf,563.388,563.388
1626,TT4,BESTEFFORT,CANCELLED,m4-1,558.24,"{'m1-1': 1.959, 'm2-1': 1.828, 'm3-1': 4.4, 'm4-1': 0.911}",0.0,inf,inf,inf,563.24,563.24
1627,TT3,BESTEFFORT,MISSED,m1-1,558.623,"{'m1-1': 2.158, 'm2-1': 1.297, 'm3-1': 4.819, 'm4-1': 0.964}",3.265600000000268,561.7819999999999,inf,563.8230000000001,563.8230000000001,563.8230000000001
1628,TT1,BESTEFFORT,CANCELLED,,558.688,"{'m1-1': 2.045, 'm2-1': 1.618, 'm3-1': 3.673, 'm4-1': 0.7}",0.0,inf,inf,inf,563.688,563.688
1629,TT3,BESTEFFORT,COMPLETED,m2-1,559.114,"{'m1-1': 2.369, 'm2-1': 1.658, 'm3-1': 5.337, 'm4-1': 0.953}",4.974,562.342,564.0,inf,564.3140000000001,564.3140000000001
1630,TT1,BESTEFFORT,COMPLETED,m4-1,559.406,"{'m1-1': 2.502, 'm2-1': 1.613, 'm3-1': 3.632, 'm4-1': 0.832}",1.248,561.8209999999999,562.6529999999999,inf,564.406,564.406
1631,TT2,BESTEFFORT,CANCELLED,m4-1,559.467,"{'m1-1': 2.258, 'm2-1': 1.76, 'm3-1': 5.063, 'm4-1': 0.881}",0.0,inf,inf,inf,564.567,564.567
1632,TT2,BESTEFFORT,CANCELLED,,559.695,"{'m1-1': 2.361, 'm2-1': 1.736, 'm3-1': 3.642, 'm4-1': 0.844}",0.0,inf,inf,inf,564.7950000000001,564.7950000000001
1633,TT1,BESTEFFORT,COMPLETED,m4-1,560.58,"{'m1-1': 2.473, 'm2-1': 1.865, 'm3-1': 3.91, 'm4-1': 0.688}",1.032,562.6529999999999,563.3409999999999,inf,565.58,565.58
1634,TT4,BESTEFFORT,MISSED,m1-1,560.84,"{'m1-1': 2.162, 'm2-1': 1.419, 'm3-1': 4.764, 'm4-1': 0.93}",3.2271999999999026,563.8230000000001,inf,565.84,565.84,565.84
1635,TT1,BESTEFFORT,COMPLETED,m4-1,561.319,"{'m1-1': 2.585, 'm2-1': 1.846, 'm3-1': 3.626, 'm4-1': 0.789}",1.1835,563.3409999999999,564.1299999999999,inf,566.319,566.319
1636,TT4,BESTEFFORT,COMPLETED,m2-1,561.474,"{'m1-1': 2.408, 'm2-1': 1.623, 'm3-1': 3.891, 'm4-1': 0.902}",4.869,564.0,565.623,inf,566.474,566.474
1637,TT2,BESTEFFORT,COMPLETED,m4-1,561.647,"{'m1-1': 2.114, 'm2-1': 2.132, 'm3-1': 4.614, 'm4-1': 0.845}",1.2675,564.1299999999999,564.9749999999999,inf,566.7470000000001,566.7470000000001
1638,TT2,BESTEFFORT,COMPLETED,m4-1,561.963,"{'m1-1': 1.883, 'm2-1': 1.676, 'm3-1': 5.069, 'm4-1': 0.839}",1.2585,564.9749999999999,565.814,inf,567.063,567.063
1639,TT4,BESTEFFORT,CANCELLED,,562.21,"{'m1-1': 1.918, 'm2-1': 1.859, 'm3-1': 4.736, 'm4-1': 1.002}",0.0,inf,inf,inf,567.21,567.21
1640,TT2,BESTEFFORT,COMPLETED,m1-1,563.141,"{'m1-1': 2.188, 'm2-1': 1.644, 'm3-1': 3.63, 'm4-1': 0.928}",3.5008000000000004,565.84,568.028,inf,568.241,568.241
1641,TT4,BESTEFFORT,COMPLETED,m4-1,564.308,"{'m1-1': 1.812, 'm2-1': 1.593, 'm3-1': 4.773, 'm4-1': 0.828}",1.242,565.814,566.6419999999999,inf,569.308,569.308
1642,TT1,BESTEFFORT,COMPLETED,m4-1,564.955,"{'m1-1': 2.003, 'm2-1': 1.83, 'm3-1': 4.046, 'm4-1': 0.64}",0.96,566.6419999999999,567.2819999999999,inf,569.955,569.955
1643,TT1,BESTEFFORT,COMPLETED,m4-1,565.128,"{'m1-1': 2.624, 'm2-1': 1.462, 'm3-1': 3.82, 'm4-1': 0.669}",1.0035,567.2819999999999,567.9509999999999,inf,570.128,570.128
1644,TT2,BESTEFFORT,COMPLETED,m1-1,565.558,"{'m1-1': 1.979, 'm2-1': 1.544, 'm3-1': 3.847, 'm4-1': 0.914}",3.1664000000000003,568.028,570.0070000000001,inf,570.658,570.658
1645,TT1,BESTEFFORT,COMPLETED,m2-1,565.648,"{'m1-1': 2.374, 'm2-1': 1.814, 'm3-1': 3.734, 'm4-1': 0.7}",5.442,565.648,567.462,inf,570.648,570.648
1646,TT4,BESTEFFORT,COMPLETED,m2-1,565.704,"{'m1-1': 2.032, 'm2-1': 1.559, 'm3-1': 5.048, 'm4-1': 0.765}",4.677,567.462,569.021,inf,570.704,570.704
1647,TT2,BESTEFFORT,COMPLETED,m4-1,565.961,"{'m1-1': 2.333, 'm2-1': 1.578, 'm3-1': 4.686, 'm4-1': 0.96}",1.44,567.9509999999999,568.911,inf,571.061,571.061
1648,TT2,BESTEFFORT,COMPLETED,m2-1,566.46,"{'m1-1': 2.1, 'm2-1': 1.764, 'm3-1': 4.64, 'm4-1': 0.833}",5.292,569.021,570.785,inf,571.5600000000001,571.5600000000001
1649,TT1,BESTEFFORT,COMPLETED,m4-1,566.846,"{'m1-1': 2.044, 'm2-1': 1.689, 'm3-1': 4.235, 'm4-1': 0.837}",1.2555,568.911,569.7479999999999,inf,571.846,571.846
1650,TT4,BESTEFFORT,COMPLETED,m3-1,567.095,"{'m1-1': 2.275, 'm2-1': 1.664, 'm3-1': 4.62, 'm4-1': 0.884}",8.316,567.095,571.715,inf,572.095,572.095
1651,TT2,BESTEFFORT,COMPLETED,m4-1,567.419,"{'m1-1': 1.891, 'm2-1': 1.991, 'm3-1': 3.86, 'm4-1': 0.954}",1.431,569.7479999999999,570.7019999999999,inf,572.519,572.519
1652,TT2,BESTEFFORT,COMPLETED,m1-1,567.621,"{'m1-1': 2.566, 'm2-1': 1.644, 'm3-1': 4.736, 'm4-1': 1.014}",4.1056,570.0070000000001,572.5730000000001,inf,572.721,572.721
1653,TT1,BESTEFFORT,COMPLETED,m2-1,567.846,"{'m1-1': 2.616, 'm2-1': 1.667, 'm3-1': 3.854, 'm4-1': 0.77}",5.001,570.785,572.452,inf,572.846,572.846
1654,TT3,BESTEFFORT,CANCELLED,m4-1,567.918,"{'m1-1': 2.147, 'm2-1': 1.735, 'm3-1': 5.742, 'm4-1': 0.945}",0.0,inf,inf,inf,573.118,573.118
1655,TT2,BESTEFFORT,COMPLETED,m4-1,567.955,"{'m1-1': 2.479, 'm2-1': 1.588, 'm3-1': 3.635, 'm4-1': 0.951}",1.4264999999999999,570.7019999999999,571.6529999999999,inf,573.0550000000001,573.0550000000001
1656,TT1,BESTEFFORT,CANCELLED,,567.999,"{'m1-1': 2.312, 'm2-1': 1.844, 'm3-1': 3.783, 'm4-1': 0.761}",0.0,inf,inf,inf,572.999,572.999
1657,TT3,BESTEFFORT,CANCELLED,m4-1,568.442,"{'m1-1': 1.819, 'm2-1': 1.561, 'm3-1': 5.488, 'm4-1': 0.906}",0.0,inf,inf,inf,573.642,573.642
1658,TT3,BESTEFFORT,CANCELLED,,568.877,"{'m1-1': 1.926, 'm2-1': 1.415, 'm3-1': 4.33, 'm4-1': 0.868}",0.0,inf,inf,inf,574.077,574.077
1659,TT2,BESTEFFORT,COMPLETED,m4-1,569.258,"{'m1-1': 1.892, 'm2-1': 1.982, 'm3-1': 4.346, 'm4-1': 0.999}",1.4985,571.6529999999999,572.6519999999999,inf,574.3580000000001,574.3580000000001
1660,TT1,BESTEFFORT,COMPLETED,m4-1,569.481,"{'m1-1': 1.964, 'm2-1': 1.786, 'm3-1': 4.571, 'm4-1': 0.853}",1.2795,572.6519999999999,573.5049999999999,inf,574.481,574.481
1661,TT1,BESTEFFORT,MISSED,m1-1,569.495,"{'m1-1': 1.999, 'm2-1': 1.467, 'm3-1': 3.827, 'm4-1': 0.695}",3.075199999999859,572.5730000000001,inf,574.495,574.495,574.495
1662,TT4,BESTEFFORT,COMPLETED,m2-1,570.118,"{'m1-1': 2.298, 'm2-1': 1.513, 'm3-1': 3.845, 'm4-1': 1.07}",4.539,572.452,573.965,inf,575.118,575.118
1663,TT2,BESTEFFORT,CANCELLED,m4-1,570.527,"{'m1-1': 2.151, 'm2-1': 2.046, 'm3-1': 4.837, 'm4-1': 0.753}",0.0,inf,inf,inf,575.6270000000001,575.6270000000001
1664,TT4,BESTEFFORT,COMPLETED,m2-1,570.909,"{'m1-1': 2.076, 'm2-1': 1.766, 'm3-1': 4.724, 'm4-1': 0.829}",5.298,573.965,575.731,inf,575.909,575.909
1665,TT1,BESTEFFORT,MISSED,m1-1,571.506,"{'m1-1': 2.595, 'm2-1': 1.642, 'm3-1': 3.86, 'm4-1': 0.703}",3.2175999999999476,574.495,inf,576.506,576.506,576.506
1666,TT1,BESTEFFORT,MISSED,m3-1,571.642,"{'m1-1': 2.2, 'm2-1': 1.959, 'm3-1': 5.077, 'm4-1': 0.613}",8.868600000000038,571.715,inf,576.642,576.642,576.642
1667,TT2,BESTEFFORT,CANCELLED,m4-1,571.722,"{'m1-1': 2.51, 'm2-1': 1.548, 'm3-1': 3.948, 'm4-1': 0.925}",0.0,inf,inf,inf,576.822,576.822
1668,TT1,BESTEFFORT,COMPLETED,m4-1,571.746,"{'m1-1': 1.94, 'm2-1': 1.87, 'm3-1': 4.407, 'm4-1': 0.785}",1.1775,573.5049999999999,574.2899999999998,inf,576.746,576.746
1669,TT3,BESTEFFORT,CANCELLED,m4-1,572.027,"{'m1-1': 1.841, 'm2-1': 1.583, 'm3-1': 5.738, 'm4-1': 0.898}",0.0,inf,inf,inf,577.2270000000001,577.2270000000001
1670,TT4,BESTEFFORT,MISSED,m2-1,572.223,"{'m1-1': 2.082, 'm2-1': 1.749, 'm3-1': 4.653, 'm4-1': 1.019}",4.475999999999885,575.731,inf,577.223,577.223,577.223
1671,TT4,BESTEFFORT,COMPLETED,m4-1,572.381,"{'m1-1': 1.826, 'm2-1': 1.832, 'm3-1': 4.371, 'm4-1': 0.829}",1.2435,574.2899999999998,575.1189999999998,inf,577.381,577.381
1672,TT1,BESTEFFORT,COMPLETED,m4-1,573.258,"{'m1-1': 2.429, 'm2-1': 1.451, 'm3-1': 4.542, 'm4-1': 0.752}",1.1280000000000001,575.1189999999998,575.8709999999998,inf,578.258,578.258
1673,TT1,BESTEFFORT,COMPLETED,m4-1,574.152,"{'m1-1': 2.563, 'm2-1': 1.593, 'm3-1': 4.782, 'm4-1': 0.676}",1.014,575.8709999999998,576.5469999999998,inf,579.152,579.152
1674,TT3,BESTEFFORT,COMPLETED,m1-1,574.191,"{'m1-1': 1.959, 'm2-1': 1.721, 'm3-1': 4.235, 'm4-1': 0.963}",3.1344000000000003,576.506,578.4649999999999,inf,579.3910000000001,579.3910000000001
1675,TT4,BESTEFFORT,CANCELLED,m4-1,574.498,"{'m1-1': 2.054, 'm2-1': 1.65, 'm3-1': 3.645, 'm4-1': 0.926}",0.0,inf,inf,inf,579.498,579.498
1676,TT1,BESTEFFORT,COMPLETED,m2-1,574.639,"{'m1-1': 2.035, 'm2-1': 1.691, 'm3-1': 4.186, 'm4-1': 0.764}",5.073,577.223,578.914,inf,579.639,579.639
1677,TT3,BESTEFFORT,MISSED,m2-1,574.716,"{'m1-1': 2.021, 'm2-1': 1.321, 'm3-1': 5.329, 'm4-1': 0.723}",3.006000000000199,578.914,inf,579.916,579.916,579.916
1678,TT1,BESTEFFORT,MISSED,m3-1,574.864,"{'m1-1': 2.429, 'm2-1': 1.52, 'm3-1': 4.054, 'm4-1': 0.612}",5.799599999999964,576.642,inf,579.864,579.864,579.864
1679,TT3,BESTEFFORT,COMPLETED,m4-1,574.952,"{'m1-1': 2.39, 'm2-1': 1.768, 'm3-1': 5.47, 'm4-1': 0.891}",1.3365,576.5469999999998,577.4379999999998,inf,580.152,580.152
1680,TT1,BESTEFFORT,COMPLETED,m4-1,575.178,"{'m1-1': 2.113, 'm2-1': 1.521, 'm3-1': 4.268, 'm4-1': 0.72}",1.08,577.4379999999998,578.1579999999998,inf,580.178,580.178
1681,TT2,BESTEFFORT,CANCELLED,m4-1,576.493,"{'m1-1': 2.264, 'm2-1': 1.641, 'm3-1': 3.732, 'm4-1': 0.834}",0.0,inf,inf,inf,581.5930000000001,581.5930000000001
1682,TT1,BESTEFFORT,COMPLETED,m4-1,576.558,"{'m1-1': 2.226, 'm2-1': 1.79, 'm3-1': 4.694, 'm4-1': 0.861}",1.2915,578.1579999999998,579.0189999999998,inf,581.558,581.558
1683,TT3,BESTEFFORT,COMPLETED,m1-1,576.826,"{'m1-1': 1.99, 'm2-1': 1.763, 'm3-1': 5.804, 'm4-1': 0.986}",3.184,578.4649999999999,580.4549999999999,inf,582.0260000000001,582.0260000000001
1684,TT1,BESTEFFORT,COMPLETED,m2-1,576.835,"{'m1-1': 2.192, 'm2-1': 1.803, 'm3-1': 3.937, 'm4-1': 0.616}",5.409,579.916,581.719,inf,581.835,581.835
1685,TT3,BESTEFFORT,COMPLETED,m4-1,577.207,"{'m1-1': 2.276, 'm2-1': 1.795, 'm3-1': 4.541, 'm4-1': 0.796}",1.194,579.0189999999998,579.8149999999998,inf,582.407,582.407
1686,TT1,BESTEFFORT,CANCELLED,m4-1,577.577,"{'m1-1': 2.383, 'm2-1': 1.956, 'm3-1': 3.628, 'm4-1': 0.815}",0.0,inf,inf,inf,582.577,582.577
1687,TT4,BESTEFFORT,COMPLETED,m4-1,578.672,"{'m1-1': 1.783, 'm2-1': 1.535, 'm3-1': 4.076, 'm4-1': 0.987}",1.4805,579.8149999999998,580.8019999999998,inf,583.672,583.672
1688,TT3,BESTEFFORT,COMPLETED,m1-1,578.768,"{'m1-1': 1.723, 'm2-1': 1.393, 'm3-1': 4.687, 'm4-1': 0.718}",2.7568,580.4549999999999,582.1779999999999,inf,583.9680000000001,583.9680000000001
1689,TT4,BESTEFFORT,COMPLETED,m4-1,579.149,"{'m1-1': 2.276, 'm2-1': 1.519, 'm3-1': 4.185, 'm4-1': 0.893}",1.3395000000000001,580.8019999999998,581.6949999999998,inf,584.149,584.149
1690,TT2,BESTEFFORT,COMPLETED,m2-1,579.236,"{'m1-1': 2.19, 'm2-1': 1.82, 'm3-1': 3.98, 'm4-1': 0.759}",5.46,581.719,583.5390000000001,inf,584.336,584.336
1691,TT4,BESTEFFORT,COMPLETED,m4-1,579.304,"{'m1-1': 1.853, 'm2-1': 1.372, 'm3-1': 4.551, 'm4-1': 0.92}",1.3800000000000001,581.6949999999998,582.6149999999998,inf,584.304,584.304
1692,TT4,BESTEFFORT,COMPLETED,m4-1,579.593,"{'m1-1': 2.271, 'm2-1': 1.359, 'm3-1': 3.957, 'm4-1': 0.762}",1.143,582.6149999999998,583.3769999999997,inf,584.593,584.593
1693,TT4,BESTEFFORT,COMPLETED,m3-1,579.704,"{'m1-1': 2.374, 'm2-1': 1.429, 'm3-1': 3.751, 'm4-1': 0.756}",6.7518,579.864,583.615,inf,584.704,584.704
1694,TT2,BESTEFFORT,COMPLETED,m1-1,579.9,"{'m1-1': 2.045, 'm2-1': 1.804, 'm3-1': 4.677, 'm4-1': 0.719}",3.2720000000000002,582.1779999999999,584.2229999999998,inf,585.0,585.0
1695,TT1,BESTEFFORT,CANCELLED,,579.929,"{'m1-1': 2.167, 'm2-1': 1.657, 'm3-1': 4.916, 'm4-1': 0.76}",0.0,inf,inf,inf,584.929,584.929
1696,TT1,BESTEFFORT,COMPLETED,m4-1,580.246,"{'m1-1': 2.53, 'm2-1': 1.423, 'm3-1': 4.414, 'm4-1': 0.831}",1.2465,583.3769999999997,584.2079999999997,inf,585.246,585.246
1697,TT2,BESTEFFORT,COMPLETED,m4-1,580.618,"{'m1-1': 2.011, 'm2-1': 1.956, 'm3-1': 4.245, 'm4-1': 0.836}",1.254,584.2079999999997,585.0439999999998,inf,585.7180000000001,585.7180000000001
1698,TT4,BESTEFFORT,COMPLETED,m1-1,581.887,"{'m1-1': 2.204, 'm2-1': 1.518, 'm3-1': 3.842, 'm4-1': 0.932}",3.5264000000000006,584.2229999999998,586.4269999999998,inf,586.887,586.887
1699,TT1,BESTEFFORT,COMPLETED,m2-1,582.071,"{'m1-1': 2.373, 'm2-1': 1.908, 'm3-1': 4.594, 'm4-1': 0.647}",5.724,583.5390000000001,585.4470000000001,inf,587.071,587.071
1700,TT1,BESTEFFORT,COMPLETED,m2-1,582.285,"{'m1-1': 1.979, 'm2-1': 1.79, 'm3-1': 3.908, 'm4-1': 0.653}",5.37,585.4470000000001,587.2370000000001,inf,587.285,587.285
1701,TT1,BESTEFFORT,COMPLETED,m4-1,583.102,"{'m1-1': 2.358, 'm2-1': 1.704, 'm3-1': 4.25, 'm4-1': 0.739}",1.1085,585.0439999999998,585.7829999999998,inf,588.102,588.102
1702,TT4,BESTEFFORT,MISSED,m1-1,583.11,"{'m1-1': 2.408, 'm2-1': 1.785, 'm3-1': 3.842, 'm4-1': 0.876}",2.6928000000003522,586.4269999999998,inf,588.11,588.11,588.11
1703,TT3,BESTEFFORT,COMPLETED,m4-1,583.173,"{'m1-1': 1.995, 'm2-1': 1.506, 'm3-1': 5.904, 'm4-1': 0.836}",1.254,585.7829999999998,586.6189999999998,inf,588.373,588.373
1704,TT4,BESTEFFORT,COMPLETED,m4-1,583.457,"{'m1-1': 2.265, 'm2-1': 1.867, 'm3-1': 4.207, 'm4-1': 0.908}",1.362,586.6189999999998,587.5269999999998,inf,588.457,588.457
1705,TT3,BESTEFFORT,MISSED,m1-1,584.979,"{'m1-1': 2.234, 'm2-1': 1.395, 'm3-1': 4.336, 'm4-1': 0.865}",3.310400000000118,588.11,inf,590.1790000000001,590.1790000000001,590.1790000000001
1706,TT3,BESTEFFORT,COMPLETED,m2-1,585.035,"{'m1-1': 1.992, 'm2-1': 1.552, 'm3-1': 4.938, 'm4-1': 0.728}",4.656000000000001,587.2370000000001,588.7890000000001,inf,590.235,590.235
1707,TT3,BESTEFFORT,COMPLETED,m4-1,585.051,"{'m1-1': 1.882, 'm2-1': 1.7, 'm3-1': 4.283, 'm4-1': 0.911}",1.3665,587.5269999999998,588.4379999999998,inf,590.2510000000001,590.2510000000001
1708,TT3,BESTEFFORT,MISSED,m2-1,585.125,"{'m1-1': 2.286, 'm2-1': 1.588, 'm3-1': 4.803, 'm4-1': 0.987}",4.607999999999834,588.7890000000001,inf,590.325,590.325,590.325
1709,TT2,BESTEFFORT,COMPLETED,m3-1,585.136,"{'m1-1': 2.011, 'm2-1': 1.823, 'm3-1': 4.287, 'm4-1': 0.916}",7.7166,585.136,589.423,inf,590.236,590.236
1710,TT4,BESTEFFORT,CANCELLED,m4-1,586.389,"{'m1-1': 2.381, 'm2-1': 1.722, 'm3-1': 3.685, 'm4-1': 0.931}",0.0,inf,inf,inf,591.389,591.389
1711,TT2,BESTEFFORT,CANCELLED,m4-1,586.422,"{'m1-1': 1.882, 'm2-1': 1.7, 'm3-1': 3.756, 'm4-1': 0.73}",0.0,inf,inf,inf,591.522,591.522
1712,TT4,BESTEFFORT,COMPLETED,m2-1,586.978,"{'m1-1': 2.273, 'm2-1': 1.489, 'm3-1': 4.277, 'm4-1': 0.786}",4.4670000000000005,590.325,591.8140000000001,inf,591.978,591.978
1713,TT3,BESTEFFORT,MISSED,m1-1,586.991,"{'m1-1': 2.035, 'm2-1': 1.593, 'm3-1': 5.968, 'm4-1': 0.767}",3.21919999999991,590.1790000000001,inf,592.191,592.191,592.191
1714,TT4,BESTEFFORT,CANCELLED,m4-1,587.274,"{'m1-1': 2.175, 'm2-1': 1.715, 'm3-1': 4.289, 'm4-1': 0.837}",0.0,inf,inf,inf,592.274,592.274
1715,TT3,BESTEFFORT,COMPLETED,m4-1,587.553,"{'m1-1': 1.931, 'm2-1': 1.38, 'm3-1': 5.119, 'm4-1': 0.855}",1.2825,588.4379999999998,589.2929999999998,inf,592.753,592.753
1716,TT3,BESTEFFORT,COMPLETED,m4-1,587.712,"{'m1-1': 1.792, 'm2-1': 1.308, 'm3-1': 5.266, 'm4-1': 1.005}",1.5074999999999998,589.2929999999998,590.2979999999998,inf,592.912,592.912
1717,TT3,BESTEFFORT,COMPLETED,m4-1,587.775,"{'m1-1': 1.975, 'm2-1': 1.781, 'm3-1': 4.665, 'm4-1': 0.991}",1.4865,590.2979999999998,591.2889999999998,inf,592.975,592.975
1718,TT4,BESTEFFORT,CANCELLED,,588.055,"{'m1-1': 2.397, 'm2-1': 1.413, 'm3-1': 3.881, 'm4-1': 0.84}",0.0,inf,inf,inf,593.055,593.055
1719,TT1,BESTEFFORT,CANCELLED,m4-1,588.057,"{'m1-1': 2.056, 'm2-1': 1.879, 'm3-1': 3.65, 'm4-1': 0.74}",0.0,inf,inf,inf,593.057,593.057
1720,TT3,BESTEFFORT,COMPLETED,m4-1,588.459,"{'m1-1': 2.03, 'm2-1': 1.786, 'm3-1': 4.491, 'm4-1': 0.806}",1.209,591.2889999999998,592.0949999999998,inf,593.659,593.659
1721,TT2,BESTEFFORT,COMPLETED,m2-1,588.555,"{'m1-1': 2.228, 'm2-1': 1.777, 'm3-1': 5.043, 'm4-1': 0.775}",5.3309999999999995,591.8140000000001,593.5910000000001,inf,593.655,593.655
1722,TT2,BESTEFFORT,COMPLETED,m3-1,589.118,"{'m1-1': 2.476, 'm2-1': 1.888, 'm3-1': 3.955, 'm4-1': 0.895}",7.119000000000001,589.423,593.378,inf,594.2180000000001,594.2180000000001
1723,TT2,BESTEFFORT,CANCELLED,m4-1,589.183,"{'m1-1': 2.058, 'm2-1': 1.903, 'm3-1': 4.327, 'm4-1': 0.987}",0.0,inf,inf,inf,594.283,594.283
1724,TT1,BESTEFFORT,CANCELLED,m4-1,589.272,"{'m1-1': 2.272, 'm2-1': 1.485, 'm3-1': 4.606, 'm4-1': 0.705}",0.0,inf,inf,inf,594.272,594.272
1725,TT4,BESTEFFORT,CANCELLED,,589.309,"{'m1-1': 2.14, 'm2-1': 1.477, 'm3-1': 4.997, 'm4-1': 0.833}",0.0,inf,inf,inf,594.309,594.309
1726,TT1,BESTEFFORT,COMPLETED,m1-1,589.423,"{'m1-1': 1.963, 'm2-1': 1.872, 'm3-1': 3.668, 'm4-1': 0.811}",3.1408000000000005,592.191,594.154,inf,594.423,594.423
1727,TT3,BESTEFFORT,CANCELLED,,589.456,"{'m1-1': 2.424, 'm2-1': 1.43, 'm3-1': 4.396, 'm4-1': 0.817}",0.0,inf,inf,inf,594.6560000000001,594.6560000000001
1728,TT3,BESTEFFORT,COMPLETED,m4-1,589.561,"{'m1-1': 1.83, 'm2-1': 1.657, 'm3-1': 4.578, 'm4-1': 0.84}",1.26,592.0949999999998,592.9349999999998,inf,594.7610000000001,594.7610000000001
1729,TT2,BESTEFFORT,CANCELLED,,589.615,"{'m1-1': 2.229, 'm2-1': 1.526, 'm3-1': 4.973, 'm4-1': 0.891}",0.0,inf,inf,inf,594.715,594.715
1730,TT3,BESTEFFORT,CANCELLED,,589.615,"{'m1-1': 2.348, 'm2-1': 1.472, 'm3-1': 5.372, 'm4-1': 0.726}",0.0,inf,inf,inf,594.815,594.815
1731,TT4,BESTEFFORT,CANCELLED,,589.76,"{'m1-1': 2.201, 'm2-1': 1.701, 'm3-1': 4.207, 'm4-1': 0.792}",0.0,inf,inf,inf,594.76,594.76
1732,TT1,BESTEFFORT,COMPLETED,m4-1,589.978,"{'m1-1': 1.912, 'm2-1': 1.852, 'm3-1': 4.916, 'm4-1': 0.753}",1.1295,592.9349999999998,593.6879999999999,inf,594.978,594.978
1733,TT2,BESTEFFORT,MISSED,m2-1,590.277,"{'m1-1': 2.055, 'm2-1': 2.09, 'm3-1': 4.736, 'm4-1': 0.992}",5.357999999999834,593.5910000000001,inf,595.3770000000001,595.3770000000001,595.3770000000001
1734,TT4,BESTEFFORT,CANCELLED,,590.499,"{'m1-1': 2.101, 'm2-1': 1.597, 'm3-1': 4.615, 'm4-1': 0.845}",0.0,inf,inf,inf,595.499,595.499
1735,TT1,BESTEFFORT,COMPLETED,m4-1,590.812,"{'m1-1': 2.07, 'm2-1': 1.931, 'm3-1': 4.457, 'm4-1': 0.843}",1.2645,593.6879999999999,594.5309999999998,inf,595.812,595.812
1736,TT1,BESTEFFORT,COMPLETED,m1-1,591.895,"{'m1-1': 2.531, 'm2-1': 1.744, 'm3-1': 4.252, 'm4-1': 0.628}",4.049600000000001,594.154,596.685,inf,596.895,596.895
1737,TT1,BESTEFFORT,COMPLETED,m4-1,592.174,"{'m1-1': 1.886, 'm2-1': 1.92, 'm3-1': 4.028, 'm4-1': 0.822}",1.2329999999999999,594.5309999999998,595.3529999999998,inf,597.174,597.174
1738,TT3,BESTEFFORT,COMPLETED,m2-1,592.611,"{'m1-1': 2.328, 'm2-1': 1.623, 'm3-1': 5.751, 'm4-1': 0.984}",4.869,595.3770000000001,597.0000000000001,inf,597.811,597.811
1739,TT1,BESTEFFORT,COMPLETED,m4-1,593.058,"{'m1-1': 2.486, 'm2-1': 1.715, 'm3-1': 4.346, 'm4-1': 0.66}",0.99,595.3529999999998,596.0129999999998,inf,598.058,598.058
1740,TT2,BESTEFFORT,COMPLETED,m3-1,593.242,"{'m1-1': 2.246, 'm2-1': 1.671, 'm3-1': 4.125, 'm4-1': 0.852}",7.425,593.378,597.503,inf,598.342,598.342
1741,TT4,BESTEFFORT,MISSED,m1-1,593.615,"{'m1-1': 2.125, 'm2-1': 1.429, 'm3-1': 3.892, 'm4-1': 0.994}",3.088000000000102,596.685,inf,598.615,598.615,598.615
1742,TT2,BESTEFFORT,COMPLETED,m4-1,593.956,"{'m1-1': 2.437, 'm2-1': 1.759, 'm3-1': 4.128, 'm4-1': 0.914}",1.371,596.0129999999998,596.9269999999998,inf,599.056,599.056
1743,TT2,BESTEFFORT,COMPLETED,m4-1,595.41,"{'m1-1': 2.227, 'm2-1': 2.132, 'm3-1': 4.66, 'm4-1': 0.999}",1.4985,596.9269999999998,597.9259999999998,inf,600.51,600.51
1744,TT4,BESTEFFORT,COMPLETED,m4-1,595.589,"{'m1-1': 1.803, 'm2-1': 1.859, 'm3-1': 3.817, 'm4-1': 0.983}",1.4745,597.9259999999998,598.9089999999998,inf,600.589,600.589
1745,TT1,BESTEFFORT,MISSED,m1-1,595.62,"{'m1-1': 2.191, 'm2-1': 1.605, 'm3-1': 4.425, 'm4-1': 0.841}",3.207999999999993,598.615,inf,600.62,600.62,600.62
1746,TT4,BESTEFFORT,COMPLETED,m4-1,596.389,"{'m1-1': 2.047, 'm2-1': 1.476, 'm3-1': 4.512, 'm4-1': 1.055}",1.5825,598.9089999999998,599.9639999999997,inf,601.389,601.389
1747,TT1,BESTEFFORT,COMPLETED,m2-1,596.763,"{'m1-1': 2.566, 'm2-1': 1.657, 'm3-1': 4.204, 'm4-1': 0.618}",4.971,597.0000000000001,598.6570000000002,inf,601.763,601.763
1748,TT4,BESTEFFORT,COMPLETED,m4-1,597.155,"{'m1-1': 1.981, 'm2-1': 1.589, 'm3-1': 4.123, 'm4-1': 0.994}",1.491,599.9639999999997,600.9579999999997,inf,602.155,602.155
1749,TT2,BESTEFFORT,MISSED,m1-1,597.421,"{'m1-1': 2.215, 'm2-1': 1.708, 'm3-1': 4.666, 'm4-1': 0.829}",3.0416000000001078,600.62,inf,602.5210000000001,602.5210000000001,602.5210000000001
1750,TT3,BESTEFFORT,COMPLETED,m2-1,597.493,"{'m1-1': 2.108, 'm2-1': 1.786, 'm3-1': 4.28, 'm4-1': 0.839}",5.3580000000000005,598.6570000000002,600.4430000000001,inf,602.6930000000001,602.6930000000001
1751,TT2,BESTEFFORT,COMPLETED,m2-1,597.536,"{'m1-1': 1.97, 'm2-1': 1.665, 'm3-1': 4.49, 'm4-1': 0.779}",4.995,600.4430000000001,602.1080000000001,inf,602.636,602.636
1752,TT3,BESTEFFORT,COMPLETED,m3-1,597.619,"{'m1-1': 1.961, 'm2-1': 1.694, 'm3-1': 4.704, 'm4-1': 0.796}",8.4672,597.619,602.323,inf,602.8190000000001,602.8190000000001
1753,TT3,BESTEFFORT,COMPLETED,m4-1,599.442,"{'m1-1': 2.272, 'm2-1': 1.34, 'm3-1': 5.621, 'm4-1': 0.968}",1.452,600.9579999999997,601.9259999999997,inf,604.642,604.642
1754,TT3,BESTEFFORT,COMPLETED,m4-1,599.551,"{'m1-1': 2.056, 'm2-1': 1.519, 'm3-1': 5.299, 'm4-1': 0.93}",1.395,601.9259999999997,602.8559999999997,inf,604.7510000000001,604.7510000000001
1755,TT3,BESTEFFORT,COMPLETED,m4-1,600.004,"{'m1-1': 2.393, 'm2-1': 1.387, 'm3-1': 5.133, 'm4-1': 0.785}",1.1775,602.8559999999997,603.6409999999996,inf,605.2040000000001,605.2040000000001
1756,TT3,BESTEFFORT,COMPLETED,m4-1,601.044,"{'m1-1': 2.389, 'm2-1': 1.301, 'm3-1': 5.85, 'm4-1': 0.759}",1.1385,603.6409999999996,604.3999999999996,inf,606.244,606.244
1757,TT4,BESTEFFORT,COMPLETED,m1-1,601.253,"{'m1-1': 2.353, 'm2-1': 1.347, 'm3-1': 3.956, 'm4-1': 0.757}",3.7648000000000006,602.5210000000001,604.874,inf,606.253,606.253
1758,TT3,BESTEFFORT,COMPLETED,m2-1,601.356,"{'m1-1': 2.194, 'm2-1': 1.329, 'm3-1': 5.848, 'm4-1': 0.732}",3.987,602.1080000000001,603.437,inf,606.556,606.556
1759,TT3,BESTEFFORT,COMPLETED,m2-1,601.608,"{'m1-1': 1.717, 'm2-1': 1.749, 'm3-1': 4.3, 'm4-1': 0.897}",5.247,603.437,605.186,inf,606.808,606.808
1760,TT1,BESTEFFORT,CANCELLED,m4-1,601.958,"{'m1-1': 2.158, 'm2-1': 1.934, 'm3-1': 4.414, 'm4-1': 0.622}",0.0,inf,inf,inf,606.958,606.958
1761,TT2,BESTEFFORT,COMPLETED,m1-1,602.241,"{'m1-1': 2.308, 'm2-1': 1.597, 'm3-1': 4.05, 'm4-1': 1.017}",3.6928,604.874,607.182,inf,607.341,607.341
1762,TT3,BESTEFFORT,COMPLETED,m2-1,602.307,"{'m1-1': 2.175, 'm2-1': 1.739, 'm3-1': 4.447, 'm4-1': 0.985}",5.2170000000000005,605.186,606.9250000000001,inf,607.5070000000001,607.5070000000001
1763,TT3,BESTEFFORT,COMPLETED,m3-1,602.328,"{'m1-1': 1.882, 'm2-1': 1.458, 'm3-1': 4.345, 'm4-1': 0.8}",7.821,602.328,606.673,inf,607.528,607.528
1764,TT3,BESTEFFORT,MISSED,m2-1,602.79,"{'m1-1': 2.159, 'm2-1': 1.777, 'm3-1': 5.749, 'm4-1': 0.899}",3.1949999999998226,606.9250000000001,inf,607.99,607.99,607.99
1765,TT2,BESTEFFORT,CANCELLED,m4-1,602.791,"{'m1-1': 1.968, 'm2-1': 1.695, 'm3-1': 3.659, 'm4-1': 0.917}",0.0,inf,inf,inf,607.8910000000001,607.8910000000001
1766,TT4,BESTEFFORT,COMPLETED,m4-1,602.816,"{'m1-1': 1.979, 'm2-1': 1.405, 'm3-1': 3.823, 'm4-1': 0.776}",1.1640000000000001,604.3999999999996,605.1759999999996,inf,607.816,607.816
1767,TT3,BESTEFFORT,MISSED,m1-1,603.554,"{'m1-1': 2.203, 'm2-1': 1.283, 'm3-1': 5.947, 'm4-1': 0.981}",2.5152000000000045,607.182,inf,608.754,608.754,608.754
1768,TT3,BESTEFFORT,COMPLETED,m4-1,603.751,"{'m1-1': 1.914, 'm2-1': 1.597, 'm3-1': 5.951, 'm4-1': 0.741}",1.1115,605.1759999999996,605.9169999999996,inf,608.951,608.951
1769,TT4,BESTEFFORT,CANCELLED,m4-1,603.829,"{'m1-1': 2.116, 'm2-1': 1.624, 'm3-1': 4.205, 'm4-1': 0.916}",0.0,inf,inf,inf,608.829,608.829
1770,TT3,BESTEFFORT,COMPLETED,m2-1,604.168,"{'m1-1': 2.011, 'm2-1': 1.321, 'm3-1': 4.991, 'm4-1': 0.814}",3.963,607.99,609.311,inf,609.368,609.368
1771,TT2,BESTEFFORT,COMPLETED,m4-1,604.199,"{'m1-1': 2.341, 'm2-1': 1.938, 'm3-1': 3.734, 'm4-1': 0.987}",1.4805,606.6629999999996,607.6499999999995,inf,609.299,609.299
1772,TT3,BESTEFFORT,COMPLETED,m4-1,604.266,"{'m1-1': 2.163, 'm2-1': 1.568, 'm3-1': 4.661, 'm4-1': 0.746}",1.119,605.9169999999996,606.6629999999996,inf,609.466,609.466
1773,TT1,BESTEFFORT,COMPLETED,m4-1,605.463,"{'m1-1': 2.091, 'm2-1': 1.618, 'm3-1': 4.912, 'm4-1': 0.787}",1.1805,607.6499999999995,608.4369999999996,inf,610.463,610.463
1774,TT3,BESTEFFORT,MISSED,m2-1,605.635,"{'m1-1': 2.253, 'm2-1': 1.598, 'm3-1': 5.175, 'm4-1': 0.794}",4.572000000000003,609.311,inf,610.835,610.835,610.835
1775,TT2,BESTEFFORT,COMPLETED,m4-1,606.74,"{'m1-1': 2.211, 'm2-1': 1.737, 'm3-1': 4.135, 'm4-1': 0.904}",1.356,608.4369999999996,609.3409999999996,inf,611.84,611.84
1776,TT3,BESTEFFORT,CANCELLED,m4-1,606.802,"{'m1-1': 2.153, 'm2-1': 1.782, 'm3-1': 4.836, 'm4-1': 0.731}",0.0,inf,inf,inf,612.0020000000001,612.0020000000001
1777,TT1,BESTEFFORT,COMPLETED,m4-1,607.919,"{'m1-1': 2.42, 'm2-1': 1.937, 'm3-1': 4.204, 'm4-1': 0.649}",0.9735,609.3409999999996,609.9899999999996,inf,612.919,612.919
1778,TT3,BESTEFFORT,COMPLETED,m1-1,607.951,"{'m1-1': 1.923, 'm2-1': 1.729, 'm3-1': 4.564, 'm4-1': 0.953}",3.0768000000000004,608.754,610.677,inf,613.1510000000001,613.1510000000001
1779,TT1,BESTEFFORT,COMPLETED,m2-1,608.022,"{'m1-1': 2.318, 'm2-1': 1.716, 'm3-1': 4.677, 'm4-1': 0.854}",5.148,610.835,612.551,inf,613.022,613.022
1780,TT1,BESTEFFORT,COMPLETED,m3-1,608.083,"{'m1-1': 2.494, 'm2-1': 1.437, 'm3-1': 4.168, 'm4-1': 0.753}",7.502400000000001,608.083,612.251,inf,613.083,613.083
1781,TT2,BESTEFFORT,COMPLETED,m4-1,608.346,"{'m1-1': 2.537, 'm2-1': 1.519, 'm3-1': 4.21, 'm4-1': 0.99}",1.4849999999999999,609.9899999999996,610.9799999999996,inf,613.446,613.446
1782,TT1,BESTEFFORT,COMPLETED,m1-1,608.484,"{'m1-1': 2.282, 'm2-1': 1.567, 'm3-1': 3.664, 'm4-1': 0.707}",3.6512000000000002,610.677,612.9590000000001,inf,613.484,613.484
1783,TT3,BESTEFFORT,COMPLETED,m2-1,608.827,"{'m1-1': 1.774, 'm2-1': 1.32, 'm3-1': 4.366, 'm4-1': 0.85}",3.96,612.551,613.8710000000001,inf,614.027,614.027
1784,TT2,BESTEFFORT,COMPLETED,m4-1,608.974,"{'m1-1': 2.481, 'm2-1': 2.063, 'm3-1': 3.789, 'm4-1': 0.863}",1.2945,610.9799999999996,611.8429999999996,inf,614.0740000000001,614.0740000000001
1785,TT2,BESTEFFORT,CANCELLED,,609.205,"{'m1-1': 2.008, 'm2-1': 2.047, 'm3-1': 3.948, 'm4-1': 0.851}",0.0,inf,inf,inf,614.3050000000001,614.3050000000001
1786,TT3,BESTEFFORT,CANCELLED,m4-1,609.262,"{'m1-1': 2.188, 'm2-1': 1.301, 'm3-1': 5.976, 'm4-1': 1.013}",0.0,inf,inf,inf,614.462,614.462
1787,TT4,BESTEFFORT,CANCELLED,,609.307,"{'m1-1': 1.9, 'm2-1': 1.626, 'm3-1': 4.627, 'm4-1': 1.051}",0.0,inf,inf,inf,614.307,614.307
1788,TT1,BESTEFFORT,COMPLETED,m4-1,609.358,"{'m1-1': 2.043, 'm2-1': 1.485, 'm3-1': 4.433, 'm4-1': 0.649}",0.9735,611.8429999999996,612.4919999999996,inf,614.358,614.358
1789,TT3,BESTEFFORT,CANCELLED,m4-1,609.545,"{'m1-1': 2.348, 'm2-1': 1.666, 'm3-1': 4.907, 'm4-1': 0.784}",0.0,inf,inf,inf,614.745,614.745
1790,TT2,BESTEFFORT,MISSED,m1-1,610.298,"{'m1-1': 2.603, 'm2-1': 2.071, 'm3-1': 4.983, 'm4-1': 0.785}",3.9023999999999432,612.9590000000001,inf,615.398,615.398,615.398
1791,TT3,BESTEFFORT,COMPLETED,m2-1,610.573,"{'m1-1': 2.393, 'm2-1': 1.75, 'm3-1': 4.542, 'm4-1': 0.962}",5.25,613.8710000000001,615.6210000000001,inf,615.773,615.773
1792,TT1,BESTEFFORT,COMPLETED,m4-1,610.728,"{'m1-1': 2.426, 'm2-1': 1.937, 'm3-1': 4.118, 'm4-1': 0.642}",0.9630000000000001,612.4919999999996,613.1339999999997,inf,615.728,615.728
1793,TT3,BESTEFFORT,COMPLETED,m4-1,611.374,"{'m1-1': 2.431, 'm2-1': 1.343, 'm3-1': 4.393, 'm4-1': 0.963}",1.4445,613.1339999999997,614.0969999999996,inf,616.5740000000001,616.5740000000001
1794,TT1,BESTEFFORT,COMPLETED,m4-1,612.389,"{'m1-1': 2.402, 'm2-1': 1.48, 'm3-1': 3.684, 'm4-1': 0.765}",1.1475,614.0969999999996,614.8619999999996,inf,617.389,617.389
1795,TT1,BESTEFFORT,MISSED,m1-1,612.449,"{'m1-1': 2.584, 'm2-1': 1.646, 'm3-1': 3.961, 'm4-1': 0.862}",3.2815999999998895,615.398,inf,617.449,617.449,617.449
1796,TT2,BESTEFFORT,COMPLETED,m4-1,613.249,"{'m1-1': 2.502, 'm2-1': 1.862, 'm3-1': 3.978, 'm4-1': 0.907}",1.3605,614.8619999999996,615.7689999999997,inf,618.349,618.349
1797,TT1,BESTEFFORT,COMPLETED,m4-1,613.501,"{'m1-1': 2.145, 'm2-1': 1.59, 'm3-1': 4.495, 'm4-1': 0.627}",0.9405,615.7689999999997,616.3959999999996,inf,618.501,618.501
1798,TT3,BESTEFFORT,CANCELLED,m4-1,614.134,"{'m1-1': 1.725, 'm2-1': 1.548, 'm3-1': 4.896, 'm4-1': 0.788}",0.0,inf,inf,inf,619.3340000000001,619.3340000000001
1799,TT1,BESTEFFORT,COMPLETED,m2-1,614.429,"{'m1-1': 2.175, 'm2-1': 1.807, 'm3-1': 3.633, 'm4-1': 0.781}",5.420999999999999,615.6210000000001,617.4280000000001,inf,619.429,619.429
1800,TT3,BESTEFFORT,MISSED,m1-1,614.543,"{'m1-1': 2.303, 'm2-1': 1.34, 'm3-1': 4.782, 'm4-1': 0.72}",3.6704000000001544,617.449,inf,619.743,619.743,619.743
1801,TT2,BESTEFFORT,COMPLETED,m2-1,614.571,"{'m1-1': 1.973, 'm2-1': 2.071, 'm3-1': 4.06, 'm4-1': 0.777}",6.213000000000001,617.4280000000001,619.4990000000001,inf,619.671,619.671
1802,TT4,BESTEFFORT,COMPLETED,m3-1,614.735,"{'m1-1': 1.948, 'm2-1': 1.392, 'm3-1': 4.973, 'm4-1': 0.774}",8.9514,614.735,619.708,inf,619.735,619.735
1803,TT2,BESTEFFORT,COMPLETED,m4-1,614.868,"{'m1-1': 2.612, 'm2-1': 1.6, 'm3-1': 4.028, 'm4-1': 0.885}",1.3275000000000001,616.3959999999996,617.2809999999996,inf,619.9680000000001,619.9680000000001
1804,TT1,BESTEFFORT,CANCELLED,,614.88,"{'m1-1': 2.429, 'm2-1': 1.821, 'm3-1': 3.98, 'm4-1': 0.832}",0.0,inf,inf,inf,619.88,619.88
1805,TT2,BESTEFFORT,COMPLETED,m4-1,615.717,"{'m1-1': 2.099, 'm2-1': 2.047, 'm3-1': 4.739, 'm4-1': 0.904}",1.356,617.2809999999996,618.1849999999996,inf,620.817,620.817
1806,TT3,BESTEFFORT,CANCELLED,m4-1,615.743,"{'m1-1': 2.156, 'm2-1': 1.52, 'm3-1': 5.046, 'm4-1': 0.879}",0.0,inf,inf,inf,620.9430000000001,620.9430000000001
1807,TT4,BESTEFFORT,COMPLETED,m4-1,615.938,"{'m1-1': 1.826, 'm2-1': 1.732, 'm3-1': 4.555, 'm4-1': 0.77}",1.155,618.1849999999996,618.9549999999996,inf,620.938,620.938
1808,TT1,BESTEFFORT,COMPLETED,m4-1,616.498,"{'m1-1': 2.138, 'm2-1': 1.806, 'm3-1': 4.924, 'm4-1': 0.825}",1.2374999999999998,618.9549999999996,619.7799999999996,inf,621.498,621.498
1809,TT3,BESTEFFORT,MISSED,m1-1,616.504,"{'m1-1': 2.423, 'm2-1': 1.506, 'm3-1': 5.209, 'm4-1': 0.989}",3.1376000000000204,619.743,inf,621.7040000000001,621.7040000000001,621.7040000000001
1810,TT4,BESTEFFORT,COMPLETED,m4-1,618.52,"{'m1-1': 2.125, 'm2-1': 1.646, 'm3-1': 5.066, 'm4-1': 1.05}",1.5750000000000002,619.7799999999996,620.8299999999996,inf,623.52,623.52
1811,TT2,BESTEFFORT,COMPLETED,m4-1,618.555,"{'m1-1': 2.411, 'm2-1': 2.093, 'm3-1': 5.091, 'm4-1': 0.816}",1.224,620.8299999999996,621.6459999999996,inf,623.655,623.655
1812,TT1,BESTEFFORT,COMPLETED,m1-1,618.933,"{'m1-1': 2.063, 'm2-1': 1.87, 'm3-1': 4.891, 'm4-1': 0.692}",3.3008000000000006,621.7040000000001,623.767,inf,623.933,623.933
1813,TT2,BESTEFFORT,COMPLETED,m4-1,619.136,"{'m1-1': 2.15, 'm2-1': 1.786, 'm3-1': 3.964, 'm4-1': 0.745}",1.1175,621.6459999999996,622.3909999999996,inf,624.236,624.236
1814,TT2,BESTEFFORT,COMPLETED,m4-1,619.965,"{'m1-1': 2.34, 'm2-1': 1.555, 'm3-1': 4.055, 'm4-1': 0.917}",1.3755000000000002,622.3909999999996,623.3079999999997,inf,625.065,625.065
1815,TT1,BESTEFFORT,COMPLETED,m2-1,620.121,"{'m1-1': 2.509, 'm2-1': 1.738, 'm3-1': 4.367, 'm4-1': 0.639}",5.214,620.121,621.859,inf,625.121,625.121
1816,TT4,BESTEFFORT,COMPLETED,m2-1,620.18,"{'m1-1': 1.765, 'm2-1': 1.537, 'm3-1': 4.916, 'm4-1': 0.908}",4.611,621.859,623.3960000000001,inf,625.18,625.18
1817,TT2,BESTEFFORT,COMPLETED,m2-1,620.547,"{'m1-1': 2.462, 'm2-1': 1.974, 'm3-1': 4.767, 'm4-1': 0.734}",5.922,623.3960000000001,625.3700000000001,inf,625.647,625.647
1818,TT1,BESTEFFORT,COMPLETED,m4-1,621.125,"{'m1-1': 1.86, 'm2-1': 1.888, 'm3-1': 3.783, 'm4-1': 0.654}",0.9810000000000001,623.3079999999997,623.9619999999996,inf,626.125,626.125
1819,TT3,BESTEFFORT,COMPLETED,m4-1,621.742,"{'m1-1': 2.057, 'm2-1': 1.516, 'm3-1': 5.968, 'm4-1': 0.722}",1.083,623.9619999999996,624.6839999999996,inf,626.942,626.942
1820,TT1,BESTEFFORT,COMPLETED,m1-1,621.969,"{'m1-1': 2.096, 'm2-1': 1.882, 'm3-1': 4.148, 'm4-1': 0.854}",3.3536,623.767,625.863,inf,626.969,626.969
1821,TT3,BESTEFFORT,COMPLETED,m4-1,622.744,"{'m1-1': 2.131, 'm2-1': 1.388, 'm3-1': 4.552, 'm4-1': 0.785}",1.1775,624.6839999999996,625.4689999999996,inf,627.9440000000001,627.9440000000001
1822,TT4,BESTEFFORT,COMPLETED,m2-1,622.848,"{'m1-1': 2.419, 'm2-1': 1.703, 'm3-1': 4.447, 'm4-1': 0.905}",5.109,625.3700000000001,627.0730000000001,inf,627.848,627.848
1823,TT4,BESTEFFORT,COMPLETED,m4-1,623.444,"{'m1-1': 2.44, 'm2-1': 1.537, 'm3-1': 4.184, 'm4-1': 0.906}",1.359,625.4689999999996,626.3749999999995,inf,628.444,628.444
1824,TT1,BESTEFFORT,COMPLETED,m4-1,624.741,"{'m1-1': 1.88, 'm2-1': 1.86, 'm3-1': 3.692, 'm4-1': 0.785}",1.1775,626.3749999999995,627.1599999999995,inf,629.741,629.741
1825,TT1,BESTEFFORT,COMPLETED,m4-1,625.085,"{'m1-1': 2.276, 'm2-1': 1.405, 'm3-1': 4.047, 'm4-1': 0.715}",1.0725,627.1599999999995,627.8749999999995,inf,630.085,630.085
1826,TT2,BESTEFFORT,COMPLETED,m1-1,625.096,"{'m1-1': 2.177, 'm2-1': 1.887, 'm3-1': 5.109, 'm4-1': 0.999}",3.4832,625.863,628.0400000000001,inf,630.196,630.196
1827,TT4,BESTEFFORT,COMPLETED,m4-1,625.67,"{'m1-1': 2.152, 'm2-1': 1.722, 'm3-1': 4.828, 'm4-1': 0.825}",1.2374999999999998,627.8749999999995,628.6999999999996,inf,630.67,630.67
1828,TT3,BESTEFFORT,COMPLETED,m1-1,625.872,"{'m1-1': 2.053, 'm2-1': 1.513, 'm3-1': 4.393, 'm4-1': 0.871}",3.2848,628.0400000000001,630.0930000000001,inf,631.072,631.072
1829,TT3,BESTEFFORT,COMPLETED,m2-1,626.27,"{'m1-1': 2.389, 'm2-1': 1.47, 'm3-1': 5.937, 'm4-1': 0.757}",4.41,627.0730000000001,628.5430000000001,inf,631.47,631.47
1830,TT3,BESTEFFORT,COMPLETED,m4-1,627.706,"{'m1-1': 2.247, 'm2-1': 1.79, 'm3-1': 4.713, 'm4-1': 0.719}",1.0785,628.6999999999996,629.4189999999996,inf,632.9060000000001,632.9060000000001
1831,TT3,BESTEFFORT,COMPLETED,m4-1,628.024,"{'m1-1': 2.17, 'm2-1': 1.564, 'm3-1': 5.748, 'm4-1': 0.873}",1.3094999999999999,629.4189999999996,630.2919999999997,inf,633.224,633.224
1832,TT2,BESTEFFORT,COMPLETED,m4-1,628.621,"{'m1-1': 2.562, 'm2-1': 1.862, 'm3-1': 4.324, 'm4-1': 0.781}",1.1715,630.2919999999997,631.0729999999996,inf,633.721,633.721
1833,TT4,BESTEFFORT,COMPLETED,m4-1,628.984,"{'m1-1': 1.978, 'm2-1': 1.52, 'm3-1': 3.87, 'm4-1': 0.987}",1.4805,631.0729999999996,632.0599999999996,inf,633.984,633.984
1834,TT1,BESTEFFORT,COMPLETED,m4-1,629.757,"{'m1-1': 1.878, 'm2-1': 1.685, 'm3-1': 5.037, 'm4-1': 0.841}",1.2614999999999998,632.0599999999996,632.9009999999996,inf,634.757,634.757
1835,TT4,BESTEFFORT,COMPLETED,m1-1,629.994,"{'m1-1': 2.064, 'm2-1': 1.449, 'm3-1': 4.269, 'm4-1': 1.009}",3.3024000000000004,630.0930000000001,632.157,inf,634.994,634.994
1836,TT4,BESTEFFORT,COMPLETED,m1-1,630.13,"{'m1-1': 1.742, 'm2-1': 1.758, 'm3-1': 5.023, 'm4-1': 1.04}",2.7872000000000003,632.157,633.899,inf,635.13,635.13
1837,TT1,BESTEFFORT,CANCELLED,m4-1,630.425,"{'m1-1': 2.073, 'm2-1': 1.787, 'm3-1': 4.429, 'm4-1': 0.687}",0.0,inf,inf,inf,635.425,635.425
1838,TT2,BESTEFFORT,COMPLETED,m2-1,630.427,"{'m1-1': 1.883, 'm2-1': 1.664, 'm3-1': 4.715, 'm4-1': 0.729}",4.992,630.427,632.091,inf,635.527,635.527
1839,TT3,BESTEFFORT,COMPLETED,m2-1,631.066,"{'m1-1': 2.255, 'm2-1': 1.729, 'm3-1': 5.801, 'm4-1': 0.925}",5.187,632.091,633.82,inf,636.2660000000001,636.2660000000001
1840,TT3,BESTEFFORT,COMPLETED,m4-1,631.18,"{'m1-1': 1.857, 'm2-1': 1.53, 'm3-1': 4.921, 'm4-1': 0.907}",1.3605,632.9009999999996,633.8079999999997,inf,636.38,636.38
1841,TT2,BESTEFFORT,COMPLETED,m2-1,631.355,"{'m1-1': 2.447, 'm2-1': 1.529, 'm3-1': 5.091, 'm4-1': 0.733}",4.587,633.82,635.349,inf,636.455,636.455
1842,TT1,BESTEFFORT,COMPLETED,m3-1,631.845,"{'m1-1': 2.276, 'm2-1': 1.478, 'm3-1': 4.059, 'm4-1': 0.724}",7.3062000000000005,631.845,635.904,inf,636.845,636.845
1843,TT4,BESTEFFORT,COMPLETED,m1-1,631.888,"{'m1-1': 2.051, 'm2-1': 1.348, 'm3-1': 4.377, 'm4-1': 0.837}",3.2816000000000005,633.899,635.95,inf,636.888,636.888
1844,TT3,BESTEFFORT,COMPLETED,m4-1,631.907,"{'m1-1': 1.967, 'm2-1': 1.437, 'm3-1': 5.856, 'm4-1': 0.971}",1.4565,633.8079999999997,634.7789999999997,inf,637.1070000000001,637.1070000000001
1845,TT1,BESTEFFORT,COMPLETED,m4-1,632.538,"{'m1-1': 2.023, 'm2-1': 1.905, 'm3-1': 4.225, 'm4-1': 0.847}",1.2705,634.7789999999997,635.6259999999996,inf,637.538,637.538
1846,TT3,BESTEFFORT,COMPLETED,m2-1,632.549,"{'m1-1': 2.178, 'm2-1': 1.317, 'm3-1': 4.876, 'm4-1': 0.75}",3.9509999999999996,635.349,636.666,inf,637.749,637.749
1847,TT1,BESTEFFORT,CANCELLED,m4-1,632.841,"{'m1-1': 2.274, 'm2-1': 1.433, 'm3-1': 4.097, 'm4-1': 0.627}",0.0,inf,inf,inf,637.841,637.841
1848,TT4,BESTEFFORT,COMPLETED,m4-1,633.221,"{'m1-1': 2.067, 'm2-1': 1.508, 'm3-1': 4.185, 'm4-1': 1.031}",1.5465,635.6259999999996,636.6569999999996,inf,638.221,638.221
1849,TT1,BESTEFFORT,COMPLETED,m4-1,633.603,"{'m1-1': 2.175, 'm2-1': 1.851, 'm3-1': 4.3, 'm4-1': 0.613}",0.9195,636.6569999999996,637.2699999999996,inf,638.603,638.603
1850,TT2,BESTEFFORT,COMPLETED,m1-1,633.994,"{'m1-1': 2.266, 'm2-1': 1.96, 'm3-1': 3.648, 'm4-1': 0.993}",3.6256000000000004,635.95,638.216,inf,639.094,639.094
1851,TT1,BESTEFFORT,COMPLETED,m2-1,634.068,"{'m1-1': 1.98, 'm2-1': 1.457, 'm3-1': 4.131, 'm4-1': 0.839}",4.371,636.666,638.123,inf,639.068,639.068
1852,TT4,BESTEFFORT,COMPLETED,m4-1,634.541,"{'m1-1': 2.198, 'm2-1': 1.752, 'm3-1': 3.869, 'm4-1': 0.931}",1.3965,637.2699999999996,638.2009999999997,inf,639.541,639.541
1853,TT3,BESTEFFORT,CANCELLED,,634.57,"{'m1-1': 2.26, 'm2-1': 1.509, 'm3-1': 5.29, 'm4-1': 0.757}",0.0,inf,inf,inf,639.7700000000001,639.7700000000001
1854,TT3,BESTEFFORT,COMPLETED,m1-1,635.052,"{'m1-1': 1.736, 'm2-1': 1.541, 'm3-1': 4.893, 'm4-1': 0.757}",2.7776,638.216,639.952,inf,640.2520000000001,640.2520000000001
1855,TT3,BESTEFFORT,COMPLETED,m2-1,635.598,"{'m1-1': 2.204, 'm2-1': 1.295, 'm3-1': 5.436, 'm4-1': 1.014}",3.885,638.123,639.418,inf,640.798,640.798
1856,TT2,BESTEFFORT,MISSED,m3-1,635.624,"{'m1-1': 1.984, 'm2-1': 1.635, 'm3-1': 4.886, 'm4-1': 0.809}",8.67600000000009,635.904,inf,640.724,640.724,640.724
1857,TT3,BESTEFFORT,COMPLETED,m4-1,635.909,"{'m1-1': 2.425, 'm2-1': 1.556, 'm3-1': 5.577, 'm4-1': 0.773}",1.1595,638.2009999999997,638.9739999999997,inf,641.109,641.109
1858,TT3,BESTEFFORT,COMPLETED,m2-1,636.258,"{'m1-1': 2.019, 'm2-1': 1.501, 'm3-1': 5.658, 'm4-1': 0.897}",4.503,639.418,640.919,inf,641.4580000000001,641.4580000000001
1859,TT2,BESTEFFORT,CANCELLED,m4-1,637.004,"{'m1-1': 2.462, 'm2-1': 2.138, 'm3-1': 5.103, 'm4-1': 0.776}",0.0,inf,inf,inf,642.104,642.104
1860,TT4,BESTEFFORT,COMPLETED,m4-1,637.283,"{'m1-1': 1.956, 'm2-1': 1.764, 'm3-1': 4.505, 'm4-1': 1.022}",1.533,638.9739999999997,639.9959999999998,inf,642.283,642.283
1861,TT4,BESTEFFORT,COMPLETED,m1-1,637.45,"{'m1-1': 1.924, 'm2-1': 1.785, 'm3-1': 4.961, 'm4-1': 1.038}",3.0784000000000002,639.952,641.876,inf,642.45,642.45
1862,TT1,BESTEFFORT,MISSED,m2-1,637.581,"{'m1-1': 2.391, 'm2-1': 1.841, 'm3-1': 3.999, 'm4-1': 0.628}",4.986000000000104,640.919,inf,642.581,642.581,642.581
1863,TT4,BESTEFFORT,COMPLETED,m4-1,638.098,"{'m1-1': 1.973, 'm2-1': 1.496, 'm3-1': 4.862, 'm4-1': 1.043}",1.5644999999999998,639.9959999999998,641.0389999999998,inf,643.098,643.098
1864,TT3,BESTEFFORT,COMPLETED,m4-1,638.315,"{'m1-1': 1.789, 'm2-1': 1.443, 'm3-1': 5.809, 'm4-1': 0.796}",1.194,641.0389999999998,641.8349999999998,inf,643.5150000000001,643.5150000000001
1865,TT2,BESTEFFORT,COMPLETED,m4-1,638.612,"{'m1-1': 2.016, 'm2-1': 2.042, 'm3-1': 4.578, 'm4-1': 0.861}",1.2915,641.8349999999998,642.6959999999998,inf,643.712,643.712
1866,TT4,BESTEFFORT,MISSED,m2-1,638.791,"{'m1-1': 1.899, 'm2-1': 1.585, 'm3-1': 3.976, 'm4-1': 0.792}",3.630000000000109,642.581,inf,643.791,643.791,643.791
1867,TT4,BESTEFFORT,COMPLETED,m4-1,640.767,"{'m1-1': 2.078, 'm2-1': 1.411, 'm3-1': 4.334, 'm4-1': 1.024}",1.536,642.6959999999998,643.7199999999998,inf,645.767,645.767
1868,TT3,BESTEFFORT,COMPLETED,m4-1,641.133,"{'m1-1': 1.884, 'm2-1': 1.721, 'm3-1': 5.719, 'm4-1': 0.807}",1.2105000000000001,643.7199999999998,644.5269999999998,inf,646.3330000000001,646.3330000000001
1869,TT2,BESTEFFORT,COMPLETED,m1-1,641.203,"{'m1-1': 2.316, 'm2-1': 1.547, 'm3-1': 4.768, 'm4-1': 0.735}",3.7056,641.876,644.192,inf,646.303,646.303
1870,TT4,BESTEFFORT,COMPLETED,m4-1,642.02,"{'m1-1': 2.163, 'm2-1': 1.852, 'm3-1': 4.377, 'm4-1': 0.764}",1.146,644.5269999999998,645.2909999999998,inf,647.02,647.02
1871,TT4,BESTEFFORT,COMPLETED,m1-1,642.124,"{'m1-1': 2.039, 'm2-1': 1.369, 'm3-1': 3.739, 'm4-1': 0.884}",3.2624000000000004,644.192,646.231,inf,647.124,647.124
1872,TT4,BESTEFFORT,COMPLETED,m4-1,643.264,"{'m1-1': 1.759, 'm2-1': 1.588, 'm3-1': 3.711, 'm4-1': 1.064}",1.596,645.2909999999998,646.3549999999998,inf,648.264,648.264
1873,TT1,BESTEFFORT,COMPLETED,m1-1,643.584,"{'m1-1': 2.12, 'm2-1': 1.51, 'm3-1': 3.618, 'm4-1': 0.722}",3.3920000000000003,646.231,648.351,inf,648.584,648.584
1874,TT1,BESTEFFORT,COMPLETED,m2-1,643.688,"{'m1-1': 2.451, 'm2-1': 1.517, 'm3-1': 4.305, 'm4-1': 0.676}",4.551,643.791,645.3080000000001,inf,648.688,648.688
1875,TT1,BESTEFFORT,COMPLETED,m4-1,643.937,"{'m1-1': 1.993, 'm2-1': 1.467, 'm3-1': 3.726, 'm4-1': 0.713}",1.0695,646.3549999999998,647.0679999999998,inf,648.937,648.937
1876,TT4,BESTEFFORT,COMPLETED,m2-1,643.982,"{'m1-1': 2.165, 'm2-1': 1.768, 'm3-1': 4.77, 'm4-1': 0.929}",5.304,645.3080000000001,647.0760000000001,inf,648.982,648.982
1877,TT3,BESTEFFORT,COMPLETED,m2-1,644.402,"{'m1-1': 1.744, 'm2-1': 1.413, 'm3-1': 5.515, 'm4-1': 0.985}",4.239,647.0760000000001,648.4890000000001,inf,649.6020000000001,649.6020000000001
1878,TT1,BESTEFFORT,COMPLETED,m3-1,644.487,"{'m1-1': 2.483, 'm2-1': 1.834, 'm3-1': 4.774, 'm4-1': 0.784}",8.5932,644.487,649.261,inf,649.487,649.487
1879,TT1,BESTEFFORT,COMPLETED,m4-1,645.334,"{'m1-1': 2.113, 'm2-1': 1.474, 'm3-1': 4.998, 'm4-1': 0.634}",0.9510000000000001,647.0679999999998,647.7019999999998,inf,650.334,650.334
1880,TT4,BESTEFFORT,COMPLETED,m4-1,645.446,"{'m1-1': 1.758, 'm2-1': 1.709, 'm3-1': 4.485, 'm4-1': 0.959}",1.4385,647.7019999999998,648.6609999999997,inf,650.446,650.446
1881,TT4,BESTEFFORT,MISSED,m1-1,645.545,"{'m1-1': 2.43, 'm2-1': 1.693, 'm3-1': 5.082, 'm4-1': 0.965}",3.5103999999999362,648.351,inf,650.545,650.545,650.545
1882,TT1,BESTEFFORT,COMPLETED,m2-1,645.565,"{'m1-1': 2.56, 'm2-1': 1.709, 'm3-1': 4.555, 'm4-1': 0.668}",5.127000000000001,648.4890000000001,650.1980000000001,inf,650.565,650.565
1883,TT2,BESTEFFORT,COMPLETED,m4-1,646.841,"{'m1-1': 2.163, 'm2-1': 1.861, 'm3-1': 5.016, 'm4-1': 0.743}",1.1145,648.6609999999997,649.4039999999998,inf,651.941,651.941
1884,TT2,BESTEFFORT,COMPLETED,m4-1,646.857,"{'m1-1': 1.904, 'm2-1': 1.999, 'm3-1': 4.542, 'm4-1': 0.941}",1.4115,649.4039999999998,650.3449999999998,inf,651.957,651.957
1885,TT3,BESTEFFORT,COMPLETED,m1-1,647.6,"{'m1-1': 1.818, 'm2-1': 1.385, 'm3-1': 5.351, 'm4-1': 0.783}",2.9088000000000003,650.545,652.3629999999999,inf,652.8000000000001,652.8000000000001
1886,TT1,BESTEFFORT,COMPLETED,m4-1,647.862,"{'m1-1': 2.464, 'm2-1': 1.852, 'm3-1': 3.941, 'm4-1': 0.724}",1.0859999999999999,650.3449999999998,651.0689999999998,inf,652.862,652.862
1887,TT3,BESTEFFORT,COMPLETED,m2-1,647.985,"{'m1-1': 2.378, 'm2-1': 1.781, 'm3-1': 5.726, 'm4-1': 0.949}",5.343,650.1980000000001,651.979,inf,653.1850000000001,653.1850000000001
1888,TT2,BESTEFFORT,COMPLETED,m3-1,648.49,"{'m1-1': 2.501, 'm2-1': 1.512, 'm3-1': 3.976, 'm4-1': 0.763}",7.1568000000000005,649.261,653.237,inf,653.59,653.59
1889,TT3,BESTEFFORT,COMPLETED,m4-1,649.205,"{'m1-1': 1.837, 'm2-1': 1.408, 'm3-1': 5.233, 'm4-1': 0.803}",1.2045000000000001,651.0689999999998,651.8719999999998,inf,654.4050000000001,654.4050000000001
1890,TT4,BESTEFFORT,COMPLETED,m4-1,649.494,"{'m1-1': 2.109, 'm2-1': 1.397, 'm3-1': 4.734, 'm4-1': 0.812}",1.218,651.8719999999998,652.6839999999999,inf,654.494,654.494
1891,TT1,BESTEFFORT,COMPLETED,m1-1,650.188,"{'m1-1': 2.41, 'm2-1': 1.975, 'm3-1': 3.696, 'm4-1': 0.751}",3.8560000000000003,652.3629999999999,654.7729999999999,inf,655.188,655.188
1892,TT1,BESTEFFORT,COMPLETED,m4-1,650.46,"{'m1-1': 2.605, 'm2-1': 1.69, 'm3-1': 4.343, 'm4-1': 0.759}",1.1385,652.6839999999999,653.4429999999999,inf,655.46,655.46
1893,TT2,BESTEFFORT,COMPLETED,m2-1,650.624,"{'m1-1': 2.492, 'm2-1': 1.92, 'm3-1': 3.637, 'm4-1': 0.912}",5.76,651.979,653.899,inf,655.724,655.724
1894,TT1,BESTEFFORT,COMPLETED,m2-1,651.049,"{'m1-1': 2.517, 'm2-1': 1.973, 'm3-1': 4.61, 'm4-1': 0.631}",5.9190000000000005,653.899,655.872,inf,656.049,656.049
1895,TT3,BESTEFFORT,COMPLETED,m4-1,651.368,"{'m1-1': 1.991, 'm2-1': 1.463, 'm3-1': 4.787, 'm4-1': 0.839}",1.2585,653.4429999999999,654.2819999999999,inf,656.5680000000001,656.5680000000001
1896,TT4,BESTEFFORT,MISSED,m1-1,651.402,"{'m1-1': 2.398, 'm2-1': 1.667, 'm3-1': 3.876, 'm4-1': 1.038}",2.6064000000002125,654.7729999999999,inf,656.402,656.402,656.402
1897,TT4,BESTEFFORT,CANCELLED,m4-1,651.661,"{'m1-1': 2.225, 'm2-1': 1.644, 'm3-1': 3.645, 'm4-1': 0.806}",0.0,inf,inf,inf,656.661,656.661
1898,TT2,BESTEFFORT,COMPLETED,m4-1,651.926,"{'m1-1': 2.278, 'm2-1': 1.686, 'm3-1': 3.954, 'm4-1': 0.766}",1.149,654.2819999999999,655.0479999999999,inf,657.0260000000001,657.0260000000001
1899,TT4,BESTEFFORT,COMPLETED,m2-1,652.638,"{'m1-1': 2.029, 'm2-1': 1.465, 'm3-1': 4.724, 'm4-1': 0.86}",4.3950000000000005,655.872,657.337,inf,657.638,657.638
1900,TT3,BESTEFFORT,COMPLETED,m4-1,653.008,"{'m1-1': 2.388, 'm2-1': 1.751, 'm3-1': 5.655, 'm4-1': 0.905}",1.3575,655.0479999999999,655.9529999999999,inf,658.2080000000001,658.2080000000001
1901,TT3,BESTEFFORT,COMPLETED,m4-1,653.49,"{'m1-1': 1.884, 'm2-1': 1.665, 'm3-1': 4.794, 'm4-1': 0.892}",1.338,655.9529999999999,656.8449999999999,inf,658.69,658.69
1902,TT1,BESTEFFORT,MISSED,m2-1,653.684,"{'m1-1': 2.614, 'm2-1': 1.73, 'm3-1': 4.35, 'm4-1': 0.718}",4.04099999999994,657.337,inf,658.684,658.684,658.684
1903,TT4,BESTEFFORT,COMPLETED,m4-1,655.141,"{'m1-1': 2.302, 'm2-1': 1.374, 'm3-1': 4.448, 'm4-1': 0.897}",1.3455,656.8449999999999,657.742,inf,660.141,660.141
1904,TT3,BESTEFFORT,COMPLETED,m4-1,655.155,"{'m1-1': 1.977, 'm2-1': 1.446, 'm3-1': 5.631, 'm4-1': 0.937}",1.4055,657.742,658.679,inf,660.355,660.355
1905,TT4,BESTEFFORT,COMPLETED,m1-1,655.16,"{'m1-1': 1.769, 'm2-1': 1.798, 'm3-1': 4.18, 'm4-1': 0.998}",2.8304,656.402,658.171,inf,660.16,660.16
1906,TT3,BESTEFFORT,COMPLETED,m2-1,655.289,"{'m1-1': 1.926, 'm2-1': 1.463, 'm3-1': 4.646, 'm4-1': 0.991}",4.389,658.684,660.1469999999999,inf,660.489,660.489
1907,TT4,BESTEFFORT,COMPLETED,m3-1,655.486,"{'m1-1': 2.367, 'm2-1': 1.717, 'm3-1': 4.334, 'm4-1': 0.974}",7.8012,655.486,659.8199999999999,inf,660.486,660.486
1908,TT1,BESTEFFORT,CANCELLED,,655.59,"{'m1-1': 2.111, 'm2-1': 1.951, 'm3-1': 4.954, 'm4-1': 0.843}",0.0,inf,inf,inf,660.59,660.59
1909,TT2,BESTEFFORT,CANCELLED,m4-1,655.607,"{'m1-1': 2.384, 'm2-1': 2.042, 'm3-1': 4.029, 'm4-1': 0.975}",0.0,inf,inf,inf,660.707,660.707
1910,TT1,BESTEFFORT,COMPLETED,m1-1,655.908,"{'m1-1': 2.04, 'm2-1': 1.931, 'm3-1': 3.82, 'm4-1': 0.713}",3.2640000000000002,658.171,660.211,inf,660.908,660.908
1911,TT1,BESTEFFORT,COMPLETED,m4-1,656.431,"{'m1-1': 2.254, 'm2-1': 1.738, 'm3-1': 4.938, 'm4-1': 0.816}",1.224,659.733,660.549,inf,661.431,661.431
1912,TT4,BESTEFFORT,COMPLETED,m4-1,656.811,"{'m1-1': 1.926, 'm2-1': 1.861, 'm3-1': 3.969, 'm4-1': 1.054}",1.581,658.679,659.733,inf,661.811,661.811
1913,TT3,BESTEFFORT,COMPLETED,m2-1,657.059,"{'m1-1': 2.003, 'm2-1': 1.401, 'm3-1': 5.807, 'm4-1': 0.785}",4.203,660.1469999999999,661.5479999999999,inf,662.259,662.259
1914,TT3,BESTEFFORT,COMPLETED,m1-1,657.501,"{'m1-1': 2.311, 'm2-1': 1.737, 'm3-1': 5.789, 'm4-1': 0.764}",3.6976,660.211,662.522,inf,662.701,662.701
1915,TT2,BESTEFFORT,CANCELLED,m4-1,657.939,"{'m1-1': 2.485, 'm2-1': 1.581, 'm3-1': 4.818, 'm4-1': 0.737}",0.0,inf,inf,inf,663.039,663.039
1916,TT3,BESTEFFORT,COMPLETED,m4-1,658.985,"{'m1-1': 2.161, 'm2-1': 1.347, 'm3-1': 4.905, 'm4-1': 0.889}",1.3335,660.549,661.438,inf,664.1850000000001,664.1850000000001
1917,TT3,BESTEFFORT,MISSED,m1-1,659.02,"{'m1-1': 2.388, 'm2-1': 1.444, 'm3-1': 4.998, 'm4-1': 0.807}",2.716799999999967,662.522,inf,664.22,664.22,664.22
1918,TT3,BESTEFFORT,COMPLETED,m2-1,659.342,"{'m1-1': 2.221, 'm2-1': 1.444, 'm3-1': 5.661, 'm4-1': 0.828}",4.332,661.5479999999999,662.9919999999998,inf,664.542,664.542
1919,TT4,BESTEFFORT,COMPLETED,m4-1,659.571,"{'m1-1': 2.223, 'm2-1': 1.726, 'm3-1': 4.334, 'm4-1': 0.948}",1.422,661.438,662.386,inf,664.571,664.571
1920,TT3,BESTEFFORT,MISSED,m3-1,659.582,"{'m1-1': 2.131, 'm2-1': 1.641, 'm3-1': 5.357, 'm4-1': 0.793}",8.931600000000186,659.8199999999999,inf,664.782,664.782,664.782
1921,TT3,BESTEFFORT,COMPLETED,m4-1,660.174,"{'m1-1': 1.912, 'm2-1': 1.398, 'm3-1': 5.789, 'm4-1': 0.999}",1.4985,662.386,663.385,inf,665.374,665.374
1922,TT4,BESTEFFORT,COMPLETED,m2-1,660.232,"{'m1-1': 2.162, 'm2-1': 1.648, 'm3-1': 4.773, 'm4-1': 0.838}",4.944,662.9919999999998,664.6399999999999,inf,665.232,665.232
1923,TT2,BESTEFFORT,CANCELLED,m4-1,660.974,"{'m1-1': 2.136, 'm2-1': 2.068, 'm3-1': 3.674, 'm4-1': 0.771}",0.0,inf,inf,inf,666.0740000000001,666.0740000000001
1924,TT3,BESTEFFORT,COMPLETED,m1-1,661.065,"{'m1-1': 1.998, 'm2-1': 1.748, 'm3-1': 4.738, 'm4-1': 0.889}",3.1968,664.22,666.2180000000001,inf,666.2650000000001,666.2650000000001
1925,TT4,BESTEFFORT,COMPLETED,m4-1,661.118,"{'m1-1': 2.327, 'm2-1': 1.366, 'm3-1': 4.838, 'm4-1': 0.811}",1.2165000000000001,663.385,664.196,inf,666.118,666.118
1926,TT4,BESTEFFORT,COMPLETED,m2-1,661.413,"{'m1-1': 1.988, 'm2-1': 1.415, 'm3-1': 3.839, 'm4-1': 0.83}",4.245,664.6399999999999,666.0549999999998,inf,666.413,666.413
1927,TT3,BESTEFFORT,COMPLETED,m4-1,661.607,"{'m1-1': 2.218, 'm2-1': 1.466, 'm3-1': 5.862, 'm4-1': 0.971}",1.4565,664.196,665.167,inf,666.807,666.807
1928,TT4,BESTEFFORT,COMPLETED,m4-1,661.629,"{'m1-1': 2.228, 'm2-1': 1.893, 'm3-1': 4.269, 'm4-1': 1.015}",1.5225,665.167,666.182,inf,666.629,666.629
1929,TT2,BESTEFFORT,CANCELLED,,662.415,"{'m1-1': 1.892, 'm2-1': 1.561, 'm3-1': 4.125, 'm4-1': 0.92}",0.0,inf,inf,inf,667.515,667.515
1930,TT4,BESTEFFORT,CANCELLED,,662.416,"{'m1-1': 1.771, 'm2-1': 1.6, 'm3-1': 3.771, 'm4-1': 0.837}",0.0,inf,inf,inf,667.416,667.416
1931,TT4,BESTEFFORT,COMPLETED,m4-1,662.576,"{'m1-1': 2.037, 'm2-1': 1.358, 'm3-1': 4.094, 'm4-1': 1.051}",1.5764999999999998,666.182,667.2330000000001,inf,667.576,667.576
1932,TT3,BESTEFFORT,COMPLETED,m2-1,663.0,"{'m1-1': 2.208, 'm2-1': 1.335, 'm3-1': 4.362, 'm4-1': 0.876}",4.005,666.0549999999998,667.3899999999999,inf,668.2,668.2
1933,TT4,BESTEFFORT,COMPLETED,m1-1,664.087,"{'m1-1': 1.905, 'm2-1': 1.608, 'm3-1': 5.137, 'm4-1': 0.931}",3.048,666.2180000000001,668.123,inf,669.087,669.087
1934,TT2,BESTEFFORT,COMPLETED,m3-1,664.155,"{'m1-1': 2.607, 'm2-1': 1.743, 'm3-1': 4.226, 'm4-1': 0.839}",7.6068,664.782,669.008,inf,669.255,669.255
1935,TT2,BESTEFFORT,COMPLETED,m4-1,664.388,"{'m1-1': 1.933, 'm2-1': 1.822, 'm3-1': 4.466, 'm4-1': 0.945}",1.4175,667.2330000000001,668.1780000000001,inf,669.488,669.488
1936,TT4,BESTEFFORT,COMPLETED,m2-1,664.82,"{'m1-1': 2.151, 'm2-1': 1.572, 'm3-1': 4.213, 'm4-1': 1.05}",4.716,667.3899999999999,668.9619999999999,inf,669.82,669.82
1937,TT3,BESTEFFORT,COMPLETED,m4-1,664.972,"{'m1-1': 1.717, 'm2-1': 1.741, 'm3-1': 5.824, 'm4-1': 0.93}",1.395,668.1780000000001,669.1080000000001,inf,670.172,670.172
1938,TT3,BESTEFFORT,CANCELLED,,665.093,"{'m1-1': 2.142, 'm2-1': 1.618, 'm3-1': 5.745, 'm4-1': 0.985}",0.0,inf,inf,inf,670.293,670.293
1939,TT3,BESTEFFORT,COMPLETED,m1-1,665.333,"{'m1-1': 2.017, 'm2-1': 1.763, 'm3-1': 5.146, 'm4-1': 0.946}",3.2272,668.123,670.1400000000001,inf,670.533,670.533
1940,TT2,BESTEFFORT,CANCELLED,,665.541,"{'m1-1': 2.34, 'm2-1': 1.844, 'm3-1': 4.995, 'm4-1': 0.738}",0.0,inf,inf,inf,670.6410000000001,670.6410000000001
1941,TT4,BESTEFFORT,CANCELLED,m4-1,665.622,"{'m1-1': 2.118, 'm2-1': 1.836, 'm3-1': 4.185, 'm4-1': 0.863}",0.0,inf,inf,inf,670.622,670.622
1942,TT3,BESTEFFORT,COMPLETED,m2-1,666.138,"{'m1-1': 1.923, 'm2-1': 1.531, 'm3-1': 5.003, 'm4-1': 0.822}",4.593,668.9619999999999,670.4929999999998,inf,671.3380000000001,671.3380000000001
1943,TT2,BESTEFFORT,COMPLETED,m4-1,666.544,"{'m1-1': 2.637, 'm2-1': 1.519, 'm3-1': 3.886, 'm4-1': 0.738}",1.107,669.1080000000001,669.8460000000001,inf,671.644,671.644
1944,TT2,BESTEFFORT,COMPLETED,m4-1,666.785,"{'m1-1': 2.327, 'm2-1': 1.838, 'm3-1': 4.162, 'm4-1': 1.013}",1.5194999999999999,669.8460000000001,670.8590000000002,inf,671.885,671.885
1945,TT2,BESTEFFORT,COMPLETED,m1-1,667.248,"{'m1-1': 1.97, 'm2-1': 2.04, 'm3-1': 4.948, 'm4-1': 0.995}",3.152,670.1400000000001,672.1100000000001,inf,672.3480000000001,672.3480000000001
1946,TT4,BESTEFFORT,COMPLETED,m2-1,667.608,"{'m1-1': 2.391, 'm2-1': 1.358, 'm3-1': 3.763, 'm4-1': 1.01}",4.074,670.4929999999998,671.8509999999998,inf,672.608,672.608
1947,TT3,BESTEFFORT,CANCELLED,,667.725,"{'m1-1': 1.782, 'm2-1': 1.533, 'm3-1': 5.166, 'm4-1': 0.765}",0.0,inf,inf,inf,672.9250000000001,672.9250000000001
1948,TT3,BESTEFFORT,CANCELLED,m4-1,667.73,"{'m1-1': 2.344, 'm2-1': 1.273, 'm3-1': 4.428, 'm4-1': 1.005}",0.0,inf,inf,inf,672.9300000000001,672.9300000000001
1949,TT4,BESTEFFORT,MISSED,m3-1,668.295,"{'m1-1': 2.247, 'm2-1': 1.71, 'm3-1': 5.054, 'm4-1': 0.933}",7.716599999999858,669.008,inf,673.295,673.295,673.295
1950,TT3,BESTEFFORT,COMPLETED,m2-1,668.492,"{'m1-1': 1.853, 'm2-1': 1.727, 'm3-1': 5.16, 'm4-1': 0.924}",5.181,671.8509999999998,673.5779999999997,inf,673.692,673.692
1951,TT4,BESTEFFORT,COMPLETED,m4-1,669.383,"{'m1-1': 2.383, 'm2-1': 1.571, 'm3-1': 5.098, 'm4-1': 0.844}",1.266,670.8590000000002,671.7030000000002,inf,674.383,674.383
1952,TT3,BESTEFFORT,COMPLETED,m1-1,669.476,"{'m1-1': 1.99, 'm2-1': 1.343, 'm3-1': 5.719, 'm4-1': 0.76}",3.184,672.1100000000001,674.1000000000001,inf,674.676,674.676
1953,TT4,BESTEFFORT,COMPLETED,m4-1,669.522,"{'m1-1': 2.393, 'm2-1': 1.442, 'm3-1': 4.498, 'm4-1': 0.83}",1.2449999999999999,671.7030000000002,672.5330000000002,inf,674.522,674.522
1954,TT4,BESTEFFORT,MISSED,m2-1,670.09,"{'m1-1': 2.335, 'm2-1': 1.523, 'm3-1': 4.271, 'm4-1': 1.009}",4.536000000000854,673.5779999999997,inf,675.09,675.09,675.09
1955,TT4,BESTEFFORT,COMPLETED,m4-1,670.598,"{'m1-1': 1.993, 'm2-1': 1.617, 'm3-1': 3.873, 'm4-1': 1.038}",1.557,672.5330000000002,673.5710000000003,inf,675.598,675.598
1956,TT3,BESTEFFORT,COMPLETED,m4-1,670.79,"{'m1-1': 1.845, 'm2-1': 1.519, 'm3-1': 5.581, 'm4-1': 0.729}",1.0935,673.5710000000003,674.3000000000003,inf,675.99,675.99
1957,TT3,BESTEFFORT,COMPLETED,m2-1,671.639,"{'m1-1': 2.049, 'm2-1': 1.542, 'm3-1': 4.595, 'm4-1': 0.986}",4.626,675.09,676.6320000000001,inf,676.839,676.839
1958,TT2,BESTEFFORT,COMPLETED,m4-1,672.19,"{'m1-1': 2.409, 'm2-1': 2.122, 'm3-1': 4.586, 'm4-1': 0.886}",1.329,674.3000000000003,675.1860000000003,inf,677.2900000000001,677.2900000000001
1959,TT2,BESTEFFORT,COMPLETED,m1-1,672.273,"{'m1-1': 2.202, 'm2-1': 1.962, 'm3-1': 3.922, 'm4-1': 0.85}",3.5232,674.1000000000001,676.3020000000001,inf,677.373,677.373
1960,TT4,BESTEFFORT,MISSED,m3-1,672.477,"{'m1-1': 2.076, 'm2-1': 1.758, 'm3-1': 4.768, 'm4-1': 0.767}",7.52760000000003,673.295,inf,677.477,677.477,677.477
1961,TT4,BESTEFFORT,COMPLETED,m4-1,673.872,"{'m1-1': 2.082, 'm2-1': 1.825, 'm3-1': 3.71, 'm4-1': 0.988}",1.482,675.1860000000003,676.1740000000003,inf,678.872,678.872
1962,TT2,BESTEFFORT,COMPLETED,m4-1,676.078,"{'m1-1': 2.296, 'm2-1': 1.858, 'm3-1': 4.86, 'm4-1': 0.91}",1.365,676.1740000000003,677.0840000000003,inf,681.178,681.178
1963,TT2,BESTEFFORT,COMPLETED,m4-1,677.845,"{'m1-1': 2.005, 'm2-1': 1.599, 'm3-1': 4.26, 'm4-1': 0.88}",1.32,677.845,678.725,inf,682.945,682.945
1964,TT2,BESTEFFORT,COMPLETED,m4-1,677.925,"{'m1-1': 2.297, 'm2-1': 1.747, 'm3-1': 4.125, 'm4-1': 0.779}",1.1685,678.725,679.504,inf,683.025,683.025
1965,TT2,BESTEFFORT,COMPLETED,m4-1,680.661,"{'m1-1': 1.982, 'm2-1': 1.91, 'm3-1': 5.078, 'm4-1': 0.833}",1.2494999999999998,680.661,681.4939999999999,inf,685.761,685.761
1966,TT2,BESTEFFORT,COMPLETED,m4-1,680.693,"{'m1-1': 1.926, 'm2-1': 2.006, 'm3-1': 4.356, 'm4-1': 0.863}",1.2945,681.4939999999999,682.357,inf,685.793,685.793
1967,TT2,BESTEFFORT,COMPLETED,m4-1,684.323,"{'m1-1': 2.534, 'm2-1': 1.582, 'm3-1': 4.72, 'm4-1': 0.847}",1.2705,684.323,685.17,inf,689.423,689.423
1968,TT2,BESTEFFORT,COMPLETED,m4-1,684.687,"{'m1-1': 2.135, 'm2-1': 1.967, 'm3-1': 4.795, 'm4-1': 0.751}",1.1265,685.17,685.9209999999999,inf,689.787,689.787
1969,TT2,BESTEFFORT,COMPLETED,m4-1,685.423,"{'m1-1': 2.268, 'm2-1': 1.889, 'm3-1': 3.712, 'm4-1': 0.989}",1.4835,685.9209999999999,686.91,inf,690.523,690.523
1970,TT2,BESTEFFORT,COMPLETED,m4-1,685.623,"{'m1-1': 2.158, 'm2-1': 2.07, 'm3-1': 4.14, 'm4-1': 0.809}",1.2135,686.91,687.7189999999999,inf,690.7230000000001,690.7230000000001
1971,TT2,BESTEFFORT,COMPLETED,m4-1,690.219,"{'m1-1': 2.262, 'm2-1': 2.005, 'm3-1': 5.011, 'm4-1': 0.893}",1.3395000000000001,690.219,691.1120000000001,inf,695.3190000000001,695.3190000000001
1972,TT2,BESTEFFORT,COMPLETED,m4-1,690.852,"{'m1-1': 2.202, 'm2-1': 1.989, 'm3-1': 4.179, 'm4-1': 0.833}",1.2494999999999998,691.1120000000001,691.945,inf,695.952,695.952
1973,TT2,BESTEFFORT,COMPLETED,m4-1,692.719,"{'m1-1': 2.139, 'm2-1': 1.956, 'm3-1': 4.597, 'm4-1': 0.839}",1.2585,692.719,693.5580000000001,inf,697.8190000000001,697.8190000000001
1974,TT2,BESTEFFORT,COMPLETED,m4-1,692.813,"{'m1-1': 2.088, 'm2-1': 1.925, 'm3-1': 4.66, 'm4-1': 0.923}",1.3845,693.5580000000001,694.4810000000001,inf,697.913,697.913
1975,TT2,BESTEFFORT,COMPLETED,m4-1,696.863,"{'m1-1': 2.438, 'm2-1': 1.561, 'm3-1': 4.929, 'm4-1': 0.988}",1.482,696.863,697.8510000000001,inf,701.9630000000001,701.9630000000001
1976,TT2,BESTEFFORT,COMPLETED,m4-1,700.334,"{'m1-1': 2.256, 'm2-1': 1.823, 'm3-1': 4.267, 'm4-1': 0.85}",1.275,700.334,701.184,inf,705.434,705.434
1977,TT2,BESTEFFORT,COMPLETED,m4-1,700.844,"{'m1-1': 2.197, 'm2-1': 1.645, 'm3-1': 4.252, 'm4-1': 0.918}",1.377,701.184,702.102,inf,705.9440000000001,705.9440000000001
1978,TT2,BESTEFFORT,COMPLETED,m4-1,701.903,"{'m1-1': 1.935, 'm2-1': 2.032, 'm3-1': 4.964, 'm4-1': 0.907}",1.3605,702.102,703.009,inf,707.003,707.003
1979,TT2,BESTEFFORT,COMPLETED,m4-1,702.602,"{'m1-1': 2.542, 'm2-1': 1.834, 'm3-1': 4.721, 'm4-1': 0.809}",1.2135,703.009,703.818,inf,707.702,707.702
1980,TT2,BESTEFFORT,COMPLETED,m4-1,703.555,"{'m1-1': 2.301, 'm2-1': 1.909, 'm3-1': 4.622, 'm4-1': 0.823}",1.2345,703.818,704.641,inf,708.655,708.655
1981,TT2,BESTEFFORT,COMPLETED,m4-1,705.976,"{'m1-1': 2.422, 'm2-1': 1.618, 'm3-1': 4.604, 'm4-1': 0.874}",1.311,705.976,706.85,inf,711.076,711.076
1982,TT2,BESTEFFORT,COMPLETED,m4-1,707.664,"{'m1-1': 2.05, 'm2-1': 1.956, 'm3-1': 3.987, 'm4-1': 0.751}",1.1265,707.664,708.415,inf,712.764,712.764
1983,TT2,BESTEFFORT,COMPLETED,m4-1,710.627,"{'m1-1': 1.923, 'm2-1': 2.059, 'm3-1': 4.266, 'm4-1': 0.995}",1.4925,710.627,711.622,inf,715.727,715.727
1984,TT2,BESTEFFORT,COMPLETED,m4-1,711.097,"{'m1-1': 2.272, 'm2-1': 2.137, 'm3-1': 4.933, 'm4-1': 0.916}",1.374,711.622,712.538,inf,716.197,716.197
1985,TT2,BESTEFFORT,COMPLETED,m4-1,711.336,"{'m1-1': 2.243, 'm2-1': 1.737, 'm3-1': 4.174, 'm4-1': 0.841}",1.2614999999999998,712.538,713.379,inf,716.436,716.436
1986,TT2,BESTEFFORT,COMPLETED,m4-1,712.073,"{'m1-1': 2.597, 'm2-1': 2.097, 'm3-1': 4.549, 'm4-1': 0.933}",1.3995000000000002,713.379,714.312,inf,717.173,717.173
1987,TT2,BESTEFFORT,COMPLETED,m4-1,720.425,"{'m1-1': 1.872, 'm2-1': 2.132, 'm3-1': 4.866, 'm4-1': 0.752}",1.1280000000000001,720.425,721.1769999999999,inf,725.525,725.525
1988,TT2,BESTEFFORT,COMPLETED,m4-1,721.984,"{'m1-1': 2.084, 'm2-1': 2.01, 'm3-1': 3.936, 'm4-1': 0.8}",1.2000000000000002,721.984,722.784,inf,727.0840000000001,727.0840000000001
1989,TT2,BESTEFFORT,COMPLETED,m4-1,722.78,"{'m1-1': 2.421, 'm2-1': 1.768, 'm3-1': 3.954, 'm4-1': 0.951}",1.4264999999999999,722.784,723.735,inf,727.88,727.88
1990,TT2,BESTEFFORT,COMPLETED,m4-1,723.966,"{'m1-1': 2.25, 'm2-1': 1.514, 'm3-1': 4.315, 'm4-1': 0.969}",1.4535,723.966,724.9350000000001,inf,729.066,729.066
1991,TT2,BESTEFFORT,COMPLETED,m4-1,724.309,"{'m1-1': 2.495, 'm2-1': 2.037, 'm3-1': 4.82, 'm4-1': 0.868}",1.302,724.9350000000001,725.8030000000001,inf,729.409,729.409
1992,TT2,BESTEFFORT,COMPLETED,m4-1,725.534,"{'m1-1': 2.329, 'm2-1': 2.07, 'm3-1': 5.048, 'm4-1': 0.839}",1.2585,725.8030000000001,726.6420000000002,inf,730.634,730.634
1993,TT2,BESTEFFORT,COMPLETED,m4-1,727.089,"{'m1-1': 2.573, 'm2-1': 1.882, 'm3-1': 3.911, 'm4-1': 0.97}",1.455,727.089,728.0590000000001,inf,732.1890000000001,732.1890000000001
1994,TT2,BESTEFFORT,COMPLETED,m4-1,727.131,"{'m1-1': 1.893, 'm2-1': 2.028, 'm3-1': 4.014, 'm4-1': 0.987}",1.4805,728.0590000000001,729.046,inf,732.231,732.231
1995,TT2,BESTEFFORT,COMPLETED,m4-1,728.439,"{'m1-1': 2.005, 'm2-1': 1.826, 'm3-1': 4.292, 'm4-1': 0.803}",1.2045000000000001,729.046,729.849,inf,733.539,733.539
1996,TT2,BESTEFFORT,COMPLETED,m4-1,729.455,"{'m1-1': 2.045, 'm2-1': 2.122, 'm3-1': 5.016, 'm4-1': 0.788}",1.182,729.849,730.6370000000001,inf,734.5550000000001,734.5550000000001
1997,TT2,BESTEFFORT,COMPLETED,m4-1,730.09,"{'m1-1': 1.97, 'm2-1': 2.091, 'm3-1': 3.953, 'm4-1': 0.846}",1.269,730.6370000000001,731.4830000000001,inf,735.19,735.19
1998,TT2,BESTEFFORT,COMPLETED,m4-1,730.386,"{'m1-1': 2.225, 'm2-1': 2.076, 'm3-1': 4.142, 'm4-1': 0.771}",1.1565,731.4830000000001,732.254,inf,735.486,735.486
1999,TT2,BESTEFFORT,COMPLETED,m4-1,731.167,"{'m1-1': 2.625, 'm2-1': 1.732, 'm3-1': 4.927, 'm4-1': 0.719}",1.0785,732.254,732.9730000000001,inf,736.267,736.267
