id,type,urgency,status,assigned_machine,arrival_time,execution_time,energy_usage,start_time,completion_time,missed_time,deadline,extended_deadline
0,TT1,BESTEFFORT,COMPLETED,gpu-1,0.462,"{'cpu-1': 1.046, 'gpu-1': 0.97}",291.0,0.462,1.432,inf,4.561999999999999,4.561999999999999
1,TT1,BESTEFFORT,COMPLETED,cpu-1,1.242,"{'cpu-1': 1.3, 'gpu-1': 0.913}",156.0,1.242,2.542,inf,5.342,5.342
2,TT2,BESTEFFORT,COMPLETED,gpu-1,6.38,"{'cpu-1': 2.634, 'gpu-1': 1.106}",331.8,6.38,7.486,inf,12.780000000000001,12.780000000000001
3,TT2,BESTEFFORT,COMPLETED,gpu-1,6.775,"{'cpu-1': 5.43, 'gpu-1': 1.279}",383.7,7.486,8.765,inf,13.175,13.175
4,TT2,BESTEFFORT,COMPLETED,cpu-1,6.837,"{'cpu-1': 3.077, 'gpu-1': 0.807}",369.24,6.837,9.914,inf,13.237,13.237
5,TT2,BESTEFFORT,COMPLETED,gpu-1,6.939,"{'cpu-1': 8.024, 'gpu-1': 1.549}",464.7,8.765,10.314,inf,13.339,13.339
6,TT1,BESTEFFORT,COMPLETED,cpu-1,8.466,"{'cpu-1': 1.251, 'gpu-1': 0.847}",150.11999999999998,9.914,11.165,inf,12.565999999999999,12.565999999999999
7,TT1,BESTEFFORT,COMPLETED,cpu-1,8.853,"{'cpu-1': 0.961, 'gpu-1': 1.555}",115.32,11.165,12.126,inf,12.953,12.953
8,TT2,BESTEFFORT,COMPLETED,gpu-1,9.18,"{'cpu-1': 2.587, 'gpu-1': 2.911}",873.3,10.314,13.225,inf,15.58,15.58
9,TT1,BESTEFFORT,MISSED,cpu-1,9.583,"{'cpu-1': 1.852, 'gpu-1': 0.971}",186.84000000000003,12.126,inf,13.683,13.683,13.683
10,TT1,BESTEFFORT,COMPLETED,gpu-1,10.898,"{'cpu-1': 2.144, 'gpu-1': 0.828}",248.39999999999998,13.225,14.052999999999999,inf,14.998,14.998
11,TT2,BESTEFFORT,MISSED,cpu-1,12.709,"{'cpu-1': 6.475, 'gpu-1': 0.607}",651.1200000000002,13.683,inf,19.109,19.109,19.109
12,TT1,BESTEFFORT,COMPLETED,gpu-1,14.016,"{'cpu-1': 1.983, 'gpu-1': 0.958}",287.4,14.052999999999999,15.011,inf,18.116,18.116
13,TT1,BESTEFFORT,COMPLETED,gpu-1,15.55,"{'cpu-1': 1.016, 'gpu-1': 1.119}",335.7,15.55,16.669,inf,19.65,19.65
14,TT1,BESTEFFORT,COMPLETED,gpu-1,15.807,"{'cpu-1': 0.956, 'gpu-1': 0.887}",266.1,16.669,17.556,inf,19.907,19.907
15,TT1,BESTEFFORT,COMPLETED,cpu-1,16.292,"{'cpu-1': 1.219, 'gpu-1': 1.246}",146.28,19.109,20.328000000000003,inf,20.392000000000003,20.392000000000003
16,TT1,BESTEFFORT,COMPLETED,gpu-1,16.646,"{'cpu-1': 1.203, 'gpu-1': 0.587}",176.1,17.556,18.143,inf,20.746000000000002,20.746000000000002
17,TT2,BESTEFFORT,COMPLETED,gpu-1,16.736,"{'cpu-1': 12.444, 'gpu-1': 1.658}",497.4,18.143,19.801000000000002,inf,23.136000000000003,23.136000000000003
18,TT2,BESTEFFORT,COMPLETED,cpu-1,18.404,"{'cpu-1': 4.111, 'gpu-1': 3.279}",493.32,20.328000000000003,24.439000000000004,inf,24.804000000000002,24.804000000000002
19,TT2,BESTEFFORT,COMPLETED,gpu-1,21.053,"{'cpu-1': 3.0, 'gpu-1': 1.211}",363.3,21.053,22.264,inf,27.453000000000003,27.453000000000003
20,TT2,BESTEFFORT,COMPLETED,gpu-1,21.228,"{'cpu-1': 10.397, 'gpu-1': 1.255}",376.49999999999994,22.264,23.519,inf,27.628,27.628
21,TT1,BESTEFFORT,COMPLETED,cpu-1,24.348,"{'cpu-1': 2.006, 'gpu-1': 0.782}",240.71999999999997,24.439000000000004,26.445000000000004,inf,28.448,28.448
22,TT1,BESTEFFORT,COMPLETED,gpu-1,24.728,"{'cpu-1': 1.737, 'gpu-1': 0.947}",284.09999999999997,24.728,25.675,inf,28.828000000000003,28.828000000000003
23,TT1,BESTEFFORT,COMPLETED,gpu-1,25.673,"{'cpu-1': 1.341, 'gpu-1': 0.883}",264.9,25.675,26.558,inf,29.772999999999996,29.772999999999996
24,TT2,BESTEFFORT,COMPLETED,gpu-1,25.826,"{'cpu-1': 4.115, 'gpu-1': 2.017}",605.1,26.558,28.575,inf,32.226,32.226
25,TT2,BESTEFFORT,COMPLETED,gpu-1,26.044,"{'cpu-1': 3.698, 'gpu-1': 0.657}",197.10000000000002,28.575,29.232,inf,32.444,32.444
26,TT1,BESTEFFORT,COMPLETED,cpu-1,28.927,"{'cpu-1': 1.048, 'gpu-1': 0.954}",125.76,28.927,29.975,inf,33.027,33.027
27,TT2,BESTEFFORT,COMPLETED,gpu-1,31.396,"{'cpu-1': 5.97, 'gpu-1': 1.188}",356.4,31.396,32.584,inf,37.796,37.796
28,TT1,BESTEFFORT,COMPLETED,cpu-1,31.751,"{'cpu-1': 2.372, 'gpu-1': 0.641}",284.64,31.751,34.123000000000005,inf,35.851,35.851
29,TT1,BESTEFFORT,MISSED,cpu-1,31.77,"{'cpu-1': 2.372, 'gpu-1': 1.436}",209.63999999999913,34.123000000000005,inf,35.87,35.87,35.87
30,TT1,BESTEFFORT,MISSED,cpu-1,32.522,"{'cpu-1': 1.219, 'gpu-1': 0.634}",90.2400000000003,35.87,inf,36.622,36.622,36.622
31,TT1,BESTEFFORT,COMPLETED,gpu-1,32.564,"{'cpu-1': 1.959, 'gpu-1': 1.119}",335.7,32.584,33.703,inf,36.664,36.664
32,TT2,BESTEFFORT,COMPLETED,gpu-1,32.936,"{'cpu-1': 5.47, 'gpu-1': 0.853}",255.9,33.703,34.556000000000004,inf,39.336,39.336
33,TT1,BESTEFFORT,COMPLETED,gpu-1,33.779,"{'cpu-1': 2.015, 'gpu-1': 0.999}",299.7,34.556000000000004,35.55500000000001,inf,37.879000000000005,37.879000000000005
34,TT2,BESTEFFORT,COMPLETED,gpu-1,34.301,"{'cpu-1': 10.999, 'gpu-1': 2.899}",869.7,35.55500000000001,38.45400000000001,inf,40.701,40.701
35,TT1,BESTEFFORT,MISSED,gpu-1,34.577,"{'cpu-1': 1.292, 'gpu-1': 0.812}",66.89999999999756,38.45400000000001,inf,38.677,38.677,38.677
36,TT1,BESTEFFORT,COMPLETED,gpu-1,36.209,"{'cpu-1': 1.541, 'gpu-1': 1.261}",378.29999999999995,38.677,39.938,inf,40.309000000000005,40.309000000000005
37,TT1,BESTEFFORT,COMPLETED,gpu-1,37.316,"{'cpu-1': 1.291, 'gpu-1': 0.834}",250.2,39.938,40.772000000000006,inf,41.416000000000004,41.416000000000004
38,TT1,BESTEFFORT,COMPLETED,cpu-1,38.89,"{'cpu-1': 2.108, 'gpu-1': 0.954}",252.96,38.89,40.998,inf,42.99,42.99
39,TT2,BESTEFFORT,COMPLETED,gpu-1,39.66,"{'cpu-1': 5.206, 'gpu-1': 1.429}",428.7,40.772000000000006,42.20100000000001,inf,46.059999999999995,46.059999999999995
40,TT1,BESTEFFORT,COMPLETED,cpu-1,41.06,"{'cpu-1': 1.341, 'gpu-1': 0.63}",160.92,41.06,42.401,inf,45.160000000000004,45.160000000000004
41,TT2,BESTEFFORT,COMPLETED,gpu-1,41.163,"{'cpu-1': 6.228, 'gpu-1': 1.484}",445.2,42.20100000000001,43.68500000000001,inf,47.562999999999995,47.562999999999995
42,TT1,BESTEFFORT,COMPLETED,cpu-1,41.593,"{'cpu-1': 1.295, 'gpu-1': 0.875}",155.39999999999998,42.401,43.696000000000005,inf,45.693000000000005,45.693000000000005
43,TT2,BESTEFFORT,COMPLETED,gpu-1,41.916,"{'cpu-1': 6.134, 'gpu-1': 0.775}",232.5,43.68500000000001,44.46000000000001,inf,48.315999999999995,48.315999999999995
44,TT2,BESTEFFORT,COMPLETED,gpu-1,44.397,"{'cpu-1': 6.635, 'gpu-1': 1.915}",574.5,44.46000000000001,46.37500000000001,inf,50.797,50.797
45,TT1,BESTEFFORT,COMPLETED,cpu-1,44.527,"{'cpu-1': 1.794, 'gpu-1': 0.884}",215.28,44.527,46.321,inf,48.627,48.627
46,TT2,BESTEFFORT,COMPLETED,gpu-1,44.593,"{'cpu-1': 5.715, 'gpu-1': 0.715}",214.5,46.37500000000001,47.09000000000001,inf,50.993,50.993
47,TT1,BESTEFFORT,COMPLETED,cpu-1,45.318,"{'cpu-1': 2.042, 'gpu-1': 0.875}",245.03999999999996,46.321,48.363,inf,49.418,49.418
48,TT2,BESTEFFORT,COMPLETED,gpu-1,45.526,"{'cpu-1': 12.508, 'gpu-1': 1.793}",537.9,47.09000000000001,48.88300000000001,inf,51.926,51.926
49,TT1,BESTEFFORT,COMPLETED,cpu-1,46.884,"{'cpu-1': 2.204, 'gpu-1': 0.756}",264.48,48.363,50.567,inf,50.984,50.984
50,TT2,BESTEFFORT,COMPLETED,gpu-1,49.407,"{'cpu-1': 8.437, 'gpu-1': 1.667}",500.1,49.407,51.074,inf,55.806999999999995,55.806999999999995
51,TT1,BESTEFFORT,COMPLETED,cpu-1,51.153,"{'cpu-1': 0.973, 'gpu-1': 1.22}",116.75999999999999,51.153,52.126,inf,55.253,55.253
52,TT2,BESTEFFORT,COMPLETED,gpu-1,51.23,"{'cpu-1': 5.736, 'gpu-1': 2.822}",846.6,51.23,54.052,inf,57.629999999999995,57.629999999999995
53,TT2,BESTEFFORT,COMPLETED,gpu-1,51.286,"{'cpu-1': 4.598, 'gpu-1': 1.556}",466.8,54.052,55.608,inf,57.686,57.686
54,TT1,BESTEFFORT,COMPLETED,cpu-1,51.465,"{'cpu-1': 1.414, 'gpu-1': 1.209}",169.67999999999998,52.126,53.54,inf,55.565000000000005,55.565000000000005
55,TT1,BESTEFFORT,COMPLETED,cpu-1,51.856,"{'cpu-1': 1.86, 'gpu-1': 0.734}",223.20000000000002,53.54,55.4,inf,55.956,55.956
56,TT1,BESTEFFORT,MISSED,gpu-1,51.888,"{'cpu-1': 1.926, 'gpu-1': 0.674}",114.00000000000077,55.608,inf,55.988,55.988,55.988
57,TT1,BESTEFFORT,MISSED,cpu-1,52.672,"{'cpu-1': 1.407, 'gpu-1': 0.865}",164.64,55.4,inf,56.772,56.772,56.772
58,TT2,BESTEFFORT,COMPLETED,gpu-1,53.688,"{'cpu-1': 4.12, 'gpu-1': 1.159}",347.7,55.988,57.147,inf,60.088,60.088
59,TT1,BESTEFFORT,COMPLETED,cpu-1,55.45,"{'cpu-1': 1.25, 'gpu-1': 0.95}",150.0,56.772,58.022,inf,59.550000000000004,59.550000000000004
60,TT2,BESTEFFORT,COMPLETED,gpu-1,57.558,"{'cpu-1': 1.848, 'gpu-1': 1.085}",325.5,57.558,58.643,inf,63.958,63.958
61,TT1,BESTEFFORT,COMPLETED,cpu-1,58.028,"{'cpu-1': 1.272, 'gpu-1': 0.942}",152.64000000000001,58.028,59.3,inf,62.128,62.128
62,TT1,BESTEFFORT,COMPLETED,gpu-1,58.777,"{'cpu-1': 1.258, 'gpu-1': 0.872}",261.6,58.777,59.649,inf,62.877,62.877
63,TT2,BESTEFFORT,COMPLETED,gpu-1,62.249,"{'cpu-1': 1.484, 'gpu-1': 1.471}",441.3,62.249,63.72,inf,68.649,68.649
64,TT2,BESTEFFORT,COMPLETED,cpu-1,64.391,"{'cpu-1': 1.955, 'gpu-1': 1.76}",234.60000000000002,64.391,66.346,inf,70.79100000000001,70.79100000000001
65,TT2,BESTEFFORT,COMPLETED,gpu-1,64.479,"{'cpu-1': 7.156, 'gpu-1': 2.929}",878.6999999999999,64.479,67.408,inf,70.879,70.879
66,TT2,BESTEFFORT,COMPLETED,gpu-1,66.947,"{'cpu-1': 4.684, 'gpu-1': 0.855}",256.5,67.408,68.263,inf,73.34700000000001,73.34700000000001
67,TT2,BESTEFFORT,COMPLETED,gpu-1,67.989,"{'cpu-1': 8.946, 'gpu-1': 1.415}",424.5,68.263,69.67800000000001,inf,74.38900000000001,74.38900000000001
68,TT1,BESTEFFORT,COMPLETED,gpu-1,69.399,"{'cpu-1': 1.231, 'gpu-1': 0.613}",183.9,69.67800000000001,70.29100000000001,inf,73.499,73.499
69,TT1,BESTEFFORT,COMPLETED,cpu-1,69.526,"{'cpu-1': 1.104, 'gpu-1': 0.884}",132.48000000000002,69.526,70.63,inf,73.62599999999999,73.62599999999999
70,TT2,BESTEFFORT,COMPLETED,gpu-1,70.844,"{'cpu-1': 3.279, 'gpu-1': 1.776}",532.8,70.844,72.61999999999999,inf,77.244,77.244
71,TT2,BESTEFFORT,COMPLETED,gpu-1,71.143,"{'cpu-1': 2.977, 'gpu-1': 1.934}",580.1999999999999,72.61999999999999,74.55399999999999,inf,77.543,77.543
72,TT2,BESTEFFORT,COMPLETED,gpu-1,72.414,"{'cpu-1': 2.313, 'gpu-1': 0.878}",263.4,74.55399999999999,75.43199999999999,inf,78.81400000000001,78.81400000000001
73,TT1,BESTEFFORT,COMPLETED,cpu-1,73.36,"{'cpu-1': 1.512, 'gpu-1': 1.157}",181.44,73.36,74.872,inf,77.46,77.46
74,TT1,BESTEFFORT,COMPLETED,gpu-1,74.352,"{'cpu-1': 1.281, 'gpu-1': 0.824}",247.2,75.43199999999999,76.25599999999999,inf,78.452,78.452
75,TT1,BESTEFFORT,COMPLETED,gpu-1,76.645,"{'cpu-1': 1.299, 'gpu-1': 0.674}",202.20000000000002,76.645,77.319,inf,80.74499999999999,80.74499999999999
76,TT1,BESTEFFORT,COMPLETED,cpu-1,76.664,"{'cpu-1': 1.181, 'gpu-1': 0.619}",141.72,76.664,77.845,inf,80.764,80.764
77,TT1,BESTEFFORT,COMPLETED,gpu-1,77.137,"{'cpu-1': 2.04, 'gpu-1': 1.154}",346.2,77.319,78.473,inf,81.237,81.237
78,TT1,BESTEFFORT,COMPLETED,gpu-1,77.99,"{'cpu-1': 1.22, 'gpu-1': 0.935}",280.5,78.473,79.408,inf,82.08999999999999,82.08999999999999
79,TT2,BESTEFFORT,COMPLETED,gpu-1,79.095,"{'cpu-1': 11.62, 'gpu-1': 3.165}",949.5,79.408,82.57300000000001,inf,85.495,85.495
80,TT1,BESTEFFORT,COMPLETED,cpu-1,79.291,"{'cpu-1': 1.514, 'gpu-1': 0.869}",181.68,79.291,80.80499999999999,inf,83.39099999999999,83.39099999999999
81,TT2,BESTEFFORT,COMPLETED,gpu-1,80.234,"{'cpu-1': 3.658, 'gpu-1': 2.972}",891.6,82.57300000000001,85.545,inf,86.634,86.634
82,TT1,BESTEFFORT,COMPLETED,cpu-1,81.035,"{'cpu-1': 1.038, 'gpu-1': 0.63}",124.56,81.035,82.073,inf,85.13499999999999,85.13499999999999
83,TT1,BESTEFFORT,MISSED,gpu-1,81.492,"{'cpu-1': 1.21, 'gpu-1': 1.151}",14.099999999999113,85.545,inf,85.592,85.592,85.592
84,TT1,BESTEFFORT,COMPLETED,cpu-1,81.809,"{'cpu-1': 2.145, 'gpu-1': 0.89}",257.4,82.073,84.21799999999999,inf,85.90899999999999,85.90899999999999
85,TT2,BESTEFFORT,COMPLETED,gpu-1,82.12,"{'cpu-1': 7.833, 'gpu-1': 0.905}",271.5,85.592,86.497,inf,88.52000000000001,88.52000000000001
86,TT2,BESTEFFORT,COMPLETED,gpu-1,84.38,"{'cpu-1': 4.289, 'gpu-1': 1.043}",312.9,86.497,87.54,inf,90.78,90.78
87,TT2,BESTEFFORT,COMPLETED,gpu-1,88.683,"{'cpu-1': 7.156, 'gpu-1': 1.991}",597.3000000000001,88.683,90.674,inf,95.08300000000001,95.08300000000001
88,TT1,BESTEFFORT,COMPLETED,gpu-1,89.957,"{'cpu-1': 1.28, 'gpu-1': 1.184}",355.2,90.674,91.858,inf,94.05699999999999,94.05699999999999
89,TT2,BESTEFFORT,COMPLETED,gpu-1,90.03,"{'cpu-1': 6.979, 'gpu-1': 0.809}",242.70000000000002,91.858,92.667,inf,96.43,96.43
90,TT1,BESTEFFORT,COMPLETED,cpu-1,90.058,"{'cpu-1': 1.106, 'gpu-1': 1.117}",132.72,90.058,91.164,inf,94.158,94.158
91,TT1,BESTEFFORT,COMPLETED,cpu-1,91.516,"{'cpu-1': 1.25, 'gpu-1': 0.855}",150.0,91.516,92.766,inf,95.616,95.616
92,TT1,BESTEFFORT,COMPLETED,gpu-1,94.218,"{'cpu-1': 1.758, 'gpu-1': 0.972}",291.59999999999997,94.218,95.19,inf,98.318,98.318
93,TT1,BESTEFFORT,COMPLETED,gpu-1,94.884,"{'cpu-1': 0.993, 'gpu-1': 0.95}",285.0,95.19,96.14,inf,98.984,98.984
94,TT2,BESTEFFORT,COMPLETED,gpu-1,95.406,"{'cpu-1': 3.626, 'gpu-1': 0.873}",261.9,96.14,97.013,inf,101.80600000000001,101.80600000000001
95,TT2,BESTEFFORT,COMPLETED,gpu-1,98.044,"{'cpu-1': 5.97, 'gpu-1': 0.865}",259.5,98.044,98.90899999999999,inf,104.444,104.444
96,TT1,BESTEFFORT,COMPLETED,gpu-1,98.963,"{'cpu-1': 0.994, 'gpu-1': 1.115}",334.5,98.963,100.07799999999999,inf,103.06299999999999,103.06299999999999
97,TT1,BESTEFFORT,COMPLETED,gpu-1,99.514,"{'cpu-1': 1.467, 'gpu-1': 0.613}",183.9,100.07799999999999,100.69099999999999,inf,103.61399999999999,103.61399999999999
98,TT2,BESTEFFORT,COMPLETED,gpu-1,100.378,"{'cpu-1': 12.508, 'gpu-1': 1.043}",312.9,100.69099999999999,101.734,inf,106.778,106.778
99,TT1,BESTEFFORT,COMPLETED,gpu-1,105.059,"{'cpu-1': 1.181, 'gpu-1': 0.62}",186.0,105.059,105.679,inf,109.15899999999999,109.15899999999999
100,TT1,BESTEFFORT,COMPLETED,gpu-1,106.925,"{'cpu-1': 1.046, 'gpu-1': 0.619}",185.7,106.925,107.544,inf,111.02499999999999,111.02499999999999
101,TT1,BESTEFFORT,COMPLETED,cpu-1,107.106,"{'cpu-1': 1.029, 'gpu-1': 0.641}",123.47999999999999,107.106,108.13499999999999,inf,111.20599999999999,111.20599999999999
102,TT2,BESTEFFORT,COMPLETED,gpu-1,107.494,"{'cpu-1': 3.888, 'gpu-1': 3.415}",1024.5,107.544,110.959,inf,113.894,113.894
103,TT2,BESTEFFORT,COMPLETED,gpu-1,108.069,"{'cpu-1': 1.495, 'gpu-1': 1.826}",547.8000000000001,110.959,112.785,inf,114.46900000000001,114.46900000000001
104,TT1,BESTEFFORT,COMPLETED,cpu-1,108.41,"{'cpu-1': 2.228, 'gpu-1': 0.884}",267.36,108.41,110.63799999999999,inf,112.50999999999999,112.50999999999999
105,TT2,BESTEFFORT,MISSED,gpu-1,109.008,"{'cpu-1': 5.89, 'gpu-1': 3.25}",786.9000000000015,112.785,inf,115.408,115.408,115.408
106,TT2,BESTEFFORT,COMPLETED,cpu-1,109.665,"{'cpu-1': 4.554, 'gpu-1': 1.072}",546.48,110.63799999999999,115.192,inf,116.06500000000001,116.06500000000001
107,TT1,BESTEFFORT,MISSED,gpu-1,109.673,"{'cpu-1': 1.326, 'gpu-1': 1.234}",0.0,115.408,inf,115.408,113.773,113.773
108,TT2,BESTEFFORT,MISSED,cpu-1,110.259,"{'cpu-1': 2.43, 'gpu-1': 1.158}",176.04000000000156,115.192,inf,116.659,116.659,116.659
109,TT2,BESTEFFORT,COMPLETED,gpu-1,111.925,"{'cpu-1': 3.645, 'gpu-1': 0.971}",291.3,115.408,116.379,inf,118.325,118.325
110,TT1,BESTEFFORT,MISSED,cpu-1,112.562,"{'cpu-1': 2.103, 'gpu-1': 0.923}",0.35999999999830834,116.659,inf,116.66199999999999,116.66199999999999,116.66199999999999
111,TT2,BESTEFFORT,COMPLETED,gpu-1,112.922,"{'cpu-1': 8.515, 'gpu-1': 1.043}",312.9,116.379,117.42200000000001,inf,119.322,119.322
112,TT2,BESTEFFORT,MISSED,cpu-1,114.903,"{'cpu-1': 7.706, 'gpu-1': 1.309}",556.9200000000023,116.66199999999999,inf,121.30300000000001,121.30300000000001,121.30300000000001
113,TT1,BESTEFFORT,COMPLETED,gpu-1,116.133,"{'cpu-1': 1.271, 'gpu-1': 0.902}",270.6,117.42200000000001,118.32400000000001,inf,120.23299999999999,120.23299999999999
114,TT1,BESTEFFORT,COMPLETED,gpu-1,117.941,"{'cpu-1': 2.05, 'gpu-1': 1.335}",400.5,118.32400000000001,119.659,inf,122.041,122.041
115,TT1,BESTEFFORT,COMPLETED,gpu-1,125.314,"{'cpu-1': 1.757, 'gpu-1': 0.643}",192.9,125.314,125.957,inf,129.414,129.414
116,TT1,BESTEFFORT,COMPLETED,gpu-1,125.749,"{'cpu-1': 1.448, 'gpu-1': 1.08}",324.0,125.957,127.03699999999999,inf,129.849,129.849
117,TT1,BESTEFFORT,COMPLETED,gpu-1,127.003,"{'cpu-1': 1.802, 'gpu-1': 0.956}",286.8,127.03699999999999,127.993,inf,131.103,131.103
118,TT2,BESTEFFORT,COMPLETED,gpu-1,127.201,"{'cpu-1': 5.059, 'gpu-1': 1.206}",361.8,127.993,129.19899999999998,inf,133.601,133.601
119,TT2,BESTEFFORT,COMPLETED,gpu-1,128.287,"{'cpu-1': 4.935, 'gpu-1': 1.301}",390.29999999999995,129.19899999999998,130.49999999999997,inf,134.687,134.687
120,TT1,BESTEFFORT,COMPLETED,cpu-1,128.759,"{'cpu-1': 1.005, 'gpu-1': 1.093}",120.6,128.759,129.76399999999998,inf,132.85899999999998,132.85899999999998
121,TT1,BESTEFFORT,COMPLETED,gpu-1,129.393,"{'cpu-1': 2.261, 'gpu-1': 0.643}",192.9,130.49999999999997,131.14299999999997,inf,133.493,133.493
122,TT1,BESTEFFORT,COMPLETED,cpu-1,129.962,"{'cpu-1': 1.318, 'gpu-1': 1.231}",158.16,129.962,131.28,inf,134.06199999999998,134.06199999999998
123,TT2,BESTEFFORT,COMPLETED,gpu-1,130.834,"{'cpu-1': 8.652, 'gpu-1': 0.805}",241.50000000000003,131.14299999999997,131.94799999999998,inf,137.234,137.234
124,TT2,BESTEFFORT,COMPLETED,gpu-1,131.958,"{'cpu-1': 12.818, 'gpu-1': 1.826}",547.8000000000001,131.958,133.784,inf,138.358,138.358
125,TT2,BESTEFFORT,COMPLETED,gpu-1,132.14,"{'cpu-1': 3.337, 'gpu-1': 3.138}",941.4,133.784,136.922,inf,138.54,138.54
126,TT2,BESTEFFORT,MISSED,gpu-1,132.68,"{'cpu-1': 4.195, 'gpu-1': 2.992}",647.4000000000046,136.922,inf,139.08,139.08,139.08
127,TT1,BESTEFFORT,COMPLETED,cpu-1,132.856,"{'cpu-1': 1.032, 'gpu-1': 1.09}",123.84,132.856,133.888,inf,136.956,136.956
128,TT1,BESTEFFORT,MISSED,gpu-1,133.006,"{'cpu-1': 1.944, 'gpu-1': 0.997}",0.0,139.08,inf,139.08,137.106,137.106
129,TT2,BESTEFFORT,COMPLETED,cpu-1,133.325,"{'cpu-1': 2.395, 'gpu-1': 1.639}",287.4,133.888,136.28300000000002,inf,139.725,139.725
130,TT1,BESTEFFORT,MISSED,cpu-1,133.331,"{'cpu-1': 1.817, 'gpu-1': 0.922}",137.75999999999613,136.28300000000002,inf,137.43099999999998,137.43099999999998,137.43099999999998
131,TT2,BESTEFFORT,MISSED,gpu-1,134.354,"{'cpu-1': 4.033, 'gpu-1': 1.709}",502.200000000002,139.08,inf,140.75400000000002,140.75400000000002,140.75400000000002
132,TT2,BESTEFFORT,COMPLETED,cpu-1,136.141,"{'cpu-1': 3.485, 'gpu-1': 1.015}",418.2,137.43099999999998,140.916,inf,142.541,142.541
133,TT1,BESTEFFORT,MISSED,cpu-1,136.68,"{'cpu-1': 1.213, 'gpu-1': 0.869}",0.0,140.916,inf,140.916,140.78,140.78
134,TT1,BESTEFFORT,MISSED,cpu-1,136.862,"{'cpu-1': 1.984, 'gpu-1': 0.692}",5.519999999999072,140.916,inf,140.962,140.962,140.962
135,TT2,BESTEFFORT,COMPLETED,gpu-1,138.49,"{'cpu-1': 2.571, 'gpu-1': 3.415}",1024.5,140.75400000000002,144.169,inf,144.89000000000001,144.89000000000001
136,TT2,BESTEFFORT,COMPLETED,cpu-1,138.609,"{'cpu-1': 3.755, 'gpu-1': 2.774}",450.59999999999997,140.962,144.71699999999998,inf,145.00900000000001,145.00900000000001
137,TT2,BESTEFFORT,MISSED,gpu-1,138.814,"{'cpu-1': 3.036, 'gpu-1': 2.911}",313.49999999999625,144.169,inf,145.214,145.214,145.214
138,TT2,BESTEFFORT,MISSED,gpu-1,139.06,"{'cpu-1': 4.612, 'gpu-1': 2.71}",73.8000000000028,145.214,inf,145.46,145.46,145.46
139,TT2,BESTEFFORT,MISSED,cpu-1,139.171,"{'cpu-1': 6.979, 'gpu-1': 1.943}",0.0,145.96800000000002,inf,145.96800000000002,145.571,145.571
140,TT2,BESTEFFORT,MISSED,cpu-1,139.568,"{'cpu-1': 2.253, 'gpu-1': 0.796}",150.12000000000398,144.71699999999998,inf,145.96800000000002,145.96800000000002,145.96800000000002
141,TT1,BESTEFFORT,MISSED,gpu-1,140.087,"{'cpu-1': 1.001, 'gpu-1': 1.005}",0.0,145.46,inf,145.46,144.18699999999998,144.18699999999998
142,TT1,BESTEFFORT,MISSED,cpu-1,140.53,"{'cpu-1': 1.308, 'gpu-1': 1.377}",0.0,144.71699999999998,inf,144.71699999999998,144.63,144.63
143,TT1,BESTEFFORT,COMPLETED,gpu-1,143.79,"{'cpu-1': 1.115, 'gpu-1': 0.908}",272.40000000000003,145.46,146.368,inf,147.89,147.89
144,TT1,BESTEFFORT,COMPLETED,gpu-1,147.796,"{'cpu-1': 2.025, 'gpu-1': 1.134}",340.2,147.796,148.92999999999998,inf,151.896,151.896
145,TT2,BESTEFFORT,MISSED,cpu-1,148.008,"{'cpu-1': 7.286, 'gpu-1': 0.747}",768.0000000000007,148.008,inf,154.40800000000002,154.40800000000002,154.40800000000002
146,TT2,BESTEFFORT,COMPLETED,gpu-1,148.425,"{'cpu-1': 5.165, 'gpu-1': 1.107}",332.1,148.92999999999998,150.03699999999998,inf,154.82500000000002,154.82500000000002
147,TT2,BESTEFFORT,COMPLETED,gpu-1,148.615,"{'cpu-1': 2.567, 'gpu-1': 1.32}",396.0,150.03699999999998,151.35699999999997,inf,155.01500000000001,155.01500000000001
148,TT2,BESTEFFORT,MISSED,cpu-1,150.154,"{'cpu-1': 6.348, 'gpu-1': 0.856}",257.5199999999984,154.40800000000002,inf,156.554,156.554,156.554
149,TT2,BESTEFFORT,COMPLETED,gpu-1,151.589,"{'cpu-1': 4.684, 'gpu-1': 0.807}",242.10000000000002,151.589,152.396,inf,157.989,157.989
150,TT2,BESTEFFORT,COMPLETED,gpu-1,152.128,"{'cpu-1': 4.735, 'gpu-1': 0.591}",177.29999999999998,152.396,152.987,inf,158.528,158.528
151,TT2,BESTEFFORT,COMPLETED,gpu-1,153.173,"{'cpu-1': 1.495, 'gpu-1': 0.853}",255.9,153.173,154.026,inf,159.573,159.573
152,TT1,BESTEFFORT,COMPLETED,cpu-1,153.742,"{'cpu-1': 1.065, 'gpu-1': 1.144}",127.8,156.554,157.619,inf,157.84199999999998,157.84199999999998
153,TT1,BESTEFFORT,MISSED,cpu-1,153.874,"{'cpu-1': 1.82, 'gpu-1': 1.123}",42.59999999999877,157.619,inf,157.974,157.974,157.974
154,TT2,BESTEFFORT,COMPLETED,gpu-1,155.523,"{'cpu-1': 3.297, 'gpu-1': 1.301}",390.29999999999995,155.523,156.82399999999998,inf,161.923,161.923
155,TT2,BESTEFFORT,COMPLETED,gpu-1,156.781,"{'cpu-1': 12.341, 'gpu-1': 0.809}",242.70000000000002,156.82399999999998,157.63299999999998,inf,163.181,163.181
156,TT2,BESTEFFORT,COMPLETED,gpu-1,158.598,"{'cpu-1': 1.532, 'gpu-1': 0.905}",271.5,158.598,159.50300000000001,inf,164.99800000000002,164.99800000000002
157,TT1,BESTEFFORT,COMPLETED,cpu-1,158.74,"{'cpu-1': 1.299, 'gpu-1': 0.901}",155.88,158.74,160.03900000000002,inf,162.84,162.84
158,TT1,BESTEFFORT,COMPLETED,gpu-1,158.899,"{'cpu-1': 1.217, 'gpu-1': 0.964}",289.2,159.50300000000001,160.467,inf,162.999,162.999
159,TT1,BESTEFFORT,COMPLETED,cpu-1,159.148,"{'cpu-1': 2.006, 'gpu-1': 1.228}",240.71999999999997,160.03900000000002,162.04500000000002,inf,163.248,163.248
160,TT2,BESTEFFORT,COMPLETED,gpu-1,160.051,"{'cpu-1': 7.605, 'gpu-1': 2.165}",649.5,160.467,162.632,inf,166.451,166.451
161,TT1,BESTEFFORT,COMPLETED,cpu-1,160.503,"{'cpu-1': 2.103, 'gpu-1': 1.245}",252.36,162.04500000000002,164.14800000000002,inf,164.60299999999998,164.60299999999998
162,TT2,BESTEFFORT,COMPLETED,gpu-1,161.107,"{'cpu-1': 3.161, 'gpu-1': 0.737}",221.1,162.632,163.369,inf,167.507,167.507
163,TT1,BESTEFFORT,COMPLETED,gpu-1,162.599,"{'cpu-1': 1.006, 'gpu-1': 1.337}",401.09999999999997,163.369,164.706,inf,166.69899999999998,166.69899999999998
164,TT2,BESTEFFORT,COMPLETED,gpu-1,165.689,"{'cpu-1': 11.458, 'gpu-1': 2.603}",780.9000000000001,165.689,168.292,inf,172.089,172.089
165,TT1,BESTEFFORT,COMPLETED,cpu-1,166.693,"{'cpu-1': 2.087, 'gpu-1': 0.727}",250.44000000000003,166.693,168.78,inf,170.793,170.793
166,TT2,BESTEFFORT,COMPLETED,gpu-1,167.036,"{'cpu-1': 12.818, 'gpu-1': 2.972}",891.6,168.292,171.264,inf,173.436,173.436
167,TT1,BESTEFFORT,COMPLETED,cpu-1,168.016,"{'cpu-1': 2.126, 'gpu-1': 1.1}",255.11999999999998,168.78,170.906,inf,172.11599999999999,172.11599999999999
168,TT2,BESTEFFORT,COMPLETED,gpu-1,168.308,"{'cpu-1': 1.799, 'gpu-1': 1.391}",417.3,171.264,172.655,inf,174.708,174.708
169,TT2,BESTEFFORT,COMPLETED,gpu-1,168.916,"{'cpu-1': 5.184, 'gpu-1': 1.19}",357.0,172.655,173.845,inf,175.316,175.316
170,TT1,BESTEFFORT,COMPLETED,cpu-1,169.362,"{'cpu-1': 1.013, 'gpu-1': 1.181}",121.55999999999999,170.906,171.919,inf,173.462,173.462
171,TT2,BESTEFFORT,COMPLETED,cpu-1,170.704,"{'cpu-1': 3.169, 'gpu-1': 1.428}",380.28000000000003,171.919,175.08800000000002,inf,177.104,177.104
172,TT2,BESTEFFORT,COMPLETED,gpu-1,171.789,"{'cpu-1': 4.99, 'gpu-1': 1.76}",528.0,173.845,175.605,inf,178.189,178.189
173,TT1,BESTEFFORT,COMPLETED,gpu-1,172.656,"{'cpu-1': 1.403, 'gpu-1': 0.612}",183.6,175.605,176.21699999999998,inf,176.756,176.756
174,TT1,BESTEFFORT,COMPLETED,cpu-1,172.669,"{'cpu-1': 0.981, 'gpu-1': 0.91}",117.72,175.08800000000002,176.06900000000002,inf,176.769,176.769
175,TT1,BESTEFFORT,MISSED,gpu-1,173.025,"{'cpu-1': 1.941, 'gpu-1': 0.919}",272.40000000000464,176.21699999999998,inf,177.125,177.125,177.125
176,TT1,BESTEFFORT,COMPLETED,cpu-1,173.718,"{'cpu-1': 1.41, 'gpu-1': 0.828}",169.2,176.06900000000002,177.479,inf,177.81799999999998,177.81799999999998
177,TT2,BESTEFFORT,COMPLETED,gpu-1,174.649,"{'cpu-1': 5.388, 'gpu-1': 0.836}",250.79999999999998,177.125,177.961,inf,181.049,181.049
178,TT2,BESTEFFORT,COMPLETED,cpu-1,175.158,"{'cpu-1': 1.183, 'gpu-1': 2.911}",141.96,177.479,178.662,inf,181.558,181.558
179,TT2,BESTEFFORT,COMPLETED,gpu-1,176.706,"{'cpu-1': 10.237, 'gpu-1': 0.827}",248.1,177.961,178.788,inf,183.106,183.106
180,TT1,BESTEFFORT,COMPLETED,gpu-1,177.846,"{'cpu-1': 1.267, 'gpu-1': 0.856}",256.8,178.788,179.644,inf,181.946,181.946
181,TT2,BESTEFFORT,COMPLETED,gpu-1,177.858,"{'cpu-1': 3.188, 'gpu-1': 1.335}",400.5,179.644,180.979,inf,184.258,184.258
182,TT2,BESTEFFORT,COMPLETED,gpu-1,178.458,"{'cpu-1': 2.804, 'gpu-1': 0.825}",247.5,180.979,181.804,inf,184.858,184.858
183,TT1,BESTEFFORT,COMPLETED,cpu-1,178.717,"{'cpu-1': 2.134, 'gpu-1': 0.895}",256.08,178.717,180.851,inf,182.817,182.817
184,TT1,BESTEFFORT,COMPLETED,cpu-1,180.005,"{'cpu-1': 1.219, 'gpu-1': 0.977}",146.28,180.851,182.07,inf,184.105,184.105
185,TT2,BESTEFFORT,COMPLETED,gpu-1,181.891,"{'cpu-1': 5.572, 'gpu-1': 1.5}",450.0,181.891,183.391,inf,188.291,188.291
186,TT2,BESTEFFORT,COMPLETED,gpu-1,182.524,"{'cpu-1': 7.019, 'gpu-1': 2.249}",674.7,183.391,185.64,inf,188.924,188.924
187,TT1,BESTEFFORT,COMPLETED,cpu-1,182.693,"{'cpu-1': 1.267, 'gpu-1': 0.915}",152.04,182.693,183.96,inf,186.793,186.793
188,TT1,BESTEFFORT,COMPLETED,gpu-1,182.771,"{'cpu-1': 1.216, 'gpu-1': 1.143}",342.9,185.64,186.783,inf,186.87099999999998,186.87099999999998
189,TT1,BESTEFFORT,COMPLETED,cpu-1,184.538,"{'cpu-1': 1.235, 'gpu-1': 0.88}",148.20000000000002,184.538,185.77300000000002,inf,188.638,188.638
190,TT2,BESTEFFORT,COMPLETED,gpu-1,184.79,"{'cpu-1': 4.781, 'gpu-1': 1.057}",317.09999999999997,186.783,187.83999999999997,inf,191.19,191.19
191,TT1,BESTEFFORT,COMPLETED,cpu-1,184.939,"{'cpu-1': 2.372, 'gpu-1': 0.933}",284.64,185.77300000000002,188.14500000000004,inf,189.039,189.039
192,TT1,BESTEFFORT,COMPLETED,gpu-1,185.304,"{'cpu-1': 1.222, 'gpu-1': 0.879}",263.7,187.83999999999997,188.71899999999997,inf,189.404,189.404
193,TT2,BESTEFFORT,COMPLETED,gpu-1,188.867,"{'cpu-1': 9.855, 'gpu-1': 0.622}",186.6,188.867,189.489,inf,195.267,195.267
194,TT1,BESTEFFORT,COMPLETED,gpu-1,191.192,"{'cpu-1': 1.255, 'gpu-1': 0.619}",185.7,191.192,191.811,inf,195.292,195.292
195,TT2,BESTEFFORT,COMPLETED,gpu-1,191.503,"{'cpu-1': 2.687, 'gpu-1': 1.131}",339.3,191.811,192.942,inf,197.903,197.903
196,TT2,BESTEFFORT,COMPLETED,gpu-1,192.049,"{'cpu-1': 7.833, 'gpu-1': 1.319}",395.7,192.942,194.261,inf,198.449,198.449
197,TT2,BESTEFFORT,MISSED,cpu-1,192.976,"{'cpu-1': 7.987, 'gpu-1': 0.752}",768.0000000000007,192.976,inf,199.376,199.376,199.376
198,TT1,BESTEFFORT,COMPLETED,gpu-1,193.086,"{'cpu-1': 1.236, 'gpu-1': 1.057}",317.09999999999997,194.261,195.31799999999998,inf,197.186,197.186
199,TT1,BESTEFFORT,MISSED,cpu-1,194.964,"{'cpu-1': 0.976, 'gpu-1': 1.085}",0.0,199.376,inf,199.376,199.064,199.064
200,TT2,BESTEFFORT,COMPLETED,gpu-1,196.006,"{'cpu-1': 3.902, 'gpu-1': 2.992}",897.6,196.006,198.998,inf,202.406,202.406
201,TT2,BESTEFFORT,COMPLETED,gpu-1,198.309,"{'cpu-1': 2.584, 'gpu-1': 0.965}",289.5,198.998,199.963,inf,204.709,204.709
202,TT2,BESTEFFORT,COMPLETED,gpu-1,198.337,"{'cpu-1': 9.321, 'gpu-1': 2.379}",713.7,199.963,202.34199999999998,inf,204.737,204.737
203,TT2,BESTEFFORT,COMPLETED,gpu-1,199.35,"{'cpu-1': 3.821, 'gpu-1': 1.11}",333.00000000000006,202.34199999999998,203.452,inf,205.75,205.75
204,TT1,BESTEFFORT,COMPLETED,cpu-1,203.725,"{'cpu-1': 1.196, 'gpu-1': 0.951}",143.51999999999998,203.725,204.921,inf,207.825,207.825
205,TT1,BESTEFFORT,COMPLETED,gpu-1,204.664,"{'cpu-1': 1.826, 'gpu-1': 0.899}",269.7,204.664,205.563,inf,208.76399999999998,208.76399999999998
206,TT2,BESTEFFORT,COMPLETED,gpu-1,207.942,"{'cpu-1': 3.929, 'gpu-1': 1.744}",523.2,207.942,209.686,inf,214.342,214.342
207,TT2,BESTEFFORT,COMPLETED,gpu-1,207.983,"{'cpu-1': 2.097, 'gpu-1': 0.799}",239.70000000000002,209.686,210.485,inf,214.383,214.383
208,TT1,BESTEFFORT,COMPLETED,cpu-1,208.014,"{'cpu-1': 1.001, 'gpu-1': 1.231}",120.11999999999999,208.014,209.01500000000001,inf,212.114,212.114
209,TT2,BESTEFFORT,COMPLETED,gpu-1,208.563,"{'cpu-1': 1.743, 'gpu-1': 1.35}",405.0,210.485,211.835,inf,214.963,214.963
210,TT1,BESTEFFORT,COMPLETED,cpu-1,208.943,"{'cpu-1': 1.799, 'gpu-1': 1.08}",215.88,209.01500000000001,210.81400000000002,inf,213.043,213.043
211,TT2,BESTEFFORT,COMPLETED,gpu-1,209.087,"{'cpu-1': 6.082, 'gpu-1': 2.405}",721.4999999999999,211.835,214.24,inf,215.487,215.487
212,TT1,BESTEFFORT,COMPLETED,cpu-1,210.607,"{'cpu-1': 1.81, 'gpu-1': 0.843}",217.20000000000002,210.81400000000002,212.62400000000002,inf,214.707,214.707
213,TT2,BESTEFFORT,COMPLETED,gpu-1,210.849,"{'cpu-1': 2.143, 'gpu-1': 2.71}",813.0,214.24,216.95000000000002,inf,217.249,217.249
214,TT1,BESTEFFORT,COMPLETED,cpu-1,210.943,"{'cpu-1': 1.924, 'gpu-1': 0.621}",230.88,212.62400000000002,214.54800000000003,inf,215.043,215.043
215,TT2,BESTEFFORT,COMPLETED,gpu-1,214.182,"{'cpu-1': 4.554, 'gpu-1': 0.727}",218.1,216.95000000000002,217.67700000000002,inf,220.582,220.582
216,TT1,BESTEFFORT,COMPLETED,cpu-1,214.74,"{'cpu-1': 1.299, 'gpu-1': 1.199}",155.88,214.74,216.03900000000002,inf,218.84,218.84
217,TT1,BESTEFFORT,COMPLETED,cpu-1,215.866,"{'cpu-1': 1.403, 'gpu-1': 0.968}",168.36,216.03900000000002,217.442,inf,219.966,219.966
218,TT1,BESTEFFORT,COMPLETED,gpu-1,216.118,"{'cpu-1': 1.813, 'gpu-1': 0.892}",267.6,217.67700000000002,218.56900000000002,inf,220.218,220.218
219,TT2,BESTEFFORT,COMPLETED,gpu-1,216.15,"{'cpu-1': 9.861, 'gpu-1': 0.745}",223.5,218.56900000000002,219.31400000000002,inf,222.55,222.55
220,TT2,BESTEFFORT,MISSED,cpu-1,217.273,"{'cpu-1': 12.341, 'gpu-1': 1.243}",747.7199999999993,217.442,inf,223.673,223.673,223.673
221,TT1,BESTEFFORT,COMPLETED,gpu-1,218.407,"{'cpu-1': 1.478, 'gpu-1': 0.872}",261.6,219.31400000000002,220.18600000000004,inf,222.507,222.507
222,TT2,BESTEFFORT,COMPLETED,gpu-1,218.739,"{'cpu-1': 2.286, 'gpu-1': 1.399}",419.7,220.18600000000004,221.58500000000004,inf,225.139,225.139
223,TT2,BESTEFFORT,COMPLETED,gpu-1,220.3,"{'cpu-1': 7.24, 'gpu-1': 1.036}",310.8,221.58500000000004,222.62100000000004,inf,226.70000000000002,226.70000000000002
224,TT2,BESTEFFORT,COMPLETED,gpu-1,221.776,"{'cpu-1': 3.219, 'gpu-1': 0.974}",292.2,222.62100000000004,223.59500000000003,inf,228.17600000000002,228.17600000000002
225,TT2,BESTEFFORT,COMPLETED,gpu-1,224.66,"{'cpu-1': 7.24, 'gpu-1': 0.533}",159.9,224.66,225.19299999999998,inf,231.06,231.06
226,TT1,BESTEFFORT,COMPLETED,cpu-1,224.915,"{'cpu-1': 1.412, 'gpu-1': 0.63}",169.44,224.915,226.327,inf,229.015,229.015
227,TT1,BESTEFFORT,COMPLETED,cpu-1,226.253,"{'cpu-1': 1.825, 'gpu-1': 1.113}",219.0,226.327,228.152,inf,230.35299999999998,230.35299999999998
228,TT1,BESTEFFORT,COMPLETED,cpu-1,227.641,"{'cpu-1': 1.213, 'gpu-1': 0.789}",145.56,228.152,229.36499999999998,inf,231.74099999999999,231.74099999999999
229,TT2,BESTEFFORT,COMPLETED,gpu-1,228.254,"{'cpu-1': 1.969, 'gpu-1': 1.222}",366.59999999999997,228.254,229.476,inf,234.654,234.654
230,TT1,BESTEFFORT,COMPLETED,cpu-1,229.171,"{'cpu-1': 2.435, 'gpu-1': 0.994}",292.2,229.36499999999998,231.79999999999998,inf,233.271,233.271
231,TT1,BESTEFFORT,COMPLETED,gpu-1,229.516,"{'cpu-1': 1.031, 'gpu-1': 1.247}",374.1,229.516,230.763,inf,233.61599999999999,233.61599999999999
232,TT1,BESTEFFORT,COMPLETED,gpu-1,229.633,"{'cpu-1': 1.197, 'gpu-1': 0.616}",184.8,230.763,231.37900000000002,inf,233.733,233.733
233,TT2,BESTEFFORT,COMPLETED,gpu-1,230.696,"{'cpu-1': 2.727, 'gpu-1': 1.179}",353.7,231.37900000000002,232.55800000000002,inf,237.096,237.096
234,TT2,BESTEFFORT,COMPLETED,gpu-1,231.557,"{'cpu-1': 7.507, 'gpu-1': 3.137}",941.1,232.55800000000002,235.69500000000002,inf,237.957,237.957
235,TT2,BESTEFFORT,COMPLETED,cpu-1,232.129,"{'cpu-1': 2.591, 'gpu-1': 1.094}",310.92,232.129,234.72,inf,238.529,238.529
236,TT1,BESTEFFORT,COMPLETED,gpu-1,233.458,"{'cpu-1': 1.328, 'gpu-1': 0.617}",185.1,235.69500000000002,236.312,inf,237.558,237.558
237,TT2,BESTEFFORT,COMPLETED,gpu-1,234.574,"{'cpu-1': 2.563, 'gpu-1': 0.729}",218.7,236.312,237.04100000000003,inf,240.97400000000002,240.97400000000002
238,TT2,BESTEFFORT,COMPLETED,gpu-1,237.39,"{'cpu-1': 7.463, 'gpu-1': 0.824}",247.2,237.39,238.214,inf,243.79,243.79
239,TT1,BESTEFFORT,COMPLETED,cpu-1,237.859,"{'cpu-1': 1.812, 'gpu-1': 0.865}",217.44,237.859,239.67100000000002,inf,241.959,241.959
240,TT1,BESTEFFORT,COMPLETED,gpu-1,238.121,"{'cpu-1': 2.459, 'gpu-1': 0.93}",279.0,238.214,239.144,inf,242.221,242.221
241,TT1,BESTEFFORT,COMPLETED,cpu-1,238.97,"{'cpu-1': 1.412, 'gpu-1': 1.134}",169.44,239.67100000000002,241.08300000000003,inf,243.07,243.07
242,TT2,BESTEFFORT,COMPLETED,gpu-1,239.233,"{'cpu-1': 4.456, 'gpu-1': 3.137}",941.1,239.233,242.37,inf,245.633,245.633
243,TT2,BESTEFFORT,COMPLETED,gpu-1,240.336,"{'cpu-1': 3.509, 'gpu-1': 0.941}",282.3,242.37,243.311,inf,246.73600000000002,246.73600000000002
244,TT1,BESTEFFORT,COMPLETED,cpu-1,240.941,"{'cpu-1': 0.944, 'gpu-1': 0.828}",113.28,241.08300000000003,242.02700000000002,inf,245.041,245.041
245,TT2,BESTEFFORT,MISSED,cpu-1,241.399,"{'cpu-1': 11.518, 'gpu-1': 1.998}",692.639999999999,242.02700000000002,inf,247.799,247.799,247.799
246,TT2,BESTEFFORT,COMPLETED,gpu-1,241.507,"{'cpu-1': 2.779, 'gpu-1': 3.507}",1052.1000000000001,243.311,246.818,inf,247.907,247.907
247,TT2,BESTEFFORT,COMPLETED,gpu-1,241.742,"{'cpu-1': 4.113, 'gpu-1': 0.974}",292.2,246.818,247.792,inf,248.142,248.142
248,TT2,BESTEFFORT,MISSED,cpu-1,242.658,"{'cpu-1': 2.172, 'gpu-1': 1.924}",151.07999999999834,247.799,inf,249.058,249.058,249.058
249,TT2,BESTEFFORT,COMPLETED,gpu-1,245.021,"{'cpu-1': 13.409, 'gpu-1': 1.494}",448.2,247.792,249.286,inf,251.421,251.421
250,TT2,BESTEFFORT,COMPLETED,gpu-1,247.312,"{'cpu-1': 4.598, 'gpu-1': 3.139}",941.6999999999999,249.286,252.425,inf,253.71200000000002,253.71200000000002
251,TT1,BESTEFFORT,COMPLETED,cpu-1,248.102,"{'cpu-1': 1.442, 'gpu-1': 0.893}",173.04,249.058,250.5,inf,252.202,252.202
252,TT1,BESTEFFORT,COMPLETED,gpu-1,252.604,"{'cpu-1': 1.304, 'gpu-1': 1.132}",339.59999999999997,252.604,253.73600000000002,inf,256.704,256.704
253,TT1,BESTEFFORT,COMPLETED,cpu-1,252.765,"{'cpu-1': 1.785, 'gpu-1': 0.914}",214.2,252.765,254.54999999999998,inf,256.865,256.865
254,TT1,BESTEFFORT,COMPLETED,cpu-1,254.285,"{'cpu-1': 1.433, 'gpu-1': 1.549}",171.96,254.54999999999998,255.98299999999998,inf,258.385,258.385
255,TT1,BESTEFFORT,COMPLETED,cpu-1,257.728,"{'cpu-1': 1.212, 'gpu-1': 0.611}",145.44,257.728,258.94,inf,261.82800000000003,261.82800000000003
256,TT1,BESTEFFORT,COMPLETED,gpu-1,261.077,"{'cpu-1': 2.103, 'gpu-1': 0.898}",269.40000000000003,261.077,261.975,inf,265.177,265.177
257,TT1,BESTEFFORT,COMPLETED,gpu-1,261.666,"{'cpu-1': 1.016, 'gpu-1': 1.173}",351.90000000000003,261.975,263.148,inf,265.766,265.766
258,TT1,BESTEFFORT,COMPLETED,gpu-1,265.67,"{'cpu-1': 1.506, 'gpu-1': 0.92}",276.0,265.67,266.59000000000003,inf,269.77000000000004,269.77000000000004
259,TT1,BESTEFFORT,COMPLETED,gpu-1,266.013,"{'cpu-1': 1.415, 'gpu-1': 0.923}",276.90000000000003,266.59000000000003,267.51300000000003,inf,270.113,270.113
260,TT1,BESTEFFORT,COMPLETED,gpu-1,267.81,"{'cpu-1': 0.936, 'gpu-1': 1.476}",442.8,267.81,269.286,inf,271.91,271.91
261,TT1,BESTEFFORT,COMPLETED,gpu-1,269.162,"{'cpu-1': 1.262, 'gpu-1': 1.074}",322.20000000000005,269.286,270.36,inf,273.262,273.262
262,TT1,BESTEFFORT,COMPLETED,cpu-1,269.872,"{'cpu-1': 2.043, 'gpu-1': 0.85}",245.16000000000003,269.872,271.915,inf,273.97200000000004,273.97200000000004
263,TT2,BESTEFFORT,COMPLETED,gpu-1,270.059,"{'cpu-1': 5.206, 'gpu-1': 0.905}",271.5,270.36,271.265,inf,276.459,276.459
264,TT2,BESTEFFORT,COMPLETED,gpu-1,270.843,"{'cpu-1': 9.144, 'gpu-1': 2.27}",681.0,271.265,273.53499999999997,inf,277.243,277.243
265,TT2,BESTEFFORT,COMPLETED,gpu-1,271.08,"{'cpu-1': 5.649, 'gpu-1': 0.683}",204.9,273.53499999999997,274.21799999999996,inf,277.47999999999996,277.47999999999996
266,TT1,BESTEFFORT,COMPLETED,cpu-1,271.543,"{'cpu-1': 0.989, 'gpu-1': 0.615}",118.67999999999999,271.915,272.904,inf,275.64300000000003,275.64300000000003
267,TT1,BESTEFFORT,COMPLETED,cpu-1,271.694,"{'cpu-1': 1.183, 'gpu-1': 0.952}",141.96,272.904,274.087,inf,275.79400000000004,275.79400000000004
268,TT1,BESTEFFORT,COMPLETED,gpu-1,271.841,"{'cpu-1': 1.24, 'gpu-1': 1.119}",335.7,274.21799999999996,275.337,inf,275.94100000000003,275.94100000000003
269,TT2,BESTEFFORT,COMPLETED,gpu-1,271.984,"{'cpu-1': 2.584, 'gpu-1': 0.669}",200.70000000000002,275.337,276.006,inf,278.38399999999996,278.38399999999996
270,TT1,BESTEFFORT,COMPLETED,cpu-1,272.652,"{'cpu-1': 2.426, 'gpu-1': 0.935}",291.12,274.087,276.513,inf,276.752,276.752
271,TT1,BESTEFFORT,MISSED,cpu-1,272.726,"{'cpu-1': 1.791, 'gpu-1': 0.849}",37.5600000000054,276.513,inf,276.826,276.826,276.826
272,TT2,BESTEFFORT,COMPLETED,gpu-1,273.541,"{'cpu-1': 11.37, 'gpu-1': 1.536}",460.8,276.006,277.542,inf,279.941,279.941
273,TT2,BESTEFFORT,COMPLETED,gpu-1,276.487,"{'cpu-1': 12.036, 'gpu-1': 0.542}",162.60000000000002,277.542,278.08399999999995,inf,282.887,282.887
274,TT1,BESTEFFORT,COMPLETED,cpu-1,276.862,"{'cpu-1': 2.051, 'gpu-1': 0.883}",246.12,276.862,278.913,inf,280.96200000000005,280.96200000000005
275,TT2,BESTEFFORT,COMPLETED,gpu-1,277.962,"{'cpu-1': 11.333, 'gpu-1': 0.741}",222.3,278.08399999999995,278.82499999999993,inf,284.36199999999997,284.36199999999997
276,TT1,BESTEFFORT,COMPLETED,gpu-1,278.38,"{'cpu-1': 1.314, 'gpu-1': 1.247}",374.1,278.82499999999993,280.07199999999995,inf,282.48,282.48
277,TT2,BESTEFFORT,COMPLETED,gpu-1,280.762,"{'cpu-1': 2.421, 'gpu-1': 1.401}",420.3,280.762,282.163,inf,287.162,287.162
278,TT2,BESTEFFORT,COMPLETED,gpu-1,280.796,"{'cpu-1': 1.602, 'gpu-1': 1.345}",403.5,282.163,283.50800000000004,inf,287.19599999999997,287.19599999999997
279,TT2,BESTEFFORT,COMPLETED,gpu-1,281.64,"{'cpu-1': 2.271, 'gpu-1': 2.006}",601.8,283.50800000000004,285.514,inf,288.03999999999996,288.03999999999996
280,TT2,BESTEFFORT,COMPLETED,gpu-1,284.001,"{'cpu-1': 7.207, 'gpu-1': 1.0}",300.0,285.514,286.514,inf,290.40099999999995,290.40099999999995
281,TT1,BESTEFFORT,COMPLETED,cpu-1,285.633,"{'cpu-1': 2.126, 'gpu-1': 0.626}",255.11999999999998,285.633,287.75899999999996,inf,289.733,289.733
282,TT1,BESTEFFORT,COMPLETED,gpu-1,286.377,"{'cpu-1': 0.954, 'gpu-1': 0.872}",261.6,286.514,287.386,inf,290.47700000000003,290.47700000000003
283,TT1,BESTEFFORT,COMPLETED,gpu-1,287.032,"{'cpu-1': 1.243, 'gpu-1': 0.614}",184.2,287.386,288.0,inf,291.132,291.132
284,TT2,BESTEFFORT,COMPLETED,gpu-1,287.102,"{'cpu-1': 8.946, 'gpu-1': 1.957}",587.1,288.0,289.957,inf,293.50199999999995,293.50199999999995
285,TT1,BESTEFFORT,COMPLETED,cpu-1,288.28,"{'cpu-1': 1.86, 'gpu-1': 1.254}",223.20000000000002,288.28,290.14,inf,292.38,292.38
286,TT2,BESTEFFORT,COMPLETED,cpu-1,288.975,"{'cpu-1': 2.558, 'gpu-1': 0.942}",306.96,290.14,292.698,inf,295.375,295.375
287,TT2,BESTEFFORT,COMPLETED,gpu-1,289.787,"{'cpu-1': 1.926, 'gpu-1': 2.298}",689.4,289.957,292.255,inf,296.18699999999995,296.18699999999995
288,TT2,BESTEFFORT,COMPLETED,gpu-1,290.167,"{'cpu-1': 2.395, 'gpu-1': 1.275}",382.5,292.255,293.53,inf,296.56699999999995,296.56699999999995
289,TT1,BESTEFFORT,COMPLETED,cpu-1,291.503,"{'cpu-1': 1.417, 'gpu-1': 1.143}",170.04,292.698,294.11499999999995,inf,295.603,295.603
290,TT2,BESTEFFORT,COMPLETED,gpu-1,291.575,"{'cpu-1': 3.435, 'gpu-1': 1.522}",456.6,293.53,295.05199999999996,inf,297.97499999999997,297.97499999999997
291,TT1,BESTEFFORT,COMPLETED,cpu-1,293.075,"{'cpu-1': 1.277, 'gpu-1': 0.997}",153.23999999999998,294.11499999999995,295.39199999999994,inf,297.175,297.175
292,TT1,BESTEFFORT,COMPLETED,gpu-1,294.168,"{'cpu-1': 1.774, 'gpu-1': 0.878}",263.4,295.05199999999996,295.92999999999995,inf,298.26800000000003,298.26800000000003
293,TT1,BESTEFFORT,COMPLETED,gpu-1,295.233,"{'cpu-1': 2.426, 'gpu-1': 1.135}",340.5,295.92999999999995,297.06499999999994,inf,299.333,299.333
294,TT1,BESTEFFORT,COMPLETED,gpu-1,297.42,"{'cpu-1': 1.201, 'gpu-1': 0.982}",294.6,297.42,298.40200000000004,inf,301.52000000000004,301.52000000000004
295,TT2,BESTEFFORT,COMPLETED,gpu-1,304.631,"{'cpu-1': 3.445, 'gpu-1': 0.929}",278.7,304.631,305.55999999999995,inf,311.03099999999995,311.03099999999995
296,TT2,BESTEFFORT,COMPLETED,gpu-1,304.679,"{'cpu-1': 3.766, 'gpu-1': 1.961}",588.3000000000001,305.55999999999995,307.52099999999996,inf,311.07899999999995,311.07899999999995
297,TT1,BESTEFFORT,COMPLETED,cpu-1,304.759,"{'cpu-1': 1.203, 'gpu-1': 1.132}",144.36,304.759,305.962,inf,308.85900000000004,308.85900000000004
298,TT2,BESTEFFORT,COMPLETED,gpu-1,304.837,"{'cpu-1': 3.75, 'gpu-1': 0.67}",201.0,307.52099999999996,308.191,inf,311.23699999999997,311.23699999999997
299,TT1,BESTEFFORT,COMPLETED,cpu-1,305.262,"{'cpu-1': 1.001, 'gpu-1': 1.476}",120.11999999999999,305.962,306.96299999999997,inf,309.362,309.362
300,TT1,BESTEFFORT,COMPLETED,cpu-1,307.286,"{'cpu-1': 1.223, 'gpu-1': 0.945}",146.76000000000002,307.286,308.509,inf,311.386,311.386
301,TT2,BESTEFFORT,COMPLETED,gpu-1,308.604,"{'cpu-1': 4.845, 'gpu-1': 0.67}",201.0,308.604,309.274,inf,315.00399999999996,315.00399999999996
302,TT2,BESTEFFORT,COMPLETED,gpu-1,308.7,"{'cpu-1': 4.389, 'gpu-1': 1.484}",445.2,309.274,310.758,inf,315.09999999999997,315.09999999999997
303,TT1,BESTEFFORT,COMPLETED,gpu-1,310.087,"{'cpu-1': 1.239, 'gpu-1': 1.078}",323.40000000000003,310.758,311.83599999999996,inf,314.187,314.187
304,TT1,BESTEFFORT,COMPLETED,cpu-1,310.381,"{'cpu-1': 1.821, 'gpu-1': 0.614}",218.51999999999998,310.381,312.202,inf,314.481,314.481
305,TT2,BESTEFFORT,COMPLETED,gpu-1,311.075,"{'cpu-1': 5.603, 'gpu-1': 1.156}",346.79999999999995,311.83599999999996,312.99199999999996,inf,317.47499999999997,317.47499999999997
306,TT1,BESTEFFORT,COMPLETED,gpu-1,311.762,"{'cpu-1': 1.04, 'gpu-1': 0.591}",177.29999999999998,312.99199999999996,313.58299999999997,inf,315.862,315.862
307,TT1,BESTEFFORT,COMPLETED,gpu-1,313.098,"{'cpu-1': 2.088, 'gpu-1': 0.95}",285.0,313.58299999999997,314.53299999999996,inf,317.19800000000004,317.19800000000004
308,TT2,BESTEFFORT,COMPLETED,cpu-1,313.493,"{'cpu-1': 5.388, 'gpu-1': 1.199}",646.56,313.493,318.881,inf,319.893,319.893
309,TT2,BESTEFFORT,COMPLETED,gpu-1,313.772,"{'cpu-1': 2.819, 'gpu-1': 2.447}",734.1,314.53299999999996,316.97999999999996,inf,320.17199999999997,320.17199999999997
310,TT1,BESTEFFORT,COMPLETED,cpu-1,318.391,"{'cpu-1': 1.468, 'gpu-1': 0.619}",176.16,318.881,320.349,inf,322.49100000000004,322.49100000000004
311,TT2,BESTEFFORT,COMPLETED,gpu-1,321.024,"{'cpu-1': 2.584, 'gpu-1': 2.71}",813.0,322.471,325.181,inf,327.424,327.424
312,TT2,BESTEFFORT,COMPLETED,gpu-1,321.024,"{'cpu-1': 5.806, 'gpu-1': 1.447}",434.1,321.024,322.471,inf,327.424,327.424
313,TT2,BESTEFFORT,COMPLETED,gpu-1,321.447,"{'cpu-1': 3.282, 'gpu-1': 2.416}",724.8,325.181,327.597,inf,327.847,327.847
314,TT2,BESTEFFORT,MISSED,cpu-1,322.826,"{'cpu-1': 8.728, 'gpu-1': 0.567}",767.9999999999973,322.826,inf,329.226,329.226,329.226
315,TT1,BESTEFFORT,MISSED,gpu-1,322.991,"{'cpu-1': 1.294, 'gpu-1': 1.115}",0.0,327.597,inf,327.597,327.091,327.091
316,TT1,BESTEFFORT,MISSED,cpu-1,324.582,"{'cpu-1': 1.737, 'gpu-1': 0.854}",0.0,329.226,inf,329.226,328.682,328.682
317,TT1,BESTEFFORT,COMPLETED,gpu-1,324.73,"{'cpu-1': 1.046, 'gpu-1': 0.939}",281.7,327.597,328.536,inf,328.83000000000004,328.83000000000004
318,TT2,BESTEFFORT,COMPLETED,gpu-1,326.644,"{'cpu-1': 8.69, 'gpu-1': 1.989}",596.7,328.536,330.525,inf,333.044,333.044
319,TT2,BESTEFFORT,MISSED,cpu-1,326.955,"{'cpu-1': 7.084, 'gpu-1': 1.466}",495.47999999999547,329.226,inf,333.35499999999996,333.35499999999996,333.35499999999996
320,TT2,BESTEFFORT,COMPLETED,gpu-1,328.221,"{'cpu-1': 7.883, 'gpu-1': 0.959}",287.7,330.525,331.484,inf,334.621,334.621
321,TT2,BESTEFFORT,COMPLETED,gpu-1,328.576,"{'cpu-1': 2.015, 'gpu-1': 0.842}",252.6,331.484,332.32599999999996,inf,334.976,334.976
322,TT2,BESTEFFORT,MISSED,cpu-1,328.73,"{'cpu-1': 3.774, 'gpu-1': 1.145}",213.0000000000041,333.35499999999996,inf,335.13,335.13,335.13
323,TT2,BESTEFFORT,COMPLETED,gpu-1,328.968,"{'cpu-1': 13.792, 'gpu-1': 0.753}",225.9,332.32599999999996,333.07899999999995,inf,335.368,335.368
324,TT1,BESTEFFORT,MISSED,cpu-1,329.325,"{'cpu-1': 1.291, 'gpu-1': 0.869}",0.0,335.13,inf,335.13,333.425,333.425
325,TT2,BESTEFFORT,COMPLETED,gpu-1,332.378,"{'cpu-1': 3.786, 'gpu-1': 1.262}",378.6,333.07899999999995,334.34099999999995,inf,338.77799999999996,338.77799999999996
326,TT2,BESTEFFORT,MISSED,cpu-1,332.77,"{'cpu-1': 4.781, 'gpu-1': 0.865}",484.79999999999563,335.13,inf,339.16999999999996,339.16999999999996,339.16999999999996
327,TT1,BESTEFFORT,COMPLETED,gpu-1,334.027,"{'cpu-1': 1.518, 'gpu-1': 0.905}",271.5,334.34099999999995,335.2459999999999,inf,338.127,338.127
328,TT1,BESTEFFORT,COMPLETED,gpu-1,334.085,"{'cpu-1': 1.792, 'gpu-1': 0.863}",258.9,335.2459999999999,336.1089999999999,inf,338.185,338.185
329,TT1,BESTEFFORT,COMPLETED,gpu-1,335.041,"{'cpu-1': 1.21, 'gpu-1': 1.216}",364.8,336.1089999999999,337.32499999999993,inf,339.141,339.141
330,TT1,BESTEFFORT,COMPLETED,gpu-1,336.424,"{'cpu-1': 1.408, 'gpu-1': 1.164}",349.2,337.32499999999993,338.4889999999999,inf,340.524,340.524
331,TT1,BESTEFFORT,COMPLETED,gpu-1,336.659,"{'cpu-1': 1.24, 'gpu-1': 1.246}",373.8,338.4889999999999,339.7349999999999,inf,340.759,340.759
332,TT2,BESTEFFORT,COMPLETED,gpu-1,337.683,"{'cpu-1': 12.385, 'gpu-1': 2.508}",752.4,339.7349999999999,342.2429999999999,inf,344.08299999999997,344.08299999999997
333,TT1,BESTEFFORT,COMPLETED,cpu-1,338.797,"{'cpu-1': 1.782, 'gpu-1': 0.879}",213.84,339.16999999999996,340.95199999999994,inf,342.89700000000005,342.89700000000005
334,TT1,BESTEFFORT,COMPLETED,gpu-1,339.512,"{'cpu-1': 1.786, 'gpu-1': 0.649}",194.70000000000002,342.2429999999999,342.8919999999999,inf,343.612,343.612
335,TT1,BESTEFFORT,COMPLETED,cpu-1,341.993,"{'cpu-1': 1.204, 'gpu-1': 0.946}",144.48,341.993,343.197,inf,346.093,346.093
336,TT1,BESTEFFORT,COMPLETED,gpu-1,342.675,"{'cpu-1': 0.936, 'gpu-1': 0.988}",296.4,342.8919999999999,343.8799999999999,inf,346.77500000000003,346.77500000000003
337,TT1,BESTEFFORT,COMPLETED,gpu-1,343.385,"{'cpu-1': 1.772, 'gpu-1': 0.969}",290.7,343.8799999999999,344.8489999999999,inf,347.485,347.485
338,TT1,BESTEFFORT,COMPLETED,gpu-1,345.048,"{'cpu-1': 1.343, 'gpu-1': 0.621}",186.3,345.048,345.669,inf,349.148,349.148
339,TT1,BESTEFFORT,COMPLETED,gpu-1,345.513,"{'cpu-1': 2.397, 'gpu-1': 0.642}",192.6,345.669,346.311,inf,349.613,349.613
340,TT2,BESTEFFORT,COMPLETED,gpu-1,346.819,"{'cpu-1': 11.326, 'gpu-1': 1.838}",551.4,346.819,348.65700000000004,inf,353.219,353.219
341,TT1,BESTEFFORT,COMPLETED,cpu-1,347.248,"{'cpu-1': 1.316, 'gpu-1': 0.906}",157.92000000000002,347.248,348.56399999999996,inf,351.348,351.348
342,TT2,BESTEFFORT,COMPLETED,gpu-1,348.582,"{'cpu-1': 4.088, 'gpu-1': 0.805}",241.50000000000003,348.65700000000004,349.46200000000005,inf,354.98199999999997,354.98199999999997
343,TT1,BESTEFFORT,COMPLETED,cpu-1,348.808,"{'cpu-1': 1.926, 'gpu-1': 0.914}",231.12,348.808,350.734,inf,352.908,352.908
344,TT1,BESTEFFORT,COMPLETED,gpu-1,349.655,"{'cpu-1': 1.329, 'gpu-1': 0.62}",186.0,349.655,350.275,inf,353.755,353.755
345,TT1,BESTEFFORT,COMPLETED,gpu-1,350.02,"{'cpu-1': 1.478, 'gpu-1': 0.883}",264.9,350.275,351.15799999999996,inf,354.12,354.12
346,TT2,BESTEFFORT,COMPLETED,gpu-1,351.542,"{'cpu-1': 2.738, 'gpu-1': 1.145}",343.5,351.542,352.68699999999995,inf,357.94199999999995,357.94199999999995
347,TT1,BESTEFFORT,COMPLETED,gpu-1,354.438,"{'cpu-1': 1.541, 'gpu-1': 1.223}",366.90000000000003,354.438,355.661,inf,358.538,358.538
348,TT1,BESTEFFORT,COMPLETED,gpu-1,355.898,"{'cpu-1': 1.822, 'gpu-1': 0.619}",185.7,355.898,356.51700000000005,inf,359.99800000000005,359.99800000000005
349,TT2,BESTEFFORT,COMPLETED,gpu-1,356.864,"{'cpu-1': 3.698, 'gpu-1': 1.319}",395.7,356.864,358.183,inf,363.26399999999995,363.26399999999995
350,TT1,BESTEFFORT,COMPLETED,cpu-1,357.002,"{'cpu-1': 1.293, 'gpu-1': 0.878}",155.16,357.002,358.295,inf,361.10200000000003,361.10200000000003
351,TT2,BESTEFFORT,COMPLETED,gpu-1,357.039,"{'cpu-1': 5.491, 'gpu-1': 0.902}",270.6,358.183,359.085,inf,363.43899999999996,363.43899999999996
352,TT2,BESTEFFORT,COMPLETED,cpu-1,357.696,"{'cpu-1': 3.223, 'gpu-1': 0.656}",386.76,358.295,361.51800000000003,inf,364.096,364.096
353,TT2,BESTEFFORT,COMPLETED,gpu-1,358.433,"{'cpu-1': 5.1, 'gpu-1': 1.363}",408.9,359.085,360.448,inf,364.83299999999997,364.83299999999997
354,TT1,BESTEFFORT,COMPLETED,gpu-1,359.184,"{'cpu-1': 1.921, 'gpu-1': 1.171}",351.3,360.448,361.61899999999997,inf,363.28400000000005,363.28400000000005
355,TT2,BESTEFFORT,COMPLETED,gpu-1,359.231,"{'cpu-1': 6.601, 'gpu-1': 1.414}",424.2,361.61899999999997,363.03299999999996,inf,365.631,365.631
356,TT2,BESTEFFORT,COMPLETED,gpu-1,360.427,"{'cpu-1': 6.372, 'gpu-1': 2.002}",600.5999999999999,363.03299999999996,365.03499999999997,inf,366.827,366.827
357,TT2,BESTEFFORT,COMPLETED,cpu-1,360.728,"{'cpu-1': 1.532, 'gpu-1': 2.992}",183.84,361.51800000000003,363.05,inf,367.128,367.128
358,TT1,BESTEFFORT,MISSED,gpu-1,361.565,"{'cpu-1': 1.38, 'gpu-1': 1.234}",189.0000000000157,365.03499999999997,inf,365.665,365.665,365.665
359,TT1,BESTEFFORT,COMPLETED,cpu-1,361.581,"{'cpu-1': 1.406, 'gpu-1': 0.734}",168.72,363.05,364.456,inf,365.68100000000004,365.68100000000004
360,TT1,BESTEFFORT,MISSED,gpu-1,361.885,"{'cpu-1': 1.191, 'gpu-1': 1.393}",95.99999999999795,365.665,inf,365.985,365.985,365.985
361,TT2,BESTEFFORT,MISSED,cpu-1,362.265,"{'cpu-1': 5.487, 'gpu-1': 1.636}",505.07999999999356,364.456,inf,368.66499999999996,368.66499999999996,368.66499999999996
362,TT1,BESTEFFORT,MISSED,cpu-1,362.473,"{'cpu-1': 2.007, 'gpu-1': 1.182}",0.0,368.66499999999996,inf,368.66499999999996,366.57300000000004,366.57300000000004
363,TT1,BESTEFFORT,COMPLETED,gpu-1,362.772,"{'cpu-1': 1.221, 'gpu-1': 0.867}",260.1,365.985,366.85200000000003,inf,366.872,366.872
364,TT2,BESTEFFORT,MISSED,cpu-1,363.996,"{'cpu-1': 4.287, 'gpu-1': 3.343}",207.71999999999935,368.66499999999996,inf,370.39599999999996,370.39599999999996,370.39599999999996
365,TT2,BESTEFFORT,MISSED,cpu-1,364.501,"{'cpu-1': 2.478, 'gpu-1': 2.213}",60.599999999999454,370.39599999999996,inf,370.90099999999995,370.90099999999995,370.90099999999995
366,TT1,BESTEFFORT,COMPLETED,gpu-1,365.043,"{'cpu-1': 1.403, 'gpu-1': 0.849}",254.7,366.85200000000003,367.701,inf,369.14300000000003,369.14300000000003
367,TT1,BESTEFFORT,COMPLETED,gpu-1,365.547,"{'cpu-1': 1.243, 'gpu-1': 1.233}",369.90000000000003,367.701,368.934,inf,369.64700000000005,369.64700000000005
368,TT1,BESTEFFORT,MISSED,gpu-1,365.934,"{'cpu-1': 1.035, 'gpu-1': 1.258}",330.0000000000068,368.934,inf,370.03400000000005,370.03400000000005,370.03400000000005
369,TT1,BESTEFFORT,COMPLETED,gpu-1,366.953,"{'cpu-1': 1.497, 'gpu-1': 0.972}",291.59999999999997,370.03400000000005,371.00600000000003,inf,371.053,371.053
370,TT2,BESTEFFORT,COMPLETED,gpu-1,367.016,"{'cpu-1': 8.728, 'gpu-1': 1.094}",328.20000000000005,371.00600000000003,372.1,inf,373.416,373.416
371,TT2,BESTEFFORT,MISSED,cpu-1,367.618,"{'cpu-1': 6.82, 'gpu-1': 1.825}",0.0,374.65099999999995,inf,374.65099999999995,374.018,374.018
372,TT2,BESTEFFORT,MISSED,cpu-1,368.251,"{'cpu-1': 3.88, 'gpu-1': 3.563}",450.0,370.90099999999995,inf,374.65099999999995,374.65099999999995,374.65099999999995
373,TT1,BESTEFFORT,COMPLETED,gpu-1,369.382,"{'cpu-1': 2.119, 'gpu-1': 0.867}",260.1,372.1,372.96700000000004,inf,373.482,373.482
374,TT1,BESTEFFORT,COMPLETED,gpu-1,370.262,"{'cpu-1': 1.407, 'gpu-1': 0.627}",188.1,372.96700000000004,373.59400000000005,inf,374.362,374.362
375,TT1,BESTEFFORT,MISSED,cpu-1,370.5,"{'cpu-1': 1.435, 'gpu-1': 0.618}",0.0,374.65099999999995,inf,374.65099999999995,374.6,374.6
376,TT1,BESTEFFORT,COMPLETED,gpu-1,372.065,"{'cpu-1': 1.128, 'gpu-1': 0.896}",268.8,373.59400000000005,374.49000000000007,inf,376.165,376.165
377,TT2,BESTEFFORT,COMPLETED,gpu-1,374.152,"{'cpu-1': 8.099, 'gpu-1': 1.862}",558.6,374.49000000000007,376.3520000000001,inf,380.55199999999996,380.55199999999996
378,TT2,BESTEFFORT,COMPLETED,gpu-1,375.747,"{'cpu-1': 13.587, 'gpu-1': 3.225}",967.5,376.3520000000001,379.5770000000001,inf,382.147,382.147
379,TT1,BESTEFFORT,COMPLETED,cpu-1,377.797,"{'cpu-1': 1.424, 'gpu-1': 0.619}",170.88,377.797,379.221,inf,381.89700000000005,381.89700000000005
380,TT1,BESTEFFORT,COMPLETED,cpu-1,378.466,"{'cpu-1': 1.005, 'gpu-1': 0.907}",120.6,379.221,380.226,inf,382.56600000000003,382.56600000000003
381,TT2,BESTEFFORT,COMPLETED,gpu-1,380.226,"{'cpu-1': 4.899, 'gpu-1': 1.389}",416.7,380.226,381.615,inf,386.626,386.626
382,TT1,BESTEFFORT,COMPLETED,cpu-1,380.46,"{'cpu-1': 1.272, 'gpu-1': 0.847}",152.64000000000001,380.46,381.73199999999997,inf,384.56,384.56
383,TT2,BESTEFFORT,COMPLETED,gpu-1,381.579,"{'cpu-1': 9.058, 'gpu-1': 0.811}",243.3,381.615,382.426,inf,387.979,387.979
384,TT1,BESTEFFORT,COMPLETED,gpu-1,385.349,"{'cpu-1': 1.019, 'gpu-1': 0.825}",247.5,385.349,386.174,inf,389.449,389.449
385,TT1,BESTEFFORT,COMPLETED,gpu-1,387.282,"{'cpu-1': 1.3, 'gpu-1': 0.917}",275.1,387.282,388.19899999999996,inf,391.382,391.382
386,TT2,BESTEFFORT,COMPLETED,gpu-1,391.786,"{'cpu-1': 11.42, 'gpu-1': 1.391}",417.3,391.786,393.177,inf,398.186,398.186
387,TT2,BESTEFFORT,COMPLETED,gpu-1,391.982,"{'cpu-1': 12.216, 'gpu-1': 1.535}",460.5,393.177,394.71200000000005,inf,398.382,398.382
388,TT1,BESTEFFORT,COMPLETED,gpu-1,394.989,"{'cpu-1': 1.272, 'gpu-1': 1.405}",421.5,394.989,396.39399999999995,inf,399.089,399.089
389,TT2,BESTEFFORT,COMPLETED,gpu-1,396.564,"{'cpu-1': 2.843, 'gpu-1': 1.37}",411.00000000000006,396.564,397.934,inf,402.964,402.964
390,TT1,BESTEFFORT,COMPLETED,gpu-1,396.934,"{'cpu-1': 1.782, 'gpu-1': 0.898}",269.40000000000003,397.934,398.83200000000005,inf,401.03400000000005,401.03400000000005
391,TT2,BESTEFFORT,COMPLETED,gpu-1,398.13,"{'cpu-1': 4.107, 'gpu-1': 2.992}",897.6,398.83200000000005,401.82400000000007,inf,404.53,404.53
392,TT1,BESTEFFORT,COMPLETED,gpu-1,399.288,"{'cpu-1': 0.989, 'gpu-1': 0.876}",262.8,401.82400000000007,402.70000000000005,inf,403.38800000000003,403.38800000000003
393,TT2,BESTEFFORT,COMPLETED,gpu-1,400.005,"{'cpu-1': 7.588, 'gpu-1': 0.675}",202.5,402.70000000000005,403.37500000000006,inf,406.405,406.405
394,TT1,BESTEFFORT,COMPLETED,cpu-1,400.174,"{'cpu-1': 1.799, 'gpu-1': 0.864}",215.88,400.174,401.97299999999996,inf,404.274,404.274
395,TT1,BESTEFFORT,COMPLETED,gpu-1,401.06,"{'cpu-1': 1.254, 'gpu-1': 1.431}",429.3,403.37500000000006,404.80600000000004,inf,405.16,405.16
396,TT1,BESTEFFORT,COMPLETED,cpu-1,401.635,"{'cpu-1': 1.203, 'gpu-1': 1.196}",144.36,401.97299999999996,403.17599999999993,inf,405.735,405.735
397,TT2,BESTEFFORT,COMPLETED,gpu-1,401.935,"{'cpu-1': 3.038, 'gpu-1': 2.984}",895.2,404.80600000000004,407.79,inf,408.335,408.335
398,TT1,BESTEFFORT,COMPLETED,cpu-1,402.127,"{'cpu-1': 1.235, 'gpu-1': 0.872}",148.20000000000002,403.17599999999993,404.41099999999994,inf,406.22700000000003,406.22700000000003
399,TT2,BESTEFFORT,COMPLETED,cpu-1,402.43,"{'cpu-1': 3.756, 'gpu-1': 2.755}",450.71999999999997,404.41099999999994,408.1669999999999,inf,408.83,408.83
400,TT2,BESTEFFORT,COMPLETED,gpu-1,403.214,"{'cpu-1': 4.166, 'gpu-1': 1.642}",492.59999999999997,407.79,409.432,inf,409.614,409.614
401,TT2,BESTEFFORT,COMPLETED,gpu-1,404.907,"{'cpu-1': 4.132, 'gpu-1': 1.232}",369.6,409.432,410.66400000000004,inf,411.30699999999996,411.30699999999996
402,TT2,BESTEFFORT,COMPLETED,gpu-1,405.501,"{'cpu-1': 12.383, 'gpu-1': 1.025}",307.5,410.66400000000004,411.689,inf,411.90099999999995,411.90099999999995
403,TT2,BESTEFFORT,MISSED,cpu-1,405.924,"{'cpu-1': 7.573, 'gpu-1': 2.412}",498.8400000000047,408.1669999999999,inf,412.32399999999996,412.32399999999996,412.32399999999996
404,TT1,BESTEFFORT,COMPLETED,gpu-1,408.338,"{'cpu-1': 1.024, 'gpu-1': 0.621}",186.3,411.689,412.31,inf,412.43800000000005,412.43800000000005
405,TT1,BESTEFFORT,MISSED,cpu-1,408.558,"{'cpu-1': 1.506, 'gpu-1': 0.905}",40.0800000000072,412.32399999999996,inf,412.658,412.658,412.658
406,TT1,BESTEFFORT,MISSED,cpu-1,409.2,"{'cpu-1': 1.556, 'gpu-1': 0.97}",77.03999999999951,412.658,inf,413.3,413.3,413.3
407,TT1,BESTEFFORT,MISSED,cpu-1,409.306,"{'cpu-1': 0.945, 'gpu-1': 0.945}",12.719999999999345,413.3,inf,413.406,413.406,413.406
408,TT2,BESTEFFORT,COMPLETED,gpu-1,409.772,"{'cpu-1': 6.764, 'gpu-1': 1.615}",484.5,412.31,413.925,inf,416.17199999999997,416.17199999999997
409,TT2,BESTEFFORT,COMPLETED,gpu-1,410.094,"{'cpu-1': 9.082, 'gpu-1': 1.707}",512.1,413.925,415.632,inf,416.49399999999997,416.49399999999997
410,TT2,BESTEFFORT,COMPLETED,gpu-1,410.93,"{'cpu-1': 3.161, 'gpu-1': 1.5}",450.0,415.632,417.132,inf,417.33,417.33
411,TT1,BESTEFFORT,COMPLETED,cpu-1,412.409,"{'cpu-1': 1.07, 'gpu-1': 0.914}",128.4,413.406,414.476,inf,416.509,416.509
412,TT2,BESTEFFORT,COMPLETED,cpu-1,413.233,"{'cpu-1': 3.263, 'gpu-1': 1.25}",391.56,414.476,417.739,inf,419.633,419.633
413,TT1,BESTEFFORT,MISSED,gpu-1,413.338,"{'cpu-1': 2.424, 'gpu-1': 1.244}",91.800000000012,417.132,inf,417.43800000000005,417.43800000000005,417.43800000000005
414,TT1,BESTEFFORT,MISSED,cpu-1,413.491,"{'cpu-1': 1.41, 'gpu-1': 0.638}",0.0,417.739,inf,417.739,417.591,417.591
415,TT2,BESTEFFORT,COMPLETED,gpu-1,414.237,"{'cpu-1': 8.809, 'gpu-1': 2.265}",679.5,417.43800000000005,419.70300000000003,inf,420.637,420.637
416,TT1,BESTEFFORT,COMPLETED,cpu-1,415.201,"{'cpu-1': 1.253, 'gpu-1': 0.629}",150.35999999999999,417.739,418.99199999999996,inf,419.30100000000004,419.30100000000004
417,TT2,BESTEFFORT,COMPLETED,gpu-1,416.771,"{'cpu-1': 2.432, 'gpu-1': 0.879}",263.7,419.70300000000003,420.58200000000005,inf,423.171,423.171
418,TT2,BESTEFFORT,MISSED,cpu-1,418.462,"{'cpu-1': 7.429, 'gpu-1': 0.993}",704.4000000000005,418.99199999999996,inf,424.86199999999997,424.86199999999997,424.86199999999997
419,TT2,BESTEFFORT,COMPLETED,gpu-1,419.052,"{'cpu-1': 2.796, 'gpu-1': 2.903}",870.9,420.58200000000005,423.48500000000007,inf,425.452,425.452
420,TT1,BESTEFFORT,MISSED,cpu-1,419.721,"{'cpu-1': 1.398, 'gpu-1': 0.967}",0.0,424.86199999999997,inf,424.86199999999997,423.821,423.821
421,TT2,BESTEFFORT,COMPLETED,gpu-1,421.36,"{'cpu-1': 5.094, 'gpu-1': 2.295}",688.5,423.48500000000007,425.7800000000001,inf,427.76,427.76
422,TT1,BESTEFFORT,MISSED,cpu-1,421.46,"{'cpu-1': 1.28, 'gpu-1': 1.49}",83.76000000000431,424.86199999999997,inf,425.56,425.56,425.56
423,TT1,BESTEFFORT,MISSED,gpu-1,421.85,"{'cpu-1': 2.13, 'gpu-1': 1.243}",50.99999999998772,425.7800000000001,inf,425.95000000000005,425.95000000000005,425.95000000000005
424,TT1,BESTEFFORT,MISSED,cpu-1,422.208,"{'cpu-1': 1.224, 'gpu-1': 0.95}",89.76000000000568,425.56,inf,426.30800000000005,426.30800000000005,426.30800000000005
425,TT1,BESTEFFORT,COMPLETED,gpu-1,423.663,"{'cpu-1': 2.03, 'gpu-1': 0.903}",270.90000000000003,425.95000000000005,426.85300000000007,inf,427.76300000000003,427.76300000000003
426,TT2,BESTEFFORT,COMPLETED,gpu-1,424.385,"{'cpu-1': 1.616, 'gpu-1': 3.064}",919.2,426.85300000000007,429.9170000000001,inf,430.78499999999997,430.78499999999997
427,TT1,BESTEFFORT,COMPLETED,cpu-1,425.214,"{'cpu-1': 1.051, 'gpu-1': 1.095}",126.11999999999999,426.30800000000005,427.35900000000004,inf,429.314,429.314
428,TT2,BESTEFFORT,COMPLETED,cpu-1,425.628,"{'cpu-1': 2.677, 'gpu-1': 3.137}",321.24,427.35900000000004,430.03600000000006,inf,432.02799999999996,432.02799999999996
429,TT2,BESTEFFORT,COMPLETED,gpu-1,426.638,"{'cpu-1': 6.475, 'gpu-1': 1.594}",478.20000000000005,429.9170000000001,431.5110000000001,inf,433.03799999999995,433.03799999999995
430,TT1,BESTEFFORT,MISSED,gpu-1,426.835,"{'cpu-1': 1.772, 'gpu-1': 0.611}",0.0,431.5110000000001,inf,431.5110000000001,430.935,430.935
431,TT2,BESTEFFORT,COMPLETED,cpu-1,427.568,"{'cpu-1': 1.862, 'gpu-1': 3.579}",223.44,430.03600000000006,431.8980000000001,inf,433.96799999999996,433.96799999999996
432,TT1,BESTEFFORT,MISSED,gpu-1,427.981,"{'cpu-1': 1.012, 'gpu-1': 0.878}",170.9999999999809,431.5110000000001,inf,432.081,432.081,432.081
433,TT1,BESTEFFORT,MISSED,cpu-1,428.672,"{'cpu-1': 1.448, 'gpu-1': 0.641}",104.87999999999602,431.8980000000001,inf,432.77200000000005,432.77200000000005,432.77200000000005
434,TT2,BESTEFFORT,MISSED,cpu-1,429.252,"{'cpu-1': 12.818, 'gpu-1': 2.213}",345.59999999999263,432.77200000000005,inf,435.652,435.652,435.652
435,TT1,BESTEFFORT,COMPLETED,gpu-1,430.317,"{'cpu-1': 1.316, 'gpu-1': 0.611}",183.29999999999998,432.081,432.692,inf,434.41700000000003,434.41700000000003
436,TT2,BESTEFFORT,MISSED,cpu-1,430.858,"{'cpu-1': 4.2, 'gpu-1': 1.584}",192.71999999999935,435.652,inf,437.258,437.258,437.258
437,TT1,BESTEFFORT,COMPLETED,gpu-1,431.237,"{'cpu-1': 1.002, 'gpu-1': 1.252}",375.6,432.692,433.944,inf,435.33700000000005,435.33700000000005
438,TT2,BESTEFFORT,COMPLETED,gpu-1,431.738,"{'cpu-1': 7.403, 'gpu-1': 1.991}",597.3000000000001,433.944,435.935,inf,438.138,438.138
439,TT1,BESTEFFORT,COMPLETED,gpu-1,433.398,"{'cpu-1': 1.204, 'gpu-1': 0.847}",254.1,435.935,436.782,inf,437.49800000000005,437.49800000000005
440,TT1,BESTEFFORT,COMPLETED,gpu-1,434.204,"{'cpu-1': 1.426, 'gpu-1': 0.876}",262.8,436.782,437.65799999999996,inf,438.30400000000003,438.30400000000003
441,TT2,BESTEFFORT,COMPLETED,gpu-1,437.314,"{'cpu-1': 2.286, 'gpu-1': 1.036}",310.8,437.65799999999996,438.69399999999996,inf,443.714,443.714
442,TT2,BESTEFFORT,COMPLETED,gpu-1,438.29,"{'cpu-1': 6.153, 'gpu-1': 0.803}",240.9,438.69399999999996,439.49699999999996,inf,444.69,444.69
443,TT2,BESTEFFORT,COMPLETED,gpu-1,438.393,"{'cpu-1': 3.815, 'gpu-1': 1.615}",484.5,439.49699999999996,441.11199999999997,inf,444.79299999999995,444.79299999999995
444,TT1,BESTEFFORT,COMPLETED,cpu-1,438.436,"{'cpu-1': 1.243, 'gpu-1': 0.919}",149.16000000000003,438.436,439.679,inf,442.536,442.536
445,TT2,BESTEFFORT,COMPLETED,cpu-1,439.56,"{'cpu-1': 3.263, 'gpu-1': 1.69}",391.56,439.679,442.94199999999995,inf,445.96,445.96
446,TT1,BESTEFFORT,COMPLETED,gpu-1,442.146,"{'cpu-1': 1.053, 'gpu-1': 0.839}",251.7,442.146,442.985,inf,446.24600000000004,446.24600000000004
447,TT1,BESTEFFORT,COMPLETED,gpu-1,443.283,"{'cpu-1': 1.009, 'gpu-1': 1.282}",384.6,443.283,444.565,inf,447.38300000000004,447.38300000000004
448,TT1,BESTEFFORT,COMPLETED,cpu-1,443.34,"{'cpu-1': 1.025, 'gpu-1': 0.861}",122.99999999999999,443.34,444.36499999999995,inf,447.44,447.44
449,TT2,BESTEFFORT,COMPLETED,gpu-1,444.34,"{'cpu-1': 6.317, 'gpu-1': 1.273}",381.9,444.565,445.838,inf,450.73999999999995,450.73999999999995
450,TT1,BESTEFFORT,COMPLETED,gpu-1,448.282,"{'cpu-1': 1.475, 'gpu-1': 0.998}",299.4,448.282,449.28,inf,452.382,452.382
451,TT1,BESTEFFORT,COMPLETED,cpu-1,448.53,"{'cpu-1': 1.932, 'gpu-1': 1.232}",231.84,448.53,450.462,inf,452.63,452.63
452,TT2,BESTEFFORT,COMPLETED,gpu-1,450.199,"{'cpu-1': 2.804, 'gpu-1': 1.336}",400.8,450.199,451.535,inf,456.599,456.599
453,TT2,BESTEFFORT,COMPLETED,gpu-1,450.248,"{'cpu-1': 2.572, 'gpu-1': 1.232}",369.6,451.535,452.76700000000005,inf,456.64799999999997,456.64799999999997
454,TT1,BESTEFFORT,COMPLETED,cpu-1,450.536,"{'cpu-1': 1.408, 'gpu-1': 0.617}",168.95999999999998,450.536,451.944,inf,454.636,454.636
455,TT1,BESTEFFORT,COMPLETED,cpu-1,450.798,"{'cpu-1': 1.224, 'gpu-1': 0.621}",146.88,451.944,453.168,inf,454.898,454.898
456,TT1,BESTEFFORT,COMPLETED,cpu-1,451.118,"{'cpu-1': 1.013, 'gpu-1': 0.935}",121.55999999999999,453.168,454.181,inf,455.218,455.218
457,TT1,BESTEFFORT,COMPLETED,gpu-1,451.911,"{'cpu-1': 2.016, 'gpu-1': 1.394}",418.2,452.76700000000005,454.16100000000006,inf,456.011,456.011
458,TT2,BESTEFFORT,COMPLETED,gpu-1,452.539,"{'cpu-1': 8.13, 'gpu-1': 2.278}",683.4,454.16100000000006,456.4390000000001,inf,458.93899999999996,458.93899999999996
459,TT1,BESTEFFORT,COMPLETED,gpu-1,454.066,"{'cpu-1': 1.213, 'gpu-1': 0.615}",184.5,456.4390000000001,457.0540000000001,inf,458.166,458.166
460,TT2,BESTEFFORT,COMPLETED,gpu-1,454.679,"{'cpu-1': 7.853, 'gpu-1': 0.476}",142.79999999999998,457.0540000000001,457.5300000000001,inf,461.07899999999995,461.07899999999995
461,TT2,BESTEFFORT,COMPLETED,cpu-1,456.942,"{'cpu-1': 3.297, 'gpu-1': 3.162}",395.64000000000004,456.942,460.23900000000003,inf,463.342,463.342
462,TT2,BESTEFFORT,MISSED,cpu-1,456.996,"{'cpu-1': 3.907, 'gpu-1': 0.767}",378.83999999999105,460.23900000000003,inf,463.39599999999996,463.39599999999996,463.39599999999996
463,TT2,BESTEFFORT,COMPLETED,gpu-1,458.532,"{'cpu-1': 3.943, 'gpu-1': 1.658}",497.4,458.532,460.19,inf,464.93199999999996,464.93199999999996
464,TT2,BESTEFFORT,COMPLETED,gpu-1,458.68,"{'cpu-1': 5.685, 'gpu-1': 2.292}",687.5999999999999,460.19,462.48199999999997,inf,465.08,465.08
465,TT1,BESTEFFORT,COMPLETED,gpu-1,460.217,"{'cpu-1': 2.025, 'gpu-1': 0.86}",258.0,462.48199999999997,463.342,inf,464.317,464.317
466,TT1,BESTEFFORT,COMPLETED,gpu-1,460.611,"{'cpu-1': 1.038, 'gpu-1': 0.841}",252.29999999999998,463.342,464.183,inf,464.711,464.711
467,TT2,BESTEFFORT,COMPLETED,gpu-1,462.47,"{'cpu-1': 2.584, 'gpu-1': 0.903}",270.90000000000003,464.183,465.086,inf,468.87,468.87
468,TT2,BESTEFFORT,COMPLETED,gpu-1,462.667,"{'cpu-1': 8.515, 'gpu-1': 1.131}",339.3,465.086,466.217,inf,469.06699999999995,469.06699999999995
469,TT1,BESTEFFORT,COMPLETED,cpu-1,463.617,"{'cpu-1': 1.79, 'gpu-1': 0.607}",214.8,463.617,465.40700000000004,inf,467.71700000000004,467.71700000000004
470,TT2,BESTEFFORT,MISSED,cpu-1,463.943,"{'cpu-1': 5.212, 'gpu-1': 2.221}",592.3199999999906,465.40700000000004,inf,470.34299999999996,470.34299999999996,470.34299999999996
471,TT1,BESTEFFORT,COMPLETED,cpu-1,469.993,"{'cpu-1': 1.3, 'gpu-1': 0.879}",156.0,470.34299999999996,471.643,inf,474.093,474.093
472,TT1,BESTEFFORT,COMPLETED,gpu-1,470.953,"{'cpu-1': 1.096, 'gpu-1': 0.864}",259.2,470.953,471.81699999999995,inf,475.053,475.053
473,TT1,BESTEFFORT,COMPLETED,gpu-1,471.521,"{'cpu-1': 1.786, 'gpu-1': 0.874}",262.2,471.81699999999995,472.691,inf,475.62100000000004,475.62100000000004
474,TT1,BESTEFFORT,COMPLETED,gpu-1,472.147,"{'cpu-1': 1.782, 'gpu-1': 0.752}",225.6,472.691,473.443,inf,476.247,476.247
475,TT2,BESTEFFORT,COMPLETED,gpu-1,473.772,"{'cpu-1': 4.42, 'gpu-1': 1.309}",392.7,473.772,475.081,inf,480.17199999999997,480.17199999999997
476,TT1,BESTEFFORT,COMPLETED,cpu-1,474.296,"{'cpu-1': 1.747, 'gpu-1': 0.621}",209.64000000000001,474.296,476.043,inf,478.396,478.396
477,TT1,BESTEFFORT,COMPLETED,gpu-1,476.132,"{'cpu-1': 1.243, 'gpu-1': 0.607}",182.1,476.132,476.73900000000003,inf,480.232,480.232
478,TT1,BESTEFFORT,COMPLETED,cpu-1,478.548,"{'cpu-1': 1.499, 'gpu-1': 1.119}",179.88000000000002,478.548,480.047,inf,482.648,482.648
479,TT2,BESTEFFORT,COMPLETED,gpu-1,480.03,"{'cpu-1': 13.059, 'gpu-1': 0.799}",239.70000000000002,480.03,480.82899999999995,inf,486.42999999999995,486.42999999999995
480,TT1,BESTEFFORT,COMPLETED,gpu-1,480.247,"{'cpu-1': 0.962, 'gpu-1': 0.927}",278.1,480.82899999999995,481.756,inf,484.34700000000004,484.34700000000004
481,TT2,BESTEFFORT,COMPLETED,cpu-1,480.468,"{'cpu-1': 2.563, 'gpu-1': 1.688}",307.56,480.468,483.031,inf,486.868,486.868
482,TT2,BESTEFFORT,COMPLETED,gpu-1,480.638,"{'cpu-1': 2.289, 'gpu-1': 0.941}",282.3,481.756,482.69699999999995,inf,487.03799999999995,487.03799999999995
483,TT1,BESTEFFORT,COMPLETED,cpu-1,481.13,"{'cpu-1': 1.328, 'gpu-1': 0.896}",159.36,483.031,484.359,inf,485.23,485.23
484,TT2,BESTEFFORT,COMPLETED,gpu-1,482.424,"{'cpu-1': 5.97, 'gpu-1': 0.818}",245.39999999999998,482.69699999999995,483.51499999999993,inf,488.82399999999996,488.82399999999996
485,TT2,BESTEFFORT,COMPLETED,gpu-1,482.704,"{'cpu-1': 6.081, 'gpu-1': 2.854}",856.2,483.51499999999993,486.3689999999999,inf,489.104,489.104
486,TT1,BESTEFFORT,COMPLETED,cpu-1,483.005,"{'cpu-1': 1.277, 'gpu-1': 1.26}",153.23999999999998,484.359,485.63599999999997,inf,487.105,487.105
487,TT2,BESTEFFORT,COMPLETED,cpu-1,487.873,"{'cpu-1': 2.234, 'gpu-1': 3.127}",268.08,487.873,490.10699999999997,inf,494.27299999999997,494.27299999999997
488,TT2,BESTEFFORT,COMPLETED,gpu-1,488.095,"{'cpu-1': 3.815, 'gpu-1': 1.015}",304.49999999999994,488.095,489.11,inf,494.495,494.495
489,TT2,BESTEFFORT,COMPLETED,gpu-1,490.621,"{'cpu-1': 7.125, 'gpu-1': 1.435}",430.5,490.621,492.056,inf,497.02099999999996,497.02099999999996
490,TT1,BESTEFFORT,COMPLETED,cpu-1,490.721,"{'cpu-1': 2.312, 'gpu-1': 1.181}",277.44,490.721,493.033,inf,494.821,494.821
491,TT1,BESTEFFORT,COMPLETED,cpu-1,492.047,"{'cpu-1': 1.351, 'gpu-1': 1.164}",162.12,493.033,494.384,inf,496.14700000000005,496.14700000000005
492,TT1,BESTEFFORT,COMPLETED,gpu-1,492.668,"{'cpu-1': 1.411, 'gpu-1': 0.936}",280.8,492.668,493.604,inf,496.76800000000003,496.76800000000003
493,TT1,BESTEFFORT,COMPLETED,gpu-1,494.642,"{'cpu-1': 1.814, 'gpu-1': 1.451}",435.3,494.642,496.093,inf,498.742,498.742
494,TT2,BESTEFFORT,COMPLETED,gpu-1,494.702,"{'cpu-1': 1.926, 'gpu-1': 2.455}",736.5,496.093,498.548,inf,501.102,501.102
495,TT1,BESTEFFORT,COMPLETED,cpu-1,494.822,"{'cpu-1': 1.019, 'gpu-1': 0.968}",122.27999999999999,494.822,495.841,inf,498.922,498.922
496,TT2,BESTEFFORT,COMPLETED,gpu-1,496.535,"{'cpu-1': 6.126, 'gpu-1': 0.677}",203.10000000000002,498.548,499.225,inf,502.935,502.935
497,TT1,BESTEFFORT,COMPLETED,cpu-1,497.268,"{'cpu-1': 1.418, 'gpu-1': 0.827}",170.16,497.268,498.686,inf,501.368,501.368
498,TT2,BESTEFFORT,COMPLETED,gpu-1,499.264,"{'cpu-1': 5.985, 'gpu-1': 0.67}",201.0,499.264,499.934,inf,505.664,505.664
499,TT2,BESTEFFORT,COMPLETED,gpu-1,499.67,"{'cpu-1': 2.727, 'gpu-1': 0.625}",187.5,499.934,500.559,inf,506.07,506.07
500,TT1,BESTEFFORT,COMPLETED,cpu-1,499.679,"{'cpu-1': 1.265, 'gpu-1': 0.86}",151.79999999999998,499.679,500.94399999999996,inf,503.779,503.779
501,TT2,BESTEFFORT,COMPLETED,gpu-1,499.757,"{'cpu-1': 1.504, 'gpu-1': 2.912}",873.6,500.559,503.471,inf,506.157,506.157
502,TT1,BESTEFFORT,COMPLETED,cpu-1,500.98,"{'cpu-1': 1.197, 'gpu-1': 0.797}",143.64000000000001,500.98,502.177,inf,505.08000000000004,505.08000000000004
503,TT2,BESTEFFORT,COMPLETED,gpu-1,501.146,"{'cpu-1': 5.206, 'gpu-1': 1.853}",555.9,503.471,505.324,inf,507.546,507.546
504,TT2,BESTEFFORT,COMPLETED,cpu-1,501.171,"{'cpu-1': 4.79, 'gpu-1': 0.701}",574.8,502.177,506.96700000000004,inf,507.57099999999997,507.57099999999997
505,TT1,BESTEFFORT,MISSED,cpu-1,501.335,"{'cpu-1': 1.031, 'gpu-1': 0.904}",0.0,506.96700000000004,inf,506.96700000000004,505.435,505.435
506,TT1,BESTEFFORT,COMPLETED,gpu-1,502.747,"{'cpu-1': 1.433, 'gpu-1': 0.692}",207.6,505.324,506.016,inf,506.84700000000004,506.84700000000004
507,TT1,BESTEFFORT,COMPLETED,cpu-1,505.362,"{'cpu-1': 0.985, 'gpu-1': 0.922}",118.2,506.96700000000004,507.95200000000006,inf,509.46200000000005,509.46200000000005
508,TT2,BESTEFFORT,COMPLETED,gpu-1,506.012,"{'cpu-1': 8.728, 'gpu-1': 0.929}",278.7,506.016,506.945,inf,512.412,512.412
509,TT1,BESTEFFORT,COMPLETED,gpu-1,507.497,"{'cpu-1': 1.035, 'gpu-1': 0.863}",258.9,507.497,508.36,inf,511.59700000000004,511.59700000000004
510,TT1,BESTEFFORT,COMPLETED,gpu-1,509.233,"{'cpu-1': 1.408, 'gpu-1': 1.323}",396.9,509.233,510.556,inf,513.333,513.333
511,TT1,BESTEFFORT,COMPLETED,gpu-1,510.467,"{'cpu-1': 1.246, 'gpu-1': 0.89}",267.0,510.556,511.44599999999997,inf,514.567,514.567
512,TT1,BESTEFFORT,COMPLETED,gpu-1,511.336,"{'cpu-1': 1.14, 'gpu-1': 0.63}",189.0,511.44599999999997,512.076,inf,515.436,515.436
513,TT1,BESTEFFORT,COMPLETED,cpu-1,511.487,"{'cpu-1': 2.023, 'gpu-1': 0.952}",242.76000000000002,511.487,513.51,inf,515.587,515.587
514,TT2,BESTEFFORT,COMPLETED,gpu-1,513.399,"{'cpu-1': 5.212, 'gpu-1': 1.737}",521.1,513.399,515.136,inf,519.799,519.799
515,TT2,BESTEFFORT,COMPLETED,gpu-1,513.715,"{'cpu-1': 4.99, 'gpu-1': 1.165}",349.5,515.136,516.3009999999999,inf,520.115,520.115
516,TT1,BESTEFFORT,COMPLETED,cpu-1,514.243,"{'cpu-1': 1.435, 'gpu-1': 1.181}",172.20000000000002,514.243,515.678,inf,518.3430000000001,518.3430000000001
517,TT1,BESTEFFORT,COMPLETED,gpu-1,515.067,"{'cpu-1': 1.035, 'gpu-1': 0.932}",279.6,516.3009999999999,517.233,inf,519.167,519.167
518,TT2,BESTEFFORT,COMPLETED,gpu-1,516.279,"{'cpu-1': 13.326, 'gpu-1': 1.693}",507.90000000000003,517.233,518.9259999999999,inf,522.679,522.679
519,TT1,BESTEFFORT,COMPLETED,cpu-1,516.963,"{'cpu-1': 1.93, 'gpu-1': 1.094}",231.6,516.963,518.8929999999999,inf,521.063,521.063
520,TT1,BESTEFFORT,COMPLETED,gpu-1,516.998,"{'cpu-1': 1.232, 'gpu-1': 0.887}",266.1,518.9259999999999,519.8129999999999,inf,521.0980000000001,521.0980000000001
521,TT1,BESTEFFORT,COMPLETED,cpu-1,517.275,"{'cpu-1': 1.753, 'gpu-1': 0.952}",210.35999999999999,518.8929999999999,520.646,inf,521.375,521.375
522,TT1,BESTEFFORT,COMPLETED,gpu-1,517.581,"{'cpu-1': 1.864, 'gpu-1': 1.153}",345.90000000000003,519.8129999999999,520.9659999999999,inf,521.681,521.681
523,TT2,BESTEFFORT,COMPLETED,gpu-1,519.944,"{'cpu-1': 11.202, 'gpu-1': 0.987}",296.1,520.9659999999999,521.9529999999999,inf,526.3439999999999,526.3439999999999
524,TT2,BESTEFFORT,COMPLETED,gpu-1,520.909,"{'cpu-1': 9.818, 'gpu-1': 0.66}",198.0,521.9529999999999,522.6129999999998,inf,527.309,527.309
525,TT1,BESTEFFORT,COMPLETED,cpu-1,521.834,"{'cpu-1': 1.226, 'gpu-1': 0.873}",147.12,521.834,523.06,inf,525.934,525.934
526,TT1,BESTEFFORT,COMPLETED,gpu-1,522.015,"{'cpu-1': 1.425, 'gpu-1': 1.141}",342.3,522.6129999999998,523.7539999999998,inf,526.115,526.115
527,TT1,BESTEFFORT,COMPLETED,gpu-1,522.252,"{'cpu-1': 1.343, 'gpu-1': 0.588}",176.39999999999998,523.7539999999998,524.3419999999998,inf,526.352,526.352
528,TT1,BESTEFFORT,COMPLETED,cpu-1,522.852,"{'cpu-1': 2.436, 'gpu-1': 0.946}",292.32,523.06,525.496,inf,526.952,526.952
529,TT2,BESTEFFORT,COMPLETED,gpu-1,524.798,"{'cpu-1': 6.553, 'gpu-1': 3.138}",941.4,524.798,527.936,inf,531.198,531.198
530,TT2,BESTEFFORT,COMPLETED,gpu-1,525.309,"{'cpu-1': 2.696, 'gpu-1': 1.953}",585.9,527.936,529.889,inf,531.709,531.709
531,TT1,BESTEFFORT,COMPLETED,cpu-1,525.688,"{'cpu-1': 1.289, 'gpu-1': 0.876}",154.67999999999998,525.688,526.977,inf,529.788,529.788
532,TT1,BESTEFFORT,COMPLETED,gpu-1,528.673,"{'cpu-1': 1.005, 'gpu-1': 1.396}",418.79999999999995,529.889,531.285,inf,532.773,532.773
533,TT1,BESTEFFORT,COMPLETED,gpu-1,529.363,"{'cpu-1': 1.426, 'gpu-1': 1.527}",458.09999999999997,531.285,532.812,inf,533.4630000000001,533.4630000000001
534,TT2,BESTEFFORT,COMPLETED,gpu-1,529.407,"{'cpu-1': 3.046, 'gpu-1': 0.766}",229.8,532.812,533.578,inf,535.807,535.807
535,TT1,BESTEFFORT,COMPLETED,cpu-1,529.654,"{'cpu-1': 2.04, 'gpu-1': 1.078}",244.8,529.654,531.694,inf,533.754,533.754
536,TT1,BESTEFFORT,COMPLETED,cpu-1,529.92,"{'cpu-1': 1.291, 'gpu-1': 1.388}",154.92,531.694,532.985,inf,534.02,534.02
537,TT2,BESTEFFORT,COMPLETED,gpu-1,530.342,"{'cpu-1': 6.317, 'gpu-1': 1.046}",313.8,533.578,534.624,inf,536.742,536.742
538,TT1,BESTEFFORT,COMPLETED,cpu-1,531.726,"{'cpu-1': 1.799, 'gpu-1': 0.847}",215.88,532.985,534.784,inf,535.826,535.826
539,TT2,BESTEFFORT,COMPLETED,gpu-1,531.848,"{'cpu-1': 8.946, 'gpu-1': 0.878}",263.4,534.624,535.5020000000001,inf,538.2479999999999,538.2479999999999
540,TT1,BESTEFFORT,COMPLETED,cpu-1,533.788,"{'cpu-1': 1.221, 'gpu-1': 0.627}",146.52,534.784,536.005,inf,537.888,537.888
541,TT2,BESTEFFORT,COMPLETED,gpu-1,535.97,"{'cpu-1': 5.685, 'gpu-1': 1.432}",429.59999999999997,535.97,537.402,inf,542.37,542.37
542,TT2,BESTEFFORT,COMPLETED,cpu-1,536.97,"{'cpu-1': 5.064, 'gpu-1': 1.247}",607.6800000000001,536.97,542.034,inf,543.37,543.37
543,TT1,BESTEFFORT,COMPLETED,gpu-1,537.064,"{'cpu-1': 2.459, 'gpu-1': 0.719}",215.7,537.402,538.1210000000001,inf,541.164,541.164
544,TT1,BESTEFFORT,COMPLETED,gpu-1,537.2,"{'cpu-1': 1.318, 'gpu-1': 1.329}",398.7,538.1210000000001,539.45,inf,541.3000000000001,541.3000000000001
545,TT2,BESTEFFORT,COMPLETED,gpu-1,539.519,"{'cpu-1': 3.781, 'gpu-1': 0.591}",177.29999999999998,539.519,540.11,inf,545.919,545.919
546,TT1,BESTEFFORT,COMPLETED,cpu-1,539.529,"{'cpu-1': 1.154, 'gpu-1': 1.323}",138.48,542.034,543.188,inf,543.629,543.629
547,TT2,BESTEFFORT,COMPLETED,gpu-1,539.748,"{'cpu-1': 2.578, 'gpu-1': 0.837}",251.1,540.11,540.947,inf,546.148,546.148
548,TT2,BESTEFFORT,COMPLETED,gpu-1,540.463,"{'cpu-1': 5.649, 'gpu-1': 3.238}",971.4,540.947,544.1850000000001,inf,546.8629999999999,546.8629999999999
549,TT1,BESTEFFORT,MISSED,gpu-1,540.807,"{'cpu-1': 1.275, 'gpu-1': 1.217}",216.599999999994,544.1850000000001,inf,544.907,544.907,544.907
550,TT2,BESTEFFORT,COMPLETED,gpu-1,541.435,"{'cpu-1': 3.188, 'gpu-1': 1.046}",313.8,544.907,545.9530000000001,inf,547.8349999999999,547.8349999999999
551,TT2,BESTEFFORT,COMPLETED,gpu-1,542.586,"{'cpu-1': 3.0, 'gpu-1': 0.657}",197.10000000000002,545.9530000000001,546.6100000000001,inf,548.986,548.986
552,TT2,BESTEFFORT,COMPLETED,gpu-1,544.858,"{'cpu-1': 4.179, 'gpu-1': 0.689}",206.7,546.6100000000001,547.2990000000001,inf,551.2579999999999,551.2579999999999
553,TT2,BESTEFFORT,COMPLETED,gpu-1,545.225,"{'cpu-1': 7.178, 'gpu-1': 1.512}",453.6,547.2990000000001,548.811,inf,551.625,551.625
554,TT2,BESTEFFORT,COMPLETED,cpu-1,545.51,"{'cpu-1': 6.145, 'gpu-1': 1.162}",737.4,545.51,551.655,inf,551.91,551.91
555,TT1,BESTEFFORT,COMPLETED,gpu-1,552.989,"{'cpu-1': 1.935, 'gpu-1': 0.617}",185.1,552.989,553.606,inf,557.089,557.089
556,TT1,BESTEFFORT,COMPLETED,gpu-1,553.368,"{'cpu-1': 1.961, 'gpu-1': 1.239}",371.70000000000005,553.606,554.845,inf,557.4680000000001,557.4680000000001
557,TT1,BESTEFFORT,COMPLETED,gpu-1,555.641,"{'cpu-1': 1.407, 'gpu-1': 0.727}",218.1,555.641,556.3679999999999,inf,559.741,559.741
558,TT1,BESTEFFORT,COMPLETED,gpu-1,557.921,"{'cpu-1': 1.225, 'gpu-1': 0.948}",284.4,557.921,558.869,inf,562.0210000000001,562.0210000000001
559,TT2,BESTEFFORT,COMPLETED,gpu-1,558.615,"{'cpu-1': 3.851, 'gpu-1': 1.37}",411.00000000000006,558.869,560.239,inf,565.015,565.015
560,TT2,BESTEFFORT,COMPLETED,gpu-1,560.061,"{'cpu-1': 7.156, 'gpu-1': 1.695}",508.5,560.239,561.9340000000001,inf,566.461,566.461
561,TT1,BESTEFFORT,COMPLETED,cpu-1,560.951,"{'cpu-1': 1.424, 'gpu-1': 0.82}",170.88,560.951,562.375,inf,565.051,565.051
562,TT2,BESTEFFORT,COMPLETED,gpu-1,561.019,"{'cpu-1': 3.622, 'gpu-1': 0.844}",253.2,561.9340000000001,562.7780000000001,inf,567.419,567.419
563,TT2,BESTEFFORT,COMPLETED,gpu-1,562.664,"{'cpu-1': 1.939, 'gpu-1': 1.783}",534.9,562.7780000000001,564.5610000000001,inf,569.064,569.064
564,TT2,BESTEFFORT,COMPLETED,gpu-1,566.189,"{'cpu-1': 5.685, 'gpu-1': 0.697}",209.1,566.189,566.886,inf,572.5889999999999,572.5889999999999
565,TT2,BESTEFFORT,COMPLETED,gpu-1,569.881,"{'cpu-1': 13.827, 'gpu-1': 1.429}",428.7,569.881,571.31,inf,576.281,576.281
566,TT2,BESTEFFORT,COMPLETED,cpu-1,569.886,"{'cpu-1': 3.821, 'gpu-1': 2.27}",458.52000000000004,569.886,573.707,inf,576.286,576.286
567,TT2,BESTEFFORT,COMPLETED,gpu-1,569.914,"{'cpu-1': 2.478, 'gpu-1': 1.428}",428.4,571.31,572.7379999999999,inf,576.314,576.314
568,TT2,BESTEFFORT,COMPLETED,gpu-1,571.277,"{'cpu-1': 2.241, 'gpu-1': 1.989}",596.7,572.7379999999999,574.727,inf,577.677,577.677
569,TT1,BESTEFFORT,COMPLETED,gpu-1,573.355,"{'cpu-1': 1.27, 'gpu-1': 1.123}",336.9,574.727,575.85,inf,577.455,577.455
570,TT2,BESTEFFORT,COMPLETED,gpu-1,573.388,"{'cpu-1': 8.766, 'gpu-1': 1.103}",330.9,575.85,576.953,inf,579.788,579.788
571,TT2,BESTEFFORT,COMPLETED,gpu-1,576.098,"{'cpu-1': 6.63, 'gpu-1': 0.47}",141.0,576.953,577.423,inf,582.4979999999999,582.4979999999999
572,TT1,BESTEFFORT,COMPLETED,cpu-1,576.613,"{'cpu-1': 2.305, 'gpu-1': 0.88}",276.6,576.613,578.918,inf,580.7130000000001,580.7130000000001
573,TT1,BESTEFFORT,COMPLETED,cpu-1,580.019,"{'cpu-1': 1.486, 'gpu-1': 1.095}",178.32,580.019,581.505,inf,584.119,584.119
574,TT1,BESTEFFORT,COMPLETED,gpu-1,581.256,"{'cpu-1': 1.058, 'gpu-1': 0.868}",260.4,581.256,582.124,inf,585.356,585.356
575,TT2,BESTEFFORT,COMPLETED,gpu-1,581.589,"{'cpu-1': 3.923, 'gpu-1': 3.544}",1063.2,582.124,585.668,inf,587.989,587.989
576,TT2,BESTEFFORT,COMPLETED,cpu-1,582.776,"{'cpu-1': 3.435, 'gpu-1': 2.822}",412.2,582.776,586.2109999999999,inf,589.1759999999999,589.1759999999999
577,TT1,BESTEFFORT,COMPLETED,gpu-1,582.925,"{'cpu-1': 0.996, 'gpu-1': 1.232}",369.6,585.668,586.9,inf,587.025,587.025
578,TT1,BESTEFFORT,MISSED,gpu-1,582.97,"{'cpu-1': 1.294, 'gpu-1': 1.178}",51.00000000002183,586.9,inf,587.07,587.07,587.07
579,TT1,BESTEFFORT,COMPLETED,cpu-1,585.547,"{'cpu-1': 1.252, 'gpu-1': 0.883}",150.24,586.2109999999999,587.4629999999999,inf,589.647,589.647
580,TT2,BESTEFFORT,COMPLETED,gpu-1,587.853,"{'cpu-1': 4.422, 'gpu-1': 0.996}",298.8,587.853,588.8489999999999,inf,594.2529999999999,594.2529999999999
581,TT1,BESTEFFORT,COMPLETED,cpu-1,588.406,"{'cpu-1': 1.501, 'gpu-1': 0.676}",180.11999999999998,588.406,589.9069999999999,inf,592.506,592.506
582,TT1,BESTEFFORT,COMPLETED,gpu-1,591.339,"{'cpu-1': 1.206, 'gpu-1': 0.652}",195.6,591.339,591.9910000000001,inf,595.4390000000001,595.4390000000001
583,TT2,BESTEFFORT,COMPLETED,gpu-1,592.575,"{'cpu-1': 3.105, 'gpu-1': 1.787}",536.1,592.575,594.3620000000001,inf,598.975,598.975
584,TT1,BESTEFFORT,COMPLETED,cpu-1,592.693,"{'cpu-1': 1.415, 'gpu-1': 1.074}",169.8,592.693,594.108,inf,596.793,596.793
585,TT2,BESTEFFORT,COMPLETED,gpu-1,592.937,"{'cpu-1': 9.058, 'gpu-1': 1.924}",577.1999999999999,594.3620000000001,596.2860000000001,inf,599.337,599.337
586,TT1,BESTEFFORT,COMPLETED,cpu-1,592.988,"{'cpu-1': 1.343, 'gpu-1': 0.88}",161.16,594.108,595.4509999999999,inf,597.0880000000001,597.0880000000001
587,TT1,BESTEFFORT,COMPLETED,cpu-1,593.546,"{'cpu-1': 1.82, 'gpu-1': 1.08}",218.4,595.4509999999999,597.271,inf,597.6460000000001,597.6460000000001
588,TT2,BESTEFFORT,COMPLETED,gpu-1,593.799,"{'cpu-1': 2.878, 'gpu-1': 1.637}",491.1,596.2860000000001,597.923,inf,600.199,600.199
589,TT2,BESTEFFORT,COMPLETED,gpu-1,594.813,"{'cpu-1': 6.492, 'gpu-1': 1.389}",416.7,597.923,599.312,inf,601.213,601.213
590,TT2,BESTEFFORT,COMPLETED,cpu-1,595.071,"{'cpu-1': 3.21, 'gpu-1': 1.618}",385.2,597.271,600.481,inf,601.471,601.471
591,TT2,BESTEFFORT,COMPLETED,gpu-1,595.123,"{'cpu-1': 13.021, 'gpu-1': 1.709}",512.7,599.312,601.021,inf,601.523,601.523
592,TT2,BESTEFFORT,MISSED,cpu-1,596.136,"{'cpu-1': 4.612, 'gpu-1': 3.579}",246.599999999994,600.481,inf,602.536,602.536,602.536
593,TT1,BESTEFFORT,MISSED,gpu-1,596.31,"{'cpu-1': 2.162, 'gpu-1': 1.115}",0.0,601.021,inf,601.021,600.41,600.41
594,TT1,BESTEFFORT,MISSED,cpu-1,596.849,"{'cpu-1': 1.281, 'gpu-1': 0.884}",0.0,602.536,inf,602.536,600.9490000000001,600.9490000000001
595,TT2,BESTEFFORT,MISSED,cpu-1,597.62,"{'cpu-1': 2.46, 'gpu-1': 1.961}",178.08000000000447,602.536,inf,604.02,604.02,604.02
596,TT2,BESTEFFORT,COMPLETED,gpu-1,599.488,"{'cpu-1': 3.781, 'gpu-1': 2.119}",635.7,601.021,603.14,inf,605.888,605.888
597,TT2,BESTEFFORT,COMPLETED,gpu-1,600.225,"{'cpu-1': 4.548, 'gpu-1': 2.229}",668.7,603.14,605.369,inf,606.625,606.625
598,TT1,BESTEFFORT,MISSED,gpu-1,602.119,"{'cpu-1': 2.361, 'gpu-1': 0.887}",255.00000000000682,605.369,inf,606.219,606.219,606.219
599,TT2,BESTEFFORT,MISSED,cpu-1,605.935,"{'cpu-1': 11.326, 'gpu-1': 0.627}",767.9999999999973,605.935,inf,612.3349999999999,612.3349999999999,612.3349999999999
600,TT2,BESTEFFORT,COMPLETED,gpu-1,605.994,"{'cpu-1': 6.134, 'gpu-1': 1.319}",395.7,606.219,607.538,inf,612.394,612.394
601,TT2,BESTEFFORT,COMPLETED,gpu-1,608.486,"{'cpu-1': 3.155, 'gpu-1': 3.579}",1073.7,608.486,612.0649999999999,inf,614.886,614.886
602,TT2,BESTEFFORT,COMPLETED,gpu-1,608.775,"{'cpu-1': 4.76, 'gpu-1': 0.669}",200.70000000000002,612.0649999999999,612.7339999999999,inf,615.175,615.175
603,TT2,BESTEFFORT,MISSED,cpu-1,609.663,"{'cpu-1': 6.126, 'gpu-1': 0.846}",447.36000000000786,612.3349999999999,inf,616.063,616.063,616.063
604,TT1,BESTEFFORT,COMPLETED,gpu-1,610.068,"{'cpu-1': 1.262, 'gpu-1': 0.89}",267.0,612.7339999999999,613.6239999999999,inf,614.168,614.168
605,TT2,BESTEFFORT,COMPLETED,gpu-1,610.355,"{'cpu-1': 2.457, 'gpu-1': 1.662}",498.59999999999997,613.6239999999999,615.286,inf,616.755,616.755
606,TT2,BESTEFFORT,COMPLETED,gpu-1,612.134,"{'cpu-1': 5.585, 'gpu-1': 0.836}",250.79999999999998,615.286,616.122,inf,618.534,618.534
607,TT1,BESTEFFORT,COMPLETED,cpu-1,613.49,"{'cpu-1': 1.201, 'gpu-1': 0.964}",144.12,616.063,617.264,inf,617.59,617.59
608,TT2,BESTEFFORT,COMPLETED,gpu-1,613.538,"{'cpu-1': 7.706, 'gpu-1': 1.092}",327.6,616.122,617.2139999999999,inf,619.938,619.938
609,TT1,BESTEFFORT,MISSED,cpu-1,613.786,"{'cpu-1': 1.038, 'gpu-1': 1.266}",74.63999999999487,617.264,inf,617.886,617.886,617.886
610,TT1,BESTEFFORT,MISSED,cpu-1,614.352,"{'cpu-1': 2.106, 'gpu-1': 0.914}",67.92000000000371,617.886,inf,618.452,618.452,618.452
611,TT1,BESTEFFORT,COMPLETED,gpu-1,614.606,"{'cpu-1': 0.983, 'gpu-1': 1.476}",442.8,617.2139999999999,618.6899999999999,inf,618.706,618.706
612,TT2,BESTEFFORT,COMPLETED,gpu-1,616.326,"{'cpu-1': 1.812, 'gpu-1': 2.139}",641.6999999999999,618.6899999999999,620.829,inf,622.726,622.726
613,TT1,BESTEFFORT,COMPLETED,cpu-1,617.808,"{'cpu-1': 2.019, 'gpu-1': 0.612}",242.28000000000003,618.452,620.471,inf,621.908,621.908
614,TT2,BESTEFFORT,COMPLETED,gpu-1,618.842,"{'cpu-1': 11.132, 'gpu-1': 0.528}",158.4,620.829,621.357,inf,625.242,625.242
615,TT2,BESTEFFORT,MISSED,cpu-1,619.534,"{'cpu-1': 6.16, 'gpu-1': 2.632}",655.5599999999959,620.471,inf,625.934,625.934,625.934
616,TT2,BESTEFFORT,COMPLETED,gpu-1,619.853,"{'cpu-1': 3.357, 'gpu-1': 0.699}",209.7,621.357,622.0559999999999,inf,626.2529999999999,626.2529999999999
617,TT1,BESTEFFORT,COMPLETED,gpu-1,621.736,"{'cpu-1': 1.41, 'gpu-1': 1.254}",376.2,622.0559999999999,623.31,inf,625.836,625.836
618,TT2,BESTEFFORT,COMPLETED,gpu-1,621.815,"{'cpu-1': 4.516, 'gpu-1': 1.37}",411.00000000000006,623.31,624.68,inf,628.215,628.215
619,TT2,BESTEFFORT,COMPLETED,gpu-1,622.845,"{'cpu-1': 10.576, 'gpu-1': 2.286}",685.8,624.68,626.9659999999999,inf,629.245,629.245
620,TT1,BESTEFFORT,COMPLETED,cpu-1,623.326,"{'cpu-1': 0.94, 'gpu-1': 1.439}",112.8,625.934,626.874,inf,627.426,627.426
621,TT2,BESTEFFORT,COMPLETED,gpu-1,623.975,"{'cpu-1': 2.923, 'gpu-1': 1.485}",445.50000000000006,626.9659999999999,628.4509999999999,inf,630.375,630.375
622,TT2,BESTEFFORT,COMPLETED,gpu-1,628.079,"{'cpu-1': 2.632, 'gpu-1': 1.336}",400.8,628.4509999999999,629.7869999999999,inf,634.4789999999999,634.4789999999999
623,TT2,BESTEFFORT,COMPLETED,gpu-1,629.579,"{'cpu-1': 6.844, 'gpu-1': 0.636}",190.8,629.7869999999999,630.4229999999999,inf,635.9789999999999,635.9789999999999
624,TT1,BESTEFFORT,COMPLETED,cpu-1,629.581,"{'cpu-1': 0.956, 'gpu-1': 0.857}",114.72,629.581,630.537,inf,633.681,633.681
625,TT1,BESTEFFORT,COMPLETED,gpu-1,631.615,"{'cpu-1': 1.097, 'gpu-1': 1.44}",432.0,631.615,633.0550000000001,inf,635.715,635.715
626,TT1,BESTEFFORT,COMPLETED,cpu-1,631.665,"{'cpu-1': 2.097, 'gpu-1': 1.119}",251.64,631.665,633.762,inf,635.765,635.765
627,TT1,BESTEFFORT,COMPLETED,gpu-1,631.741,"{'cpu-1': 2.036, 'gpu-1': 0.797}",239.10000000000002,633.0550000000001,633.8520000000001,inf,635.841,635.841
628,TT2,BESTEFFORT,COMPLETED,gpu-1,632.187,"{'cpu-1': 2.738, 'gpu-1': 1.428}",428.4,633.8520000000001,635.2800000000001,inf,638.587,638.587
629,TT1,BESTEFFORT,COMPLETED,cpu-1,632.366,"{'cpu-1': 1.926, 'gpu-1': 0.924}",231.12,633.762,635.688,inf,636.466,636.466
630,TT1,BESTEFFORT,COMPLETED,cpu-1,633.004,"{'cpu-1': 1.195, 'gpu-1': 1.245}",143.4,635.688,636.883,inf,637.104,637.104
631,TT2,BESTEFFORT,COMPLETED,gpu-1,634.462,"{'cpu-1': 10.021, 'gpu-1': 1.22}",366.0,635.2800000000001,636.5000000000001,inf,640.862,640.862
632,TT2,BESTEFFORT,COMPLETED,gpu-1,634.739,"{'cpu-1': 7.156, 'gpu-1': 1.415}",424.5,636.5000000000001,637.9150000000001,inf,641.139,641.139
633,TT2,BESTEFFORT,COMPLETED,cpu-1,635.049,"{'cpu-1': 2.634, 'gpu-1': 1.659}",316.08,636.883,639.517,inf,641.449,641.449
634,TT1,BESTEFFORT,COMPLETED,gpu-1,636.379,"{'cpu-1': 2.155, 'gpu-1': 0.873}",261.9,637.9150000000001,638.7880000000001,inf,640.479,640.479
635,TT1,BESTEFFORT,COMPLETED,gpu-1,636.83,"{'cpu-1': 1.327, 'gpu-1': 1.257}",377.09999999999997,638.7880000000001,640.0450000000001,inf,640.9300000000001,640.9300000000001
636,TT1,BESTEFFORT,COMPLETED,cpu-1,637.151,"{'cpu-1': 1.321, 'gpu-1': 1.027}",158.51999999999998,639.517,640.8380000000001,inf,641.251,641.251
637,TT2,BESTEFFORT,COMPLETED,gpu-1,637.779,"{'cpu-1': 13.016, 'gpu-1': 1.089}",326.7,640.0450000000001,641.1340000000001,inf,644.179,644.179
638,TT1,BESTEFFORT,MISSED,cpu-1,637.886,"{'cpu-1': 1.241, 'gpu-1': 1.187}",137.7599999999893,640.8380000000001,inf,641.986,641.986,641.986
639,TT2,BESTEFFORT,COMPLETED,gpu-1,638.374,"{'cpu-1': 10.607, 'gpu-1': 0.929}",278.7,641.1340000000001,642.0630000000001,inf,644.774,644.774
640,TT2,BESTEFFORT,COMPLETED,gpu-1,639.793,"{'cpu-1': 7.338, 'gpu-1': 1.641}",492.3,642.0630000000001,643.7040000000001,inf,646.193,646.193
641,TT1,BESTEFFORT,COMPLETED,cpu-1,640.282,"{'cpu-1': 1.062, 'gpu-1': 1.332}",127.44000000000001,641.986,643.048,inf,644.3820000000001,644.3820000000001
642,TT1,BESTEFFORT,COMPLETED,cpu-1,641.778,"{'cpu-1': 1.211, 'gpu-1': 0.863}",145.32000000000002,643.048,644.259,inf,645.878,645.878
643,TT1,BESTEFFORT,COMPLETED,gpu-1,642.861,"{'cpu-1': 1.82, 'gpu-1': 1.242}",372.6,643.7040000000001,644.946,inf,646.961,646.961
644,TT2,BESTEFFORT,COMPLETED,gpu-1,643.126,"{'cpu-1': 13.219, 'gpu-1': 0.733}",219.9,644.946,645.679,inf,649.526,649.526
645,TT1,BESTEFFORT,COMPLETED,cpu-1,643.886,"{'cpu-1': 1.455, 'gpu-1': 1.182}",174.60000000000002,644.259,645.714,inf,647.986,647.986
646,TT1,BESTEFFORT,COMPLETED,cpu-1,645.126,"{'cpu-1': 1.253, 'gpu-1': 0.942}",150.35999999999999,645.714,646.9670000000001,inf,649.226,649.226
647,TT2,BESTEFFORT,COMPLETED,gpu-1,645.456,"{'cpu-1': 2.878, 'gpu-1': 2.579}",773.7,645.679,648.2579999999999,inf,651.856,651.856
648,TT2,BESTEFFORT,COMPLETED,gpu-1,645.842,"{'cpu-1': 11.284, 'gpu-1': 1.953}",585.9,648.2579999999999,650.2109999999999,inf,652.242,652.242
649,TT1,BESTEFFORT,COMPLETED,cpu-1,646.287,"{'cpu-1': 1.213, 'gpu-1': 0.63}",145.56,646.9670000000001,648.1800000000001,inf,650.3870000000001,650.3870000000001
650,TT1,BESTEFFORT,MISSED,gpu-1,646.291,"{'cpu-1': 1.55, 'gpu-1': 0.946}",54.000000000053205,650.2109999999999,inf,650.3910000000001,650.3910000000001,650.3910000000001
651,TT1,BESTEFFORT,MISSED,gpu-1,646.685,"{'cpu-1': 1.227, 'gpu-1': 0.764}",118.19999999996753,650.3910000000001,inf,650.785,650.785,650.785
652,TT1,BESTEFFORT,COMPLETED,cpu-1,648.262,"{'cpu-1': 2.436, 'gpu-1': 0.968}",292.32,648.262,650.698,inf,652.362,652.362
653,TT2,BESTEFFORT,COMPLETED,cpu-1,648.604,"{'cpu-1': 4.166, 'gpu-1': 2.954}",499.9200000000001,650.698,654.864,inf,655.004,655.004
654,TT1,BESTEFFORT,COMPLETED,gpu-1,650.575,"{'cpu-1': 1.293, 'gpu-1': 1.044}",313.2,650.785,651.829,inf,654.6750000000001,654.6750000000001
655,TT1,BESTEFFORT,COMPLETED,gpu-1,651.109,"{'cpu-1': 1.314, 'gpu-1': 1.248}",374.4,651.829,653.077,inf,655.2090000000001,655.2090000000001
656,TT2,BESTEFFORT,COMPLETED,gpu-1,651.266,"{'cpu-1': 5.1, 'gpu-1': 1.135}",340.5,653.077,654.212,inf,657.6659999999999,657.6659999999999
657,TT2,BESTEFFORT,COMPLETED,gpu-1,651.388,"{'cpu-1': 5.572, 'gpu-1': 1.853}",555.9,654.212,656.0649999999999,inf,657.788,657.788
658,TT1,BESTEFFORT,COMPLETED,cpu-1,655.483,"{'cpu-1': 1.433, 'gpu-1': 0.735}",171.96,655.483,656.9159999999999,inf,659.583,659.583
659,TT1,BESTEFFORT,COMPLETED,cpu-1,656.026,"{'cpu-1': 1.213, 'gpu-1': 0.653}",145.56,656.9159999999999,658.1289999999999,inf,660.126,660.126
660,TT2,BESTEFFORT,COMPLETED,gpu-1,656.776,"{'cpu-1': 9.897, 'gpu-1': 0.541}",162.3,656.776,657.317,inf,663.1759999999999,663.1759999999999
661,TT1,BESTEFFORT,COMPLETED,gpu-1,657.822,"{'cpu-1': 1.001, 'gpu-1': 0.947}",284.09999999999997,657.822,658.769,inf,661.922,661.922
662,TT1,BESTEFFORT,COMPLETED,cpu-1,657.871,"{'cpu-1': 1.088, 'gpu-1': 1.119}",130.56,658.1289999999999,659.2169999999999,inf,661.971,661.971
663,TT2,BESTEFFORT,COMPLETED,gpu-1,658.223,"{'cpu-1': 3.273, 'gpu-1': 1.553}",465.9,658.769,660.322,inf,664.6229999999999,664.6229999999999
664,TT1,BESTEFFORT,COMPLETED,gpu-1,662.239,"{'cpu-1': 2.023, 'gpu-1': 1.597}",479.09999999999997,662.239,663.836,inf,666.339,666.339
665,TT1,BESTEFFORT,COMPLETED,cpu-1,662.835,"{'cpu-1': 2.436, 'gpu-1': 0.902}",292.32,662.835,665.2710000000001,inf,666.9350000000001,666.9350000000001
666,TT2,BESTEFFORT,MISSED,cpu-1,664.907,"{'cpu-1': 9.829, 'gpu-1': 1.642}",724.3199999999933,665.2710000000001,inf,671.307,671.307,671.307
667,TT1,BESTEFFORT,COMPLETED,gpu-1,665.414,"{'cpu-1': 1.475, 'gpu-1': 0.836}",250.79999999999998,665.414,666.25,inf,669.514,669.514
668,TT2,BESTEFFORT,COMPLETED,gpu-1,665.429,"{'cpu-1': 4.107, 'gpu-1': 1.976}",592.8,666.25,668.226,inf,671.829,671.829
669,TT2,BESTEFFORT,COMPLETED,gpu-1,665.832,"{'cpu-1': 12.036, 'gpu-1': 1.085}",325.5,668.226,669.311,inf,672.232,672.232
670,TT1,BESTEFFORT,MISSED,cpu-1,666.481,"{'cpu-1': 1.765, 'gpu-1': 0.946}",0.0,671.307,inf,671.307,670.581,670.581
671,TT1,BESTEFFORT,COMPLETED,gpu-1,666.858,"{'cpu-1': 2.046, 'gpu-1': 1.146}",343.79999999999995,669.311,670.457,inf,670.958,670.958
672,TT2,BESTEFFORT,COMPLETED,gpu-1,666.935,"{'cpu-1': 3.046, 'gpu-1': 1.401}",420.3,670.457,671.858,inf,673.3349999999999,673.3349999999999
673,TT2,BESTEFFORT,COMPLETED,gpu-1,669.324,"{'cpu-1': 6.488, 'gpu-1': 1.438}",431.4,671.858,673.2959999999999,inf,675.7239999999999,675.7239999999999
674,TT2,BESTEFFORT,COMPLETED,gpu-1,672.3,"{'cpu-1': 3.645, 'gpu-1': 0.674}",202.20000000000002,673.2959999999999,673.9699999999999,inf,678.6999999999999,678.6999999999999
675,TT2,BESTEFFORT,COMPLETED,gpu-1,672.612,"{'cpu-1': 7.59, 'gpu-1': 2.822}",846.6,673.9699999999999,676.7919999999999,inf,679.012,679.012
676,TT2,BESTEFFORT,MISSED,cpu-1,673.823,"{'cpu-1': 7.588, 'gpu-1': 2.992}",767.9999999999973,673.823,inf,680.223,680.223,680.223
677,TT2,BESTEFFORT,COMPLETED,gpu-1,674.02,"{'cpu-1': 1.81, 'gpu-1': 1.721}",516.3000000000001,676.7919999999999,678.5129999999999,inf,680.42,680.42
678,TT2,BESTEFFORT,COMPLETED,gpu-1,674.766,"{'cpu-1': 9.058, 'gpu-1': 1.682}",504.59999999999997,678.5129999999999,680.1949999999999,inf,681.1659999999999,681.1659999999999
679,TT2,BESTEFFORT,MISSED,gpu-1,674.856,"{'cpu-1': 6.779, 'gpu-1': 1.295}",318.30000000001064,680.1949999999999,inf,681.256,681.256,681.256
680,TT2,BESTEFFORT,MISSED,cpu-1,675.881,"{'cpu-1': 4.115, 'gpu-1': 0.699}",246.95999999999913,680.223,inf,682.281,682.281,682.281
681,TT1,BESTEFFORT,COMPLETED,gpu-1,682.607,"{'cpu-1': 1.934, 'gpu-1': 0.79}",237.0,682.607,683.3969999999999,inf,686.707,686.707
682,TT2,BESTEFFORT,COMPLETED,gpu-1,685.46,"{'cpu-1': 1.594, 'gpu-1': 0.835}",250.5,685.46,686.2950000000001,inf,691.86,691.86
683,TT1,BESTEFFORT,COMPLETED,cpu-1,685.652,"{'cpu-1': 1.242, 'gpu-1': 0.898}",149.04,685.652,686.894,inf,689.7520000000001,689.7520000000001
684,TT2,BESTEFFORT,COMPLETED,gpu-1,685.654,"{'cpu-1': 2.794, 'gpu-1': 0.533}",159.9,686.2950000000001,686.8280000000001,inf,692.054,692.054
685,TT1,BESTEFFORT,COMPLETED,gpu-1,686.103,"{'cpu-1': 1.501, 'gpu-1': 0.86}",258.0,686.8280000000001,687.6880000000001,inf,690.203,690.203
686,TT2,BESTEFFORT,COMPLETED,gpu-1,686.215,"{'cpu-1': 6.41, 'gpu-1': 3.112}",933.6,687.6880000000001,690.8000000000001,inf,692.615,692.615
687,TT1,BESTEFFORT,COMPLETED,cpu-1,686.691,"{'cpu-1': 1.506, 'gpu-1': 0.818}",180.72,686.894,688.4,inf,690.791,690.791
688,TT1,BESTEFFORT,COMPLETED,cpu-1,687.931,"{'cpu-1': 1.803, 'gpu-1': 1.132}",216.35999999999999,688.4,690.203,inf,692.0310000000001,692.0310000000001
689,TT2,BESTEFFORT,COMPLETED,gpu-1,689.63,"{'cpu-1': 5.69, 'gpu-1': 2.139}",641.6999999999999,690.8000000000001,692.9390000000001,inf,696.03,696.03
690,TT1,BESTEFFORT,COMPLETED,cpu-1,692.175,"{'cpu-1': 2.158, 'gpu-1': 1.224}",258.96,692.175,694.333,inf,696.275,696.275
691,TT2,BESTEFFORT,COMPLETED,gpu-1,692.606,"{'cpu-1': 7.67, 'gpu-1': 1.791}",537.3,692.9390000000001,694.7300000000001,inf,699.006,699.006
692,TT2,BESTEFFORT,COMPLETED,gpu-1,692.959,"{'cpu-1': 5.89, 'gpu-1': 0.814}",244.2,694.7300000000001,695.5440000000001,inf,699.3589999999999,699.3589999999999
693,TT2,BESTEFFORT,COMPLETED,gpu-1,693.087,"{'cpu-1': 9.144, 'gpu-1': 1.989}",596.7,695.5440000000001,697.5330000000001,inf,699.487,699.487
694,TT2,BESTEFFORT,COMPLETED,gpu-1,693.417,"{'cpu-1': 8.05, 'gpu-1': 1.087}",326.09999999999997,697.5330000000001,698.6200000000001,inf,699.817,699.817
695,TT2,BESTEFFORT,COMPLETED,cpu-1,694.0,"{'cpu-1': 3.038, 'gpu-1': 1.641}",364.56,694.333,697.371,inf,700.4,700.4
696,TT2,BESTEFFORT,COMPLETED,cpu-1,694.352,"{'cpu-1': 1.794, 'gpu-1': 2.603}",215.28,697.371,699.165,inf,700.752,700.752
697,TT1,BESTEFFORT,MISSED,cpu-1,694.667,"{'cpu-1': 1.292, 'gpu-1': 0.917}",0.0,699.165,inf,699.165,698.767,698.767
698,TT1,BESTEFFORT,COMPLETED,gpu-1,695.887,"{'cpu-1': 2.043, 'gpu-1': 1.118}",335.40000000000003,698.6200000000001,699.7380000000002,inf,699.987,699.987
699,TT2,BESTEFFORT,COMPLETED,gpu-1,696.005,"{'cpu-1': 2.43, 'gpu-1': 2.609}",782.7,699.7380000000002,702.3470000000002,inf,702.405,702.405
700,TT2,BESTEFFORT,MISSED,cpu-1,696.403,"{'cpu-1': 5.743, 'gpu-1': 1.717}",436.56000000000404,699.165,inf,702.803,702.803,702.803
701,TT1,BESTEFFORT,MISSED,cpu-1,696.793,"{'cpu-1': 1.224, 'gpu-1': 1.094}",0.0,702.803,inf,702.803,700.893,700.893
702,TT2,BESTEFFORT,COMPLETED,gpu-1,697.867,"{'cpu-1': 8.101, 'gpu-1': 0.661}",198.3,702.3470000000002,703.0080000000002,inf,704.2669999999999,704.2669999999999
703,TT2,BESTEFFORT,COMPLETED,gpu-1,698.479,"{'cpu-1': 2.271, 'gpu-1': 1.107}",332.1,703.0080000000002,704.1150000000001,inf,704.879,704.879
704,TT1,BESTEFFORT,MISSED,cpu-1,698.898,"{'cpu-1': 1.292, 'gpu-1': 0.79}",23.400000000006003,702.803,inf,702.998,702.998,702.998
705,TT1,BESTEFFORT,MISSED,cpu-1,699.3,"{'cpu-1': 0.999, 'gpu-1': 0.96}",48.239999999991596,702.998,inf,703.4,703.4,703.4
706,TT2,BESTEFFORT,COMPLETED,gpu-1,699.918,"{'cpu-1': 2.843, 'gpu-1': 1.692}",507.59999999999997,704.1150000000001,705.8070000000001,inf,706.318,706.318
707,TT2,BESTEFFORT,MISSED,cpu-1,700.244,"{'cpu-1': 3.752, 'gpu-1': 1.694}",267.23999999999705,704.417,inf,706.644,706.644,706.644
708,TT1,BESTEFFORT,MISSED,gpu-1,701.078,"{'cpu-1': 0.964, 'gpu-1': 0.613}",0.0,705.8070000000001,inf,705.8070000000001,705.178,705.178
709,TT1,BESTEFFORT,COMPLETED,cpu-1,702.024,"{'cpu-1': 1.017, 'gpu-1': 1.396}",122.03999999999999,703.4,704.417,inf,706.124,706.124
710,TT2,BESTEFFORT,COMPLETED,gpu-1,702.173,"{'cpu-1': 3.984, 'gpu-1': 1.706}",511.8,705.8070000000001,707.5130000000001,inf,708.573,708.573
711,TT1,BESTEFFORT,MISSED,cpu-1,702.88,"{'cpu-1': 1.327, 'gpu-1': 0.884}",40.32000000000153,706.644,inf,706.98,706.98,706.98
712,TT1,BESTEFFORT,MISSED,cpu-1,703.241,"{'cpu-1': 1.189, 'gpu-1': 0.666}",43.3199999999988,706.98,inf,707.341,707.341,707.341
713,TT2,BESTEFFORT,COMPLETED,gpu-1,704.033,"{'cpu-1': 3.855, 'gpu-1': 0.553}",165.9,707.5130000000001,708.0660000000001,inf,710.433,710.433
714,TT1,BESTEFFORT,COMPLETED,cpu-1,705.86,"{'cpu-1': 1.329, 'gpu-1': 0.893}",159.48,707.341,708.67,inf,709.96,709.96
715,TT2,BESTEFFORT,COMPLETED,gpu-1,706.738,"{'cpu-1': 12.529, 'gpu-1': 3.142}",942.6,708.0660000000001,711.2080000000002,inf,713.138,713.138
716,TT2,BESTEFFORT,COMPLETED,gpu-1,709.747,"{'cpu-1': 13.827, 'gpu-1': 0.533}",159.9,711.2080000000002,711.7410000000002,inf,716.1469999999999,716.1469999999999
717,TT1,BESTEFFORT,COMPLETED,gpu-1,711.896,"{'cpu-1': 1.779, 'gpu-1': 1.248}",374.4,711.896,713.144,inf,715.996,715.996
718,TT1,BESTEFFORT,COMPLETED,gpu-1,714.521,"{'cpu-1': 1.236, 'gpu-1': 0.993}",297.9,714.521,715.514,inf,718.621,718.621
719,TT2,BESTEFFORT,COMPLETED,gpu-1,715.011,"{'cpu-1': 2.923, 'gpu-1': 1.199}",359.70000000000005,715.514,716.713,inf,721.411,721.411
720,TT1,BESTEFFORT,COMPLETED,cpu-1,715.354,"{'cpu-1': 1.328, 'gpu-1': 0.836}",159.36,715.354,716.682,inf,719.4540000000001,719.4540000000001
721,TT2,BESTEFFORT,COMPLETED,gpu-1,716.182,"{'cpu-1': 8.408, 'gpu-1': 1.162}",348.59999999999997,716.713,717.875,inf,722.582,722.582
722,TT2,BESTEFFORT,COMPLETED,gpu-1,716.26,"{'cpu-1': 3.188, 'gpu-1': 0.946}",283.8,717.875,718.821,inf,722.66,722.66
723,TT2,BESTEFFORT,COMPLETED,gpu-1,717.623,"{'cpu-1': 3.381, 'gpu-1': 0.66}",198.0,718.821,719.481,inf,724.023,724.023
724,TT2,BESTEFFORT,COMPLETED,cpu-1,717.946,"{'cpu-1': 1.689, 'gpu-1': 2.017}",202.68,717.946,719.635,inf,724.346,724.346
725,TT2,BESTEFFORT,COMPLETED,gpu-1,722.269,"{'cpu-1': 12.216, 'gpu-1': 0.914}",274.2,722.269,723.183,inf,728.669,728.669
726,TT1,BESTEFFORT,COMPLETED,cpu-1,722.292,"{'cpu-1': 1.096, 'gpu-1': 0.884}",131.52,722.292,723.388,inf,726.392,726.392
727,TT1,BESTEFFORT,COMPLETED,gpu-1,723.574,"{'cpu-1': 1.351, 'gpu-1': 0.932}",279.6,723.574,724.506,inf,727.674,727.674
728,TT1,BESTEFFORT,COMPLETED,gpu-1,724.447,"{'cpu-1': 1.29, 'gpu-1': 1.086}",325.8,724.506,725.592,inf,728.547,728.547
729,TT1,BESTEFFORT,COMPLETED,gpu-1,729.822,"{'cpu-1': 1.277, 'gpu-1': 0.849}",254.7,729.822,730.671,inf,733.922,733.922
730,TT1,BESTEFFORT,COMPLETED,gpu-1,730.759,"{'cpu-1': 0.948, 'gpu-1': 1.213}",363.90000000000003,730.759,731.972,inf,734.859,734.859
731,TT2,BESTEFFORT,COMPLETED,gpu-1,730.766,"{'cpu-1': 4.429, 'gpu-1': 1.086}",325.8,731.972,733.058,inf,737.1659999999999,737.1659999999999
732,TT1,BESTEFFORT,COMPLETED,gpu-1,732.51,"{'cpu-1': 1.516, 'gpu-1': 0.617}",185.1,733.058,733.675,inf,736.61,736.61
733,TT1,BESTEFFORT,COMPLETED,cpu-1,733.044,"{'cpu-1': 2.164, 'gpu-1': 0.925}",259.68,733.044,735.208,inf,737.144,737.144
734,TT2,BESTEFFORT,COMPLETED,gpu-1,735.591,"{'cpu-1': 6.317, 'gpu-1': 1.502}",450.6,735.591,737.093,inf,741.991,741.991
735,TT1,BESTEFFORT,COMPLETED,gpu-1,735.966,"{'cpu-1': 1.336, 'gpu-1': 0.618}",185.4,737.093,737.711,inf,740.066,740.066
736,TT1,BESTEFFORT,COMPLETED,gpu-1,736.91,"{'cpu-1': 1.262, 'gpu-1': 0.932}",279.6,737.711,738.643,inf,741.01,741.01
737,TT2,BESTEFFORT,COMPLETED,gpu-1,737.226,"{'cpu-1': 9.692, 'gpu-1': 1.333}",399.9,738.643,739.976,inf,743.626,743.626
738,TT2,BESTEFFORT,COMPLETED,gpu-1,737.244,"{'cpu-1': 9.692, 'gpu-1': 2.006}",601.8,739.976,741.982,inf,743.644,743.644
739,TT2,BESTEFFORT,COMPLETED,gpu-1,738.094,"{'cpu-1': 3.194, 'gpu-1': 2.05}",615.0,741.982,744.0319999999999,inf,744.494,744.494
740,TT2,BESTEFFORT,MISSED,cpu-1,738.612,"{'cpu-1': 9.789, 'gpu-1': 2.379}",767.9999999999973,738.612,inf,745.012,745.012,745.012
741,TT2,BESTEFFORT,MISSED,cpu-1,741.591,"{'cpu-1': 5.184, 'gpu-1': 1.658}",357.480000000005,745.012,inf,747.991,747.991,747.991
742,TT1,BESTEFFORT,COMPLETED,gpu-1,744.002,"{'cpu-1': 1.327, 'gpu-1': 1.401}",420.3,744.0319999999999,745.4329999999999,inf,748.102,748.102
743,TT2,BESTEFFORT,MISSED,cpu-1,744.283,"{'cpu-1': 6.475, 'gpu-1': 0.759}",323.0400000000009,747.991,inf,750.683,750.683,750.683
744,TT1,BESTEFFORT,COMPLETED,gpu-1,744.372,"{'cpu-1': 1.25, 'gpu-1': 0.619}",185.7,745.4329999999999,746.0519999999999,inf,748.472,748.472
745,TT1,BESTEFFORT,COMPLETED,gpu-1,745.301,"{'cpu-1': 1.487, 'gpu-1': 1.26}",378.0,746.0519999999999,747.3119999999999,inf,749.4010000000001,749.4010000000001
746,TT1,BESTEFFORT,COMPLETED,gpu-1,748.437,"{'cpu-1': 1.426, 'gpu-1': 0.732}",219.6,748.437,749.169,inf,752.537,752.537
747,TT1,BESTEFFORT,COMPLETED,gpu-1,749.038,"{'cpu-1': 0.983, 'gpu-1': 0.939}",281.7,749.169,750.108,inf,753.138,753.138
748,TT1,BESTEFFORT,COMPLETED,gpu-1,749.338,"{'cpu-1': 1.019, 'gpu-1': 1.123}",336.9,750.108,751.231,inf,753.438,753.438
749,TT2,BESTEFFORT,COMPLETED,gpu-1,749.596,"{'cpu-1': 1.955, 'gpu-1': 2.507}",752.1,751.231,753.7379999999999,inf,755.996,755.996
750,TT2,BESTEFFORT,COMPLETED,gpu-1,749.597,"{'cpu-1': 3.169, 'gpu-1': 2.064}",619.2,753.7379999999999,755.8019999999999,inf,755.997,755.997
751,TT2,BESTEFFORT,MISSED,cpu-1,749.764,"{'cpu-1': 6.488, 'gpu-1': 2.366}",657.7199999999993,750.683,inf,756.164,756.164,756.164
752,TT1,BESTEFFORT,MISSED,gpu-1,752.554,"{'cpu-1': 1.228, 'gpu-1': 0.982}",255.60000000002674,755.8019999999999,inf,756.654,756.654,756.654
753,TT1,BESTEFFORT,MISSED,gpu-1,753.499,"{'cpu-1': 1.444, 'gpu-1': 1.228}",283.500000000015,756.654,inf,757.599,757.599,757.599
754,TT1,BESTEFFORT,MISSED,cpu-1,753.685,"{'cpu-1': 1.816, 'gpu-1': 0.784}",194.5199999999977,756.164,inf,757.785,757.785,757.785
755,TT2,BESTEFFORT,COMPLETED,gpu-1,755.551,"{'cpu-1': 3.969, 'gpu-1': 1.564}",469.20000000000005,757.599,759.163,inf,761.951,761.951
756,TT1,BESTEFFORT,COMPLETED,gpu-1,758.186,"{'cpu-1': 1.997, 'gpu-1': 0.986}",295.8,759.163,760.149,inf,762.2860000000001,762.2860000000001
757,TT2,BESTEFFORT,COMPLETED,gpu-1,759.474,"{'cpu-1': 5.279, 'gpu-1': 1.212}",363.59999999999997,760.149,761.361,inf,765.874,765.874
758,TT2,BESTEFFORT,COMPLETED,gpu-1,760.308,"{'cpu-1': 4.113, 'gpu-1': 2.843}",852.9,761.361,764.204,inf,766.708,766.708
759,TT2,BESTEFFORT,COMPLETED,gpu-1,763.108,"{'cpu-1': 2.486, 'gpu-1': 1.209}",362.70000000000005,764.204,765.4129999999999,inf,769.5079999999999,769.5079999999999
760,TT1,BESTEFFORT,COMPLETED,gpu-1,764.125,"{'cpu-1': 1.328, 'gpu-1': 1.074}",322.20000000000005,765.4129999999999,766.4869999999999,inf,768.225,768.225
761,TT2,BESTEFFORT,MISSED,cpu-1,764.16,"{'cpu-1': 8.387, 'gpu-1': 1.776}",767.9999999999973,764.16,inf,770.56,770.56,770.56
762,TT2,BESTEFFORT,COMPLETED,gpu-1,764.213,"{'cpu-1': 6.126, 'gpu-1': 1.275}",382.5,766.4869999999999,767.7619999999998,inf,770.6129999999999,770.6129999999999
763,TT2,BESTEFFORT,MISSED,cpu-1,764.499,"{'cpu-1': 7.24, 'gpu-1': 1.721}",40.68000000000666,770.56,inf,770.899,770.899,770.899
764,TT1,BESTEFFORT,COMPLETED,gpu-1,768.667,"{'cpu-1': 1.323, 'gpu-1': 1.213}",363.90000000000003,768.667,769.88,inf,772.767,772.767
765,TT2,BESTEFFORT,COMPLETED,gpu-1,770.512,"{'cpu-1': 4.634, 'gpu-1': 0.855}",256.5,770.512,771.367,inf,776.9119999999999,776.9119999999999
766,TT1,BESTEFFORT,COMPLETED,cpu-1,770.649,"{'cpu-1': 1.772, 'gpu-1': 0.937}",212.64000000000001,770.899,772.671,inf,774.749,774.749
767,TT1,BESTEFFORT,COMPLETED,gpu-1,773.373,"{'cpu-1': 0.966, 'gpu-1': 1.261}",378.29999999999995,773.373,774.634,inf,777.4730000000001,777.4730000000001
768,TT1,BESTEFFORT,COMPLETED,cpu-1,774.96,"{'cpu-1': 2.162, 'gpu-1': 1.228}",259.44,774.96,777.1220000000001,inf,779.0600000000001,779.0600000000001
769,TT1,BESTEFFORT,COMPLETED,gpu-1,775.821,"{'cpu-1': 1.417, 'gpu-1': 1.143}",342.9,775.821,776.964,inf,779.921,779.921
770,TT1,BESTEFFORT,COMPLETED,gpu-1,776.5,"{'cpu-1': 2.146, 'gpu-1': 0.614}",184.2,776.964,777.5780000000001,inf,780.6,780.6
771,TT1,BESTEFFORT,COMPLETED,cpu-1,776.881,"{'cpu-1': 2.158, 'gpu-1': 0.789}",258.96,777.1220000000001,779.2800000000001,inf,780.981,780.981
772,TT2,BESTEFFORT,COMPLETED,gpu-1,777.574,"{'cpu-1': 4.961, 'gpu-1': 1.189}",356.70000000000005,777.5780000000001,778.767,inf,783.9739999999999,783.9739999999999
773,TT1,BESTEFFORT,COMPLETED,gpu-1,778.63,"{'cpu-1': 1.423, 'gpu-1': 0.866}",259.8,778.767,779.633,inf,782.73,782.73
774,TT2,BESTEFFORT,COMPLETED,gpu-1,780.419,"{'cpu-1': 3.134, 'gpu-1': 0.805}",241.50000000000003,780.419,781.2239999999999,inf,786.819,786.819
775,TT2,BESTEFFORT,COMPLETED,gpu-1,781.509,"{'cpu-1': 2.584, 'gpu-1': 0.959}",287.7,781.509,782.468,inf,787.909,787.909
776,TT1,BESTEFFORT,COMPLETED,cpu-1,781.887,"{'cpu-1': 1.582, 'gpu-1': 0.884}",189.84,781.887,783.4689999999999,inf,785.987,785.987
777,TT2,BESTEFFORT,COMPLETED,gpu-1,783.576,"{'cpu-1': 6.047, 'gpu-1': 1.485}",445.50000000000006,783.576,785.061,inf,789.976,789.976
778,TT2,BESTEFFORT,COMPLETED,gpu-1,785.614,"{'cpu-1': 2.395, 'gpu-1': 1.648}",494.4,785.614,787.2620000000001,inf,792.014,792.014
779,TT1,BESTEFFORT,COMPLETED,gpu-1,789.127,"{'cpu-1': 1.213, 'gpu-1': 1.228}",368.4,789.127,790.3549999999999,inf,793.227,793.227
780,TT1,BESTEFFORT,COMPLETED,gpu-1,790.017,"{'cpu-1': 1.328, 'gpu-1': 1.618}",485.40000000000003,790.3549999999999,791.973,inf,794.1170000000001,794.1170000000001
781,TT2,BESTEFFORT,MISSED,cpu-1,790.831,"{'cpu-1': 13.9, 'gpu-1': 0.982}",767.9999999999973,790.831,inf,797.231,797.231,797.231
782,TT2,BESTEFFORT,COMPLETED,gpu-1,791.173,"{'cpu-1': 4.516, 'gpu-1': 1.1}",330.0,791.973,793.073,inf,797.573,797.573
783,TT1,BESTEFFORT,MISSED,cpu-1,792.831,"{'cpu-1': 1.381, 'gpu-1': 1.227}",0.0,797.231,inf,797.231,796.931,796.931
784,TT1,BESTEFFORT,COMPLETED,gpu-1,793.998,"{'cpu-1': 1.408, 'gpu-1': 1.238}",371.4,793.998,795.2360000000001,inf,798.0980000000001,798.0980000000001
785,TT2,BESTEFFORT,COMPLETED,gpu-1,794.291,"{'cpu-1': 6.358, 'gpu-1': 1.364}",409.20000000000005,795.2360000000001,796.6000000000001,inf,800.691,800.691
786,TT1,BESTEFFORT,COMPLETED,cpu-1,795.287,"{'cpu-1': 1.293, 'gpu-1': 0.95}",155.16,797.231,798.524,inf,799.3870000000001,799.3870000000001
787,TT1,BESTEFFORT,COMPLETED,cpu-1,796.556,"{'cpu-1': 0.986, 'gpu-1': 0.637}",118.32,798.524,799.51,inf,800.6560000000001,800.6560000000001
788,TT1,BESTEFFORT,COMPLETED,gpu-1,796.856,"{'cpu-1': 1.351, 'gpu-1': 0.952}",285.59999999999997,796.856,797.808,inf,800.956,800.956
789,TT2,BESTEFFORT,COMPLETED,gpu-1,798.098,"{'cpu-1': 3.213, 'gpu-1': 1.273}",381.9,798.098,799.371,inf,804.4979999999999,804.4979999999999
790,TT1,BESTEFFORT,COMPLETED,cpu-1,801.668,"{'cpu-1': 1.424, 'gpu-1': 0.655}",170.88,801.668,803.092,inf,805.768,805.768
791,TT2,BESTEFFORT,COMPLETED,gpu-1,802.471,"{'cpu-1': 2.488, 'gpu-1': 1.173}",351.90000000000003,802.471,803.644,inf,808.871,808.871
792,TT1,BESTEFFORT,COMPLETED,gpu-1,804.535,"{'cpu-1': 2.361, 'gpu-1': 0.844}",253.2,804.535,805.379,inf,808.635,808.635
793,TT1,BESTEFFORT,COMPLETED,gpu-1,807.924,"{'cpu-1': 1.284, 'gpu-1': 0.789}",236.70000000000002,807.924,808.713,inf,812.024,812.024
794,TT2,BESTEFFORT,COMPLETED,gpu-1,811.532,"{'cpu-1': 2.286, 'gpu-1': 1.075}",322.5,811.532,812.6070000000001,inf,817.932,817.932
795,TT1,BESTEFFORT,COMPLETED,gpu-1,812.979,"{'cpu-1': 1.299, 'gpu-1': 0.597}",179.1,812.979,813.576,inf,817.0790000000001,817.0790000000001
796,TT2,BESTEFFORT,COMPLETED,gpu-1,813.929,"{'cpu-1': 4.718, 'gpu-1': 1.776}",532.8,813.929,815.7049999999999,inf,820.329,820.329
797,TT2,BESTEFFORT,COMPLETED,gpu-1,814.924,"{'cpu-1': 6.195, 'gpu-1': 1.646}",493.79999999999995,815.7049999999999,817.3509999999999,inf,821.324,821.324
798,TT2,BESTEFFORT,COMPLETED,gpu-1,815.61,"{'cpu-1': 11.284, 'gpu-1': 1.943}",582.9,817.3509999999999,819.2939999999999,inf,822.01,822.01
799,TT1,BESTEFFORT,COMPLETED,cpu-1,816.505,"{'cpu-1': 2.042, 'gpu-1': 0.903}",245.03999999999996,816.505,818.547,inf,820.605,820.605
800,TT2,BESTEFFORT,COMPLETED,gpu-1,817.101,"{'cpu-1': 8.387, 'gpu-1': 0.89}",267.0,819.2939999999999,820.1839999999999,inf,823.501,823.501
801,TT2,BESTEFFORT,COMPLETED,gpu-1,817.903,"{'cpu-1': 1.872, 'gpu-1': 3.425}",1027.5,820.1839999999999,823.6089999999998,inf,824.303,824.303
802,TT2,BESTEFFORT,COMPLETED,cpu-1,817.904,"{'cpu-1': 2.197, 'gpu-1': 0.743}",263.64,818.547,820.744,inf,824.304,824.304
803,TT2,BESTEFFORT,COMPLETED,cpu-1,819.495,"{'cpu-1': 4.12, 'gpu-1': 2.609}",494.40000000000003,820.744,824.864,inf,825.895,825.895
804,TT1,BESTEFFORT,MISSED,gpu-1,819.516,"{'cpu-1': 1.29, 'gpu-1': 0.85}",2.1000000000526597,823.6089999999998,inf,823.616,823.616,823.616
805,TT1,BESTEFFORT,COMPLETED,gpu-1,820.723,"{'cpu-1': 1.295, 'gpu-1': 0.752}",225.6,823.616,824.3679999999999,inf,824.823,824.823
806,TT1,BESTEFFORT,MISSED,gpu-1,821.173,"{'cpu-1': 1.09, 'gpu-1': 1.237}",271.5000000000259,824.3679999999999,inf,825.273,825.273,825.273
807,TT1,BESTEFFORT,MISSED,cpu-1,822.245,"{'cpu-1': 1.803, 'gpu-1': 0.922}",177.71999999999935,824.864,inf,826.345,826.345,826.345
808,TT2,BESTEFFORT,MISSED,cpu-1,822.671,"{'cpu-1': 2.952, 'gpu-1': 0.993}",327.1199999999999,826.345,inf,829.071,829.071,829.071
809,TT2,BESTEFFORT,COMPLETED,gpu-1,824.168,"{'cpu-1': 2.313, 'gpu-1': 3.486}",1045.8,825.273,828.759,inf,830.568,830.568
810,TT2,BESTEFFORT,COMPLETED,gpu-1,824.172,"{'cpu-1': 3.873, 'gpu-1': 1.275}",382.5,828.759,830.034,inf,830.572,830.572
811,TT1,BESTEFFORT,MISSED,gpu-1,824.6,"{'cpu-1': 1.328, 'gpu-1': 0.783}",0.0,830.034,inf,830.034,828.7,828.7
812,TT2,BESTEFFORT,MISSED,cpu-1,824.656,"{'cpu-1': 6.348, 'gpu-1': 1.641}",238.199999999988,829.071,inf,831.0559999999999,831.0559999999999,831.0559999999999
813,TT2,BESTEFFORT,MISSED,cpu-1,824.914,"{'cpu-1': 4.389, 'gpu-1': 0.591}",30.960000000004584,831.0559999999999,inf,831.314,831.314,831.314
814,TT2,BESTEFFORT,COMPLETED,gpu-1,826.815,"{'cpu-1': 7.091, 'gpu-1': 2.603}",780.9000000000001,830.034,832.637,inf,833.215,833.215
815,TT2,BESTEFFORT,MISSED,cpu-1,826.887,"{'cpu-1': 4.389, 'gpu-1': 0.564}",236.75999999999476,831.314,inf,833.2869999999999,833.2869999999999,833.2869999999999
816,TT2,BESTEFFORT,COMPLETED,gpu-1,827.299,"{'cpu-1': 5.43, 'gpu-1': 0.992}",297.6,832.637,833.6289999999999,inf,833.699,833.699
817,TT1,BESTEFFORT,MISSED,cpu-1,827.32,"{'cpu-1': 0.987, 'gpu-1': 0.732}",0.0,833.2869999999999,inf,833.2869999999999,831.4200000000001,831.4200000000001
818,TT1,BESTEFFORT,MISSED,gpu-1,827.688,"{'cpu-1': 1.062, 'gpu-1': 0.866}",0.0,833.6289999999999,inf,833.6289999999999,831.788,831.788
819,TT1,BESTEFFORT,MISSED,gpu-1,828.251,"{'cpu-1': 1.316, 'gpu-1': 0.873}",0.0,833.6289999999999,inf,833.6289999999999,832.351,832.351
820,TT1,BESTEFFORT,MISSED,cpu-1,828.877,"{'cpu-1': 1.262, 'gpu-1': 0.993}",0.0,833.657,inf,833.657,832.977,832.977
821,TT1,BESTEFFORT,MISSED,cpu-1,829.557,"{'cpu-1': 1.814, 'gpu-1': 0.85}",44.40000000001419,833.2869999999999,inf,833.657,833.657,833.657
822,TT2,BESTEFFORT,COMPLETED,gpu-1,831.212,"{'cpu-1': 12.035, 'gpu-1': 1.891}",567.3,833.6289999999999,835.5199999999999,inf,837.612,837.612
823,TT2,BESTEFFORT,MISSED,cpu-1,833.134,"{'cpu-1': 7.543, 'gpu-1': 2.519}",705.2399999999943,833.657,inf,839.534,839.534,839.534
824,TT2,BESTEFFORT,MISSED,cpu-1,833.477,"{'cpu-1': 2.553, 'gpu-1': 0.567}",41.15999999999531,839.534,inf,839.877,839.877,839.877
825,TT2,BESTEFFORT,COMPLETED,gpu-1,833.918,"{'cpu-1': 10.607, 'gpu-1': 3.335}",1000.5,835.5199999999999,838.8549999999999,inf,840.318,840.318
826,TT1,BESTEFFORT,MISSED,gpu-1,834.018,"{'cpu-1': 1.083, 'gpu-1': 1.583}",0.0,838.8549999999999,inf,838.8549999999999,838.118,838.118
827,TT1,BESTEFFORT,MISSED,gpu-1,834.198,"{'cpu-1': 2.204, 'gpu-1': 0.629}",0.0,838.8549999999999,inf,838.8549999999999,838.298,838.298
828,TT1,BESTEFFORT,COMPLETED,gpu-1,836.792,"{'cpu-1': 1.29, 'gpu-1': 0.633}",189.9,838.8549999999999,839.4879999999999,inf,840.892,840.892
829,TT1,BESTEFFORT,COMPLETED,cpu-1,837.901,"{'cpu-1': 1.267, 'gpu-1': 1.142}",152.04,839.877,841.144,inf,842.001,842.001
830,TT1,BESTEFFORT,MISSED,cpu-1,837.958,"{'cpu-1': 2.103, 'gpu-1': 0.615}",109.67999999999847,841.144,inf,842.058,842.058,842.058
831,TT2,BESTEFFORT,COMPLETED,gpu-1,839.439,"{'cpu-1': 9.058, 'gpu-1': 3.275}",982.5,839.4879999999999,842.7629999999999,inf,845.8389999999999,845.8389999999999
832,TT2,BESTEFFORT,COMPLETED,gpu-1,840.448,"{'cpu-1': 10.546, 'gpu-1': 2.412}",723.6,842.7629999999999,845.175,inf,846.848,846.848
833,TT1,BESTEFFORT,COMPLETED,gpu-1,844.82,"{'cpu-1': 1.236, 'gpu-1': 0.872}",261.6,845.175,846.0469999999999,inf,848.9200000000001,848.9200000000001
834,TT2,BESTEFFORT,COMPLETED,gpu-1,844.96,"{'cpu-1': 2.802, 'gpu-1': 1.232}",369.6,846.0469999999999,847.2789999999999,inf,851.36,851.36
835,TT1,BESTEFFORT,COMPLETED,cpu-1,846.767,"{'cpu-1': 1.238, 'gpu-1': 0.934}",148.56,846.767,848.0050000000001,inf,850.8670000000001,850.8670000000001
836,TT1,BESTEFFORT,COMPLETED,gpu-1,848.419,"{'cpu-1': 1.336, 'gpu-1': 0.621}",186.3,848.419,849.04,inf,852.519,852.519
837,TT1,BESTEFFORT,COMPLETED,gpu-1,848.926,"{'cpu-1': 1.341, 'gpu-1': 0.983}",294.9,849.04,850.0229999999999,inf,853.0260000000001,853.0260000000001
838,TT1,BESTEFFORT,COMPLETED,cpu-1,849.102,"{'cpu-1': 1.294, 'gpu-1': 1.044}",155.28,849.102,850.396,inf,853.202,853.202
839,TT1,BESTEFFORT,COMPLETED,gpu-1,849.656,"{'cpu-1': 2.121, 'gpu-1': 1.246}",373.8,850.0229999999999,851.2689999999999,inf,853.756,853.756
840,TT1,BESTEFFORT,COMPLETED,gpu-1,853.988,"{'cpu-1': 1.154, 'gpu-1': 0.865}",259.5,853.988,854.8530000000001,inf,858.0880000000001,858.0880000000001
841,TT2,BESTEFFORT,COMPLETED,cpu-1,854.477,"{'cpu-1': 2.086, 'gpu-1': 2.908}",250.32,854.477,856.563,inf,860.877,860.877
842,TT2,BESTEFFORT,COMPLETED,gpu-1,854.489,"{'cpu-1': 6.309, 'gpu-1': 0.672}",201.60000000000002,854.8530000000001,855.5250000000001,inf,860.889,860.889
843,TT1,BESTEFFORT,COMPLETED,gpu-1,854.495,"{'cpu-1': 2.138, 'gpu-1': 0.727}",218.1,855.5250000000001,856.2520000000001,inf,858.595,858.595
844,TT1,BESTEFFORT,COMPLETED,gpu-1,855.628,"{'cpu-1': 1.262, 'gpu-1': 0.756}",226.8,856.2520000000001,857.008,inf,859.7280000000001,859.7280000000001
845,TT2,BESTEFFORT,COMPLETED,gpu-1,855.682,"{'cpu-1': 3.742, 'gpu-1': 1.658}",497.4,857.008,858.666,inf,862.082,862.082
846,TT2,BESTEFFORT,COMPLETED,gpu-1,855.897,"{'cpu-1': 3.855, 'gpu-1': 1.446}",433.8,858.666,860.1120000000001,inf,862.297,862.297
847,TT2,BESTEFFORT,COMPLETED,cpu-1,856.218,"{'cpu-1': 2.457, 'gpu-1': 2.632}",294.84,856.563,859.02,inf,862.6179999999999,862.6179999999999
848,TT2,BESTEFFORT,COMPLETED,gpu-1,856.793,"{'cpu-1': 4.615, 'gpu-1': 0.666}",199.8,860.1120000000001,860.7780000000001,inf,863.193,863.193
849,TT1,BESTEFFORT,COMPLETED,cpu-1,857.706,"{'cpu-1': 1.959, 'gpu-1': 1.405}",235.08,859.02,860.9789999999999,inf,861.806,861.806
850,TT1,BESTEFFORT,COMPLETED,cpu-1,859.113,"{'cpu-1': 1.926, 'gpu-1': 1.095}",231.12,860.9789999999999,862.905,inf,863.2130000000001,863.2130000000001
851,TT1,BESTEFFORT,MISSED,cpu-1,860.008,"{'cpu-1': 1.293, 'gpu-1': 0.881}",144.3600000000106,862.905,inf,864.1080000000001,864.1080000000001,864.1080000000001
852,TT2,BESTEFFORT,COMPLETED,cpu-1,860.599,"{'cpu-1': 2.864, 'gpu-1': 2.092}",343.68,864.1080000000001,866.9720000000001,inf,866.999,866.999
853,TT1,BESTEFFORT,COMPLETED,gpu-1,861.853,"{'cpu-1': 1.019, 'gpu-1': 1.143}",342.9,861.853,862.996,inf,865.953,865.953
854,TT2,BESTEFFORT,COMPLETED,gpu-1,861.97,"{'cpu-1': 1.848, 'gpu-1': 2.412}",723.6,862.996,865.408,inf,868.37,868.37
855,TT2,BESTEFFORT,COMPLETED,gpu-1,863.691,"{'cpu-1': 5.812, 'gpu-1': 1.783}",534.9,865.408,867.191,inf,870.091,870.091
856,TT1,BESTEFFORT,MISSED,gpu-1,864.321,"{'cpu-1': 1.489, 'gpu-1': 1.244}",369.00000000000546,867.191,inf,868.421,868.421,868.421
857,TT1,BESTEFFORT,MISSED,gpu-1,864.486,"{'cpu-1': 1.766, 'gpu-1': 1.228}",49.499999999989086,868.421,inf,868.586,868.586,868.586
858,TT1,BESTEFFORT,COMPLETED,cpu-1,865.437,"{'cpu-1': 1.403, 'gpu-1': 0.785}",168.36,866.9720000000001,868.3750000000001,inf,869.537,869.537
859,TT2,BESTEFFORT,COMPLETED,gpu-1,870.229,"{'cpu-1': 3.649, 'gpu-1': 1.373}",411.9,870.229,871.6020000000001,inf,876.629,876.629
860,TT2,BESTEFFORT,MISSED,cpu-1,871.014,"{'cpu-1': 7.372, 'gpu-1': 0.987}",767.9999999999973,871.014,inf,877.414,877.414,877.414
861,TT2,BESTEFFORT,COMPLETED,gpu-1,871.403,"{'cpu-1': 13.059, 'gpu-1': 0.894}",268.2,871.6020000000001,872.4960000000001,inf,877.803,877.803
862,TT1,BESTEFFORT,COMPLETED,gpu-1,872.451,"{'cpu-1': 1.792, 'gpu-1': 0.844}",253.2,872.4960000000001,873.3400000000001,inf,876.551,876.551
863,TT2,BESTEFFORT,COMPLETED,cpu-1,875.935,"{'cpu-1': 4.103, 'gpu-1': 1.541}",492.35999999999996,877.414,881.5169999999999,inf,882.3349999999999,882.3349999999999
864,TT2,BESTEFFORT,COMPLETED,gpu-1,876.087,"{'cpu-1': 5.97, 'gpu-1': 0.905}",271.5,876.087,876.992,inf,882.487,882.487
865,TT2,BESTEFFORT,COMPLETED,gpu-1,877.782,"{'cpu-1': 11.226, 'gpu-1': 0.737}",221.1,877.782,878.519,inf,884.182,884.182
866,TT2,BESTEFFORT,COMPLETED,gpu-1,878.16,"{'cpu-1': 6.145, 'gpu-1': 2.899}",869.7,878.519,881.418,inf,884.56,884.56
867,TT1,BESTEFFORT,COMPLETED,gpu-1,879.402,"{'cpu-1': 1.247, 'gpu-1': 0.967}",290.09999999999997,881.418,882.385,inf,883.5020000000001,883.5020000000001
868,TT1,BESTEFFORT,COMPLETED,cpu-1,880.336,"{'cpu-1': 1.334, 'gpu-1': 1.041}",160.08,881.5169999999999,882.8509999999999,inf,884.436,884.436
869,TT2,BESTEFFORT,COMPLETED,gpu-1,880.794,"{'cpu-1': 9.016, 'gpu-1': 2.384}",715.1999999999999,882.385,884.769,inf,887.194,887.194
870,TT2,BESTEFFORT,COMPLETED,cpu-1,881.801,"{'cpu-1': 5.165, 'gpu-1': 0.943}",619.8,882.8509999999999,888.0159999999998,inf,888.201,888.201
871,TT1,BESTEFFORT,COMPLETED,gpu-1,881.998,"{'cpu-1': 2.04, 'gpu-1': 0.924}",277.2,884.769,885.693,inf,886.0980000000001,886.0980000000001
872,TT1,BESTEFFORT,COMPLETED,gpu-1,884.383,"{'cpu-1': 1.871, 'gpu-1': 1.237}",371.1,885.693,886.93,inf,888.4830000000001,888.4830000000001
873,TT1,BESTEFFORT,COMPLETED,cpu-1,887.402,"{'cpu-1': 1.111, 'gpu-1': 1.08}",133.32,888.0159999999998,889.1269999999998,inf,891.5020000000001,891.5020000000001
874,TT1,BESTEFFORT,COMPLETED,gpu-1,890.346,"{'cpu-1': 1.435, 'gpu-1': 0.901}",270.3,890.346,891.247,inf,894.446,894.446
875,TT2,BESTEFFORT,COMPLETED,gpu-1,892.7,"{'cpu-1': 8.101, 'gpu-1': 1.232}",369.6,892.7,893.932,inf,899.1,899.1
876,TT2,BESTEFFORT,COMPLETED,gpu-1,895.533,"{'cpu-1': 3.649, 'gpu-1': 1.446}",433.8,895.533,896.979,inf,901.933,901.933
877,TT1,BESTEFFORT,COMPLETED,gpu-1,896.74,"{'cpu-1': 1.351, 'gpu-1': 1.426}",427.79999999999995,896.979,898.4050000000001,inf,900.84,900.84
878,TT1,BESTEFFORT,COMPLETED,gpu-1,899.279,"{'cpu-1': 1.195, 'gpu-1': 1.149}",344.7,899.279,900.428,inf,903.379,903.379
879,TT2,BESTEFFORT,COMPLETED,gpu-1,899.335,"{'cpu-1': 2.683, 'gpu-1': 1.976}",592.8,900.428,902.404,inf,905.735,905.735
880,TT2,BESTEFFORT,MISSED,cpu-1,900.765,"{'cpu-1': 13.942, 'gpu-1': 1.319}",767.9999999999973,900.765,inf,907.165,907.165,907.165
881,TT2,BESTEFFORT,COMPLETED,gpu-1,901.06,"{'cpu-1': 3.299, 'gpu-1': 1.744}",523.2,902.404,904.148,inf,907.4599999999999,907.4599999999999
882,TT2,BESTEFFORT,COMPLETED,gpu-1,902.069,"{'cpu-1': 2.421, 'gpu-1': 1.21}",363.0,904.148,905.3580000000001,inf,908.4689999999999,908.4689999999999
883,TT2,BESTEFFORT,COMPLETED,gpu-1,902.2,"{'cpu-1': 7.102, 'gpu-1': 3.169}",950.7,905.3580000000001,908.527,inf,908.6,908.6
884,TT1,BESTEFFORT,MISSED,cpu-1,903.824,"{'cpu-1': 1.24, 'gpu-1': 0.913}",91.08000000000175,907.165,inf,907.924,907.924,907.924
885,TT1,BESTEFFORT,COMPLETED,gpu-1,910.533,"{'cpu-1': 1.321, 'gpu-1': 0.613}",183.9,910.533,911.1460000000001,inf,914.633,914.633
886,TT1,BESTEFFORT,COMPLETED,gpu-1,910.817,"{'cpu-1': 1.206, 'gpu-1': 0.848}",254.4,911.1460000000001,911.994,inf,914.917,914.917
887,TT2,BESTEFFORT,COMPLETED,gpu-1,911.955,"{'cpu-1': 6.492, 'gpu-1': 0.996}",298.8,911.994,912.99,inf,918.355,918.355
888,TT2,BESTEFFORT,COMPLETED,gpu-1,912.38,"{'cpu-1': 4.899, 'gpu-1': 0.855}",256.5,912.99,913.845,inf,918.78,918.78
889,TT2,BESTEFFORT,COMPLETED,gpu-1,914.364,"{'cpu-1': 9.643, 'gpu-1': 1.853}",555.9,914.364,916.217,inf,920.764,920.764
890,TT1,BESTEFFORT,COMPLETED,gpu-1,916.383,"{'cpu-1': 1.435, 'gpu-1': 1.339}",401.7,916.383,917.7220000000001,inf,920.4830000000001,920.4830000000001
891,TT1,BESTEFFORT,COMPLETED,cpu-1,916.42,"{'cpu-1': 1.239, 'gpu-1': 0.764}",148.68,916.42,917.659,inf,920.52,920.52
892,TT2,BESTEFFORT,COMPLETED,gpu-1,919.855,"{'cpu-1': 3.445, 'gpu-1': 0.987}",296.1,919.855,920.842,inf,926.255,926.255
893,TT2,BESTEFFORT,COMPLETED,gpu-1,923.349,"{'cpu-1': 3.028, 'gpu-1': 1.065}",319.5,923.349,924.4140000000001,inf,929.749,929.749
894,TT1,BESTEFFORT,COMPLETED,gpu-1,925.578,"{'cpu-1': 1.763, 'gpu-1': 0.617}",185.1,925.578,926.1949999999999,inf,929.678,929.678
895,TT2,BESTEFFORT,COMPLETED,gpu-1,926.899,"{'cpu-1': 6.948, 'gpu-1': 1.062}",318.6,926.899,927.961,inf,933.299,933.299
896,TT1,BESTEFFORT,COMPLETED,cpu-1,927.005,"{'cpu-1': 1.813, 'gpu-1': 0.732}",217.56,927.005,928.818,inf,931.105,931.105
897,TT2,BESTEFFORT,COMPLETED,gpu-1,927.1,"{'cpu-1': 2.449, 'gpu-1': 0.656}",196.8,927.961,928.617,inf,933.5,933.5
898,TT2,BESTEFFORT,MISSED,cpu-1,927.431,"{'cpu-1': 6.608, 'gpu-1': 2.034}",601.560000000004,928.818,inf,933.831,933.831,933.831
899,TT2,BESTEFFORT,COMPLETED,gpu-1,928.436,"{'cpu-1': 4.016, 'gpu-1': 1.659}",497.7,928.617,930.276,inf,934.836,934.836
900,TT1,BESTEFFORT,COMPLETED,gpu-1,928.818,"{'cpu-1': 1.767, 'gpu-1': 0.994}",298.2,930.276,931.27,inf,932.918,932.918
901,TT2,BESTEFFORT,COMPLETED,gpu-1,929.928,"{'cpu-1': 5.965, 'gpu-1': 1.807}",542.1,931.27,933.077,inf,936.328,936.328
902,TT1,BESTEFFORT,MISSED,cpu-1,930.618,"{'cpu-1': 1.944, 'gpu-1': 0.971}",106.44000000000688,933.831,inf,934.7180000000001,934.7180000000001,934.7180000000001
903,TT2,BESTEFFORT,COMPLETED,gpu-1,931.686,"{'cpu-1': 3.902, 'gpu-1': 1.124}",337.20000000000005,933.077,934.201,inf,938.086,938.086
904,TT1,BESTEFFORT,MISSED,cpu-1,931.709,"{'cpu-1': 2.151, 'gpu-1': 0.953}",130.91999999998734,934.7180000000001,inf,935.809,935.809,935.809
905,TT1,BESTEFFORT,COMPLETED,gpu-1,932.093,"{'cpu-1': 1.295, 'gpu-1': 0.877}",263.1,934.201,935.078,inf,936.193,936.193
906,TT1,BESTEFFORT,MISSED,cpu-1,932.399,"{'cpu-1': 1.105, 'gpu-1': 0.734}",82.80000000000655,935.809,inf,936.499,936.499,936.499
907,TT1,BESTEFFORT,COMPLETED,gpu-1,933.191,"{'cpu-1': 1.381, 'gpu-1': 0.817}",245.1,935.078,935.895,inf,937.291,937.291
908,TT2,BESTEFFORT,COMPLETED,gpu-1,933.894,"{'cpu-1': 6.608, 'gpu-1': 1.124}",337.20000000000005,935.895,937.019,inf,940.294,940.294
909,TT1,BESTEFFORT,COMPLETED,cpu-1,935.678,"{'cpu-1': 1.321, 'gpu-1': 0.671}",158.51999999999998,936.499,937.82,inf,939.778,939.778
910,TT2,BESTEFFORT,COMPLETED,gpu-1,936.245,"{'cpu-1': 7.238, 'gpu-1': 0.946}",283.8,937.019,937.965,inf,942.645,942.645
911,TT1,BESTEFFORT,COMPLETED,cpu-1,937.546,"{'cpu-1': 1.274, 'gpu-1': 0.89}",152.88,937.82,939.094,inf,941.6460000000001,941.6460000000001
912,TT1,BESTEFFORT,COMPLETED,cpu-1,937.847,"{'cpu-1': 1.206, 'gpu-1': 0.89}",144.72,939.094,940.3000000000001,inf,941.947,941.947
913,TT2,BESTEFFORT,COMPLETED,gpu-1,939.043,"{'cpu-1': 1.683, 'gpu-1': 1.231}",369.3,939.043,940.274,inf,945.443,945.443
914,TT1,BESTEFFORT,COMPLETED,gpu-1,941.48,"{'cpu-1': 0.989, 'gpu-1': 0.661}",198.3,941.48,942.141,inf,945.58,945.58
915,TT2,BESTEFFORT,COMPLETED,gpu-1,942.236,"{'cpu-1': 3.786, 'gpu-1': 2.653}",795.9,942.236,944.889,inf,948.636,948.636
916,TT1,BESTEFFORT,COMPLETED,gpu-1,942.969,"{'cpu-1': 0.962, 'gpu-1': 0.856}",256.8,944.889,945.745,inf,947.0690000000001,947.0690000000001
917,TT2,BESTEFFORT,COMPLETED,gpu-1,946.724,"{'cpu-1': 2.286, 'gpu-1': 0.774}",232.20000000000002,946.724,947.498,inf,953.124,953.124
918,TT1,BESTEFFORT,COMPLETED,cpu-1,947.158,"{'cpu-1': 0.981, 'gpu-1': 0.855}",117.72,947.158,948.139,inf,951.258,951.258
919,TT2,BESTEFFORT,COMPLETED,gpu-1,947.165,"{'cpu-1': 4.339, 'gpu-1': 0.607}",182.1,947.498,948.105,inf,953.5649999999999,953.5649999999999
920,TT2,BESTEFFORT,COMPLETED,gpu-1,947.3,"{'cpu-1': 10.361, 'gpu-1': 1.432}",429.59999999999997,948.105,949.537,inf,953.6999999999999,953.6999999999999
921,TT1,BESTEFFORT,COMPLETED,cpu-1,947.354,"{'cpu-1': 2.049, 'gpu-1': 0.944}",245.88,948.139,950.188,inf,951.4540000000001,951.4540000000001
922,TT2,BESTEFFORT,COMPLETED,gpu-1,947.543,"{'cpu-1': 8.507, 'gpu-1': 2.392}",717.6,949.537,951.9290000000001,inf,953.943,953.943
923,TT2,BESTEFFORT,MISSED,gpu-1,948.305,"{'cpu-1': 8.515, 'gpu-1': 2.929}",832.799999999952,951.9290000000001,inf,954.7049999999999,954.7049999999999,954.7049999999999
924,TT1,BESTEFFORT,COMPLETED,cpu-1,948.801,"{'cpu-1': 1.437, 'gpu-1': 0.903}",172.44,950.188,951.625,inf,952.9010000000001,952.9010000000001
925,TT1,BESTEFFORT,COMPLETED,cpu-1,949.268,"{'cpu-1': 1.208, 'gpu-1': 0.994}",144.96,951.625,952.833,inf,953.368,953.368
926,TT1,BESTEFFORT,MISSED,gpu-1,949.806,"{'cpu-1': 1.424, 'gpu-1': 0.912}",0.0,954.7049999999999,inf,954.7049999999999,953.9060000000001,953.9060000000001
927,TT1,BESTEFFORT,MISSED,cpu-1,950.271,"{'cpu-1': 1.737, 'gpu-1': 1.191}",184.5600000000013,952.833,inf,954.371,954.371,954.371
928,TT1,BESTEFFORT,COMPLETED,gpu-1,954.776,"{'cpu-1': 1.79, 'gpu-1': 0.906}",271.8,954.776,955.6819999999999,inf,958.876,958.876
929,TT2,BESTEFFORT,COMPLETED,gpu-1,955.256,"{'cpu-1': 10.464, 'gpu-1': 0.815}",244.49999999999997,955.6819999999999,956.497,inf,961.656,961.656
930,TT1,BESTEFFORT,COMPLETED,cpu-1,955.914,"{'cpu-1': 1.29, 'gpu-1': 0.677}",154.8,955.914,957.204,inf,960.014,960.014
931,TT2,BESTEFFORT,COMPLETED,gpu-1,956.298,"{'cpu-1': 2.03, 'gpu-1': 1.091}",327.3,956.497,957.588,inf,962.698,962.698
932,TT2,BESTEFFORT,COMPLETED,gpu-1,958.062,"{'cpu-1': 5.206, 'gpu-1': 1.966}",589.8,958.062,960.028,inf,964.462,964.462
933,TT1,BESTEFFORT,COMPLETED,gpu-1,959.985,"{'cpu-1': 2.014, 'gpu-1': 0.993}",297.9,960.028,961.0210000000001,inf,964.085,964.085
934,TT2,BESTEFFORT,COMPLETED,gpu-1,961.444,"{'cpu-1': 13.868, 'gpu-1': 2.574}",772.1999999999999,961.444,964.0179999999999,inf,967.8439999999999,967.8439999999999
935,TT1,BESTEFFORT,COMPLETED,cpu-1,961.744,"{'cpu-1': 1.737, 'gpu-1': 0.923}",208.44,961.744,963.481,inf,965.844,965.844
936,TT2,BESTEFFORT,COMPLETED,gpu-1,962.021,"{'cpu-1': 8.099, 'gpu-1': 0.955}",286.5,964.0179999999999,964.973,inf,968.4209999999999,968.4209999999999
937,TT1,BESTEFFORT,COMPLETED,gpu-1,963.127,"{'cpu-1': 1.247, 'gpu-1': 0.627}",188.1,964.973,965.5999999999999,inf,967.227,967.227
938,TT2,BESTEFFORT,COMPLETED,gpu-1,963.569,"{'cpu-1': 5.887, 'gpu-1': 1.663}",498.90000000000003,965.5999999999999,967.2629999999999,inf,969.9689999999999,969.9689999999999
939,TT2,BESTEFFORT,COMPLETED,cpu-1,963.96,"{'cpu-1': 1.899, 'gpu-1': 0.771}",227.88,963.96,965.859,inf,970.36,970.36
940,TT2,BESTEFFORT,COMPLETED,gpu-1,965.001,"{'cpu-1': 2.064, 'gpu-1': 3.113}",933.9,967.2629999999999,970.376,inf,971.401,971.401
941,TT1,BESTEFFORT,MISSED,gpu-1,966.997,"{'cpu-1': 1.235, 'gpu-1': 0.935}",216.3000000000011,970.376,inf,971.097,971.097,971.097
942,TT1,BESTEFFORT,COMPLETED,cpu-1,967.812,"{'cpu-1': 0.999, 'gpu-1': 1.184}",119.88,967.812,968.811,inf,971.912,971.912
943,TT1,BESTEFFORT,COMPLETED,gpu-1,969.276,"{'cpu-1': 1.3, 'gpu-1': 1.143}",342.9,971.097,972.24,inf,973.376,973.376
944,TT2,BESTEFFORT,COMPLETED,gpu-1,970.068,"{'cpu-1': 4.214, 'gpu-1': 2.139}",641.6999999999999,972.24,974.379,inf,976.468,976.468
945,TT2,BESTEFFORT,COMPLETED,cpu-1,971.989,"{'cpu-1': 1.81, 'gpu-1': 3.162}",217.20000000000002,971.989,973.799,inf,978.389,978.389
946,TT2,BESTEFFORT,COMPLETED,gpu-1,972.328,"{'cpu-1': 8.402, 'gpu-1': 1.159}",347.7,974.379,975.538,inf,978.728,978.728
947,TT2,BESTEFFORT,MISSED,gpu-1,972.397,"{'cpu-1': 8.946, 'gpu-1': 3.422}",977.7000000000044,975.538,inf,978.797,978.797,978.797
948,TT2,BESTEFFORT,MISSED,cpu-1,973.084,"{'cpu-1': 6.791, 'gpu-1': 1.175}",682.1999999999935,973.799,inf,979.4839999999999,979.4839999999999,979.4839999999999
949,TT2,BESTEFFORT,MISSED,gpu-1,973.11,"{'cpu-1': 4.129, 'gpu-1': 2.292}",213.89999999998963,978.797,inf,979.51,979.51,979.51
950,TT2,BESTEFFORT,MISSED,cpu-1,973.54,"{'cpu-1': 11.765, 'gpu-1': 0.748}",54.720000000002074,979.4839999999999,inf,979.9399999999999,979.9399999999999,979.9399999999999
951,TT1,BESTEFFORT,MISSED,cpu-1,974.348,"{'cpu-1': 1.26, 'gpu-1': 1.339}",0.0,979.9399999999999,inf,979.9399999999999,978.448,978.448
952,TT2,BESTEFFORT,MISSED,gpu-1,974.716,"{'cpu-1': 6.025, 'gpu-1': 1.618}",481.79999999999836,979.51,inf,981.116,981.116,981.116
953,TT2,BESTEFFORT,COMPLETED,gpu-1,976.511,"{'cpu-1': 4.454, 'gpu-1': 1.53}",459.0,981.116,982.646,inf,982.911,982.911
954,TT1,BESTEFFORT,MISSED,cpu-1,976.943,"{'cpu-1': 2.001, 'gpu-1': 1.074}",132.36000000000786,979.9399999999999,inf,981.043,981.043,981.043
955,TT1,BESTEFFORT,MISSED,gpu-1,977.731,"{'cpu-1': 2.006, 'gpu-1': 0.787}",0.0,982.646,inf,982.646,981.831,981.831
956,TT2,BESTEFFORT,MISSED,cpu-1,977.838,"{'cpu-1': 4.42, 'gpu-1': 2.017}",383.39999999999236,981.043,inf,984.2379999999999,984.2379999999999,984.2379999999999
957,TT2,BESTEFFORT,COMPLETED,gpu-1,979.349,"{'cpu-1': 2.864, 'gpu-1': 1.044}",313.2,982.646,983.6899999999999,inf,985.749,985.749
958,TT1,BESTEFFORT,COMPLETED,cpu-1,981.787,"{'cpu-1': 1.249, 'gpu-1': 0.95}",149.88000000000002,984.2379999999999,985.487,inf,985.8870000000001,985.8870000000001
959,TT1,BESTEFFORT,MISSED,cpu-1,981.871,"{'cpu-1': 1.772, 'gpu-1': 0.849}",58.080000000004475,985.487,inf,985.971,985.971,985.971
960,TT2,BESTEFFORT,COMPLETED,gpu-1,982.402,"{'cpu-1': 6.601, 'gpu-1': 0.774}",232.20000000000002,983.6899999999999,984.4639999999999,inf,988.802,988.802
961,TT1,BESTEFFORT,COMPLETED,cpu-1,983.213,"{'cpu-1': 1.29, 'gpu-1': 1.527}",154.8,985.971,987.261,inf,987.313,987.313
962,TT1,BESTEFFORT,COMPLETED,gpu-1,983.246,"{'cpu-1': 1.384, 'gpu-1': 1.235}",370.50000000000006,984.4639999999999,985.699,inf,987.346,987.346
963,TT2,BESTEFFORT,COMPLETED,gpu-1,987.295,"{'cpu-1': 2.952, 'gpu-1': 1.28}",384.0,987.295,988.5749999999999,inf,993.6949999999999,993.6949999999999
964,TT2,BESTEFFORT,COMPLETED,gpu-1,988.908,"{'cpu-1': 13.942, 'gpu-1': 1.552}",465.6,988.908,990.46,inf,995.308,995.308
965,TT2,BESTEFFORT,COMPLETED,gpu-1,990.301,"{'cpu-1': 7.372, 'gpu-1': 0.673}",201.9,990.46,991.133,inf,996.701,996.701
966,TT1,BESTEFFORT,COMPLETED,gpu-1,1001.113,"{'cpu-1': 1.232, 'gpu-1': 0.649}",194.70000000000002,1001.113,1001.7620000000001,inf,1005.2130000000001,1005.2130000000001
967,TT2,BESTEFFORT,COMPLETED,gpu-1,1004.459,"{'cpu-1': 3.185, 'gpu-1': 1.116}",334.8,1004.459,1005.5749999999999,inf,1010.8589999999999,1010.8589999999999
968,TT2,BESTEFFORT,COMPLETED,gpu-1,1004.72,"{'cpu-1': 2.814, 'gpu-1': 1.981}",594.3000000000001,1005.5749999999999,1007.5559999999999,inf,1011.12,1011.12
969,TT2,BESTEFFORT,COMPLETED,cpu-1,1004.819,"{'cpu-1': 3.88, 'gpu-1': 0.905}",465.59999999999997,1004.819,1008.699,inf,1011.2189999999999,1011.2189999999999
970,TT1,BESTEFFORT,COMPLETED,gpu-1,1005.664,"{'cpu-1': 2.18, 'gpu-1': 0.909}",272.7,1007.5559999999999,1008.4649999999999,inf,1009.764,1009.764
971,TT2,BESTEFFORT,COMPLETED,gpu-1,1008.304,"{'cpu-1': 2.902, 'gpu-1': 1.838}",551.4,1008.4649999999999,1010.3029999999999,inf,1014.704,1014.704
972,TT2,BESTEFFORT,COMPLETED,gpu-1,1008.867,"{'cpu-1': 11.529, 'gpu-1': 2.384}",715.1999999999999,1010.3029999999999,1012.6869999999999,inf,1015.2669999999999,1015.2669999999999
973,TT2,BESTEFFORT,COMPLETED,gpu-1,1009.034,"{'cpu-1': 3.162, 'gpu-1': 1.438}",431.4,1012.6869999999999,1014.1249999999999,inf,1015.434,1015.434
974,TT1,BESTEFFORT,COMPLETED,cpu-1,1009.039,"{'cpu-1': 1.815, 'gpu-1': 0.781}",217.79999999999998,1009.039,1010.854,inf,1013.139,1013.139
975,TT1,BESTEFFORT,COMPLETED,cpu-1,1009.449,"{'cpu-1': 1.2, 'gpu-1': 0.915}",144.0,1010.854,1012.0540000000001,inf,1013.549,1013.549
976,TT1,BESTEFFORT,MISSED,gpu-1,1009.769,"{'cpu-1': 0.987, 'gpu-1': 0.919}",0.0,1014.1249999999999,inf,1014.1249999999999,1013.869,1013.869
977,TT2,BESTEFFORT,COMPLETED,cpu-1,1014.714,"{'cpu-1': 2.687, 'gpu-1': 1.247}",322.44,1014.714,1017.4010000000001,inf,1021.114,1021.114
978,TT1,BESTEFFORT,COMPLETED,gpu-1,1015.367,"{'cpu-1': 1.522, 'gpu-1': 0.619}",185.7,1015.367,1015.986,inf,1019.467,1019.467
979,TT2,BESTEFFORT,COMPLETED,gpu-1,1017.736,"{'cpu-1': 5.018, 'gpu-1': 0.68}",204.00000000000003,1017.736,1018.4159999999999,inf,1024.136,1024.136
980,TT2,BESTEFFORT,COMPLETED,gpu-1,1019.754,"{'cpu-1': 2.193, 'gpu-1': 2.766}",829.8,1019.754,1022.52,inf,1026.154,1026.154
981,TT2,BESTEFFORT,COMPLETED,gpu-1,1020.183,"{'cpu-1': 8.099, 'gpu-1': 1.723}",516.9,1022.52,1024.243,inf,1026.583,1026.583
982,TT1,BESTEFFORT,COMPLETED,gpu-1,1022.318,"{'cpu-1': 1.292, 'gpu-1': 0.619}",185.7,1024.243,1024.8619999999999,inf,1026.418,1026.418
983,TT2,BESTEFFORT,COMPLETED,gpu-1,1022.695,"{'cpu-1': 11.381, 'gpu-1': 0.601}",180.29999999999998,1024.8619999999999,1025.463,inf,1029.095,1029.095
984,TT2,BESTEFFORT,COMPLETED,gpu-1,1025.345,"{'cpu-1': 13.409, 'gpu-1': 1.133}",339.9,1025.463,1026.596,inf,1031.7450000000001,1031.7450000000001
985,TT1,BESTEFFORT,COMPLETED,cpu-1,1025.842,"{'cpu-1': 1.749, 'gpu-1': 0.827}",209.88000000000002,1025.842,1027.5910000000001,inf,1029.942,1029.942
986,TT1,BESTEFFORT,COMPLETED,gpu-1,1026.698,"{'cpu-1': 1.291, 'gpu-1': 1.441}",432.3,1026.698,1028.1390000000001,inf,1030.798,1030.798
987,TT2,BESTEFFORT,COMPLETED,gpu-1,1026.888,"{'cpu-1': 4.132, 'gpu-1': 0.656}",196.8,1028.1390000000001,1028.795,inf,1033.288,1033.288
988,TT2,BESTEFFORT,COMPLETED,gpu-1,1027.424,"{'cpu-1': 10.237, 'gpu-1': 0.853}",255.9,1028.795,1029.6480000000001,inf,1033.824,1033.824
989,TT1,BESTEFFORT,COMPLETED,cpu-1,1027.779,"{'cpu-1': 1.016, 'gpu-1': 0.943}",121.92,1027.779,1028.795,inf,1031.879,1031.879
990,TT1,BESTEFFORT,COMPLETED,cpu-1,1028.156,"{'cpu-1': 1.822, 'gpu-1': 0.63}",218.64000000000001,1028.795,1030.617,inf,1032.2559999999999,1032.2559999999999
991,TT2,BESTEFFORT,COMPLETED,gpu-1,1029.627,"{'cpu-1': 11.226, 'gpu-1': 1.639}",491.7,1029.6480000000001,1031.287,inf,1036.027,1036.027
992,TT2,BESTEFFORT,COMPLETED,gpu-1,1031.181,"{'cpu-1': 4.58, 'gpu-1': 1.194}",358.2,1031.287,1032.481,inf,1037.5810000000001,1037.5810000000001
993,TT2,BESTEFFORT,COMPLETED,gpu-1,1032.746,"{'cpu-1': 4.373, 'gpu-1': 2.669}",800.7,1032.746,1035.4150000000002,inf,1039.1460000000002,1039.1460000000002
994,TT2,BESTEFFORT,COMPLETED,gpu-1,1034.331,"{'cpu-1': 9.122, 'gpu-1': 0.699}",209.7,1035.4150000000002,1036.1140000000003,inf,1040.731,1040.731
995,TT2,BESTEFFORT,COMPLETED,gpu-1,1037.131,"{'cpu-1': 3.758, 'gpu-1': 2.911}",873.3,1037.131,1040.0420000000001,inf,1043.5310000000002,1043.5310000000002
996,TT2,BESTEFFORT,COMPLETED,gpu-1,1038.337,"{'cpu-1': 5.327, 'gpu-1': 0.896}",268.8,1040.0420000000001,1040.938,inf,1044.737,1044.737
997,TT2,BESTEFFORT,COMPLETED,gpu-1,1041.745,"{'cpu-1': 9.123, 'gpu-1': 0.779}",233.70000000000002,1041.745,1042.524,inf,1048.145,1048.145
998,TT2,BESTEFFORT,COMPLETED,gpu-1,1042.662,"{'cpu-1': 1.962, 'gpu-1': 0.815}",244.49999999999997,1042.662,1043.477,inf,1049.0620000000001,1049.0620000000001
999,TT2,BESTEFFORT,COMPLETED,gpu-1,1044.136,"{'cpu-1': 11.821, 'gpu-1': 1.085}",325.5,1044.136,1045.221,inf,1050.536,1050.536
