id,type,urgency,status,assigned_machine,arrival_time,execution_time,energy_usage,start_time,completion_time,missed_time,deadline,extended_deadline
0,TT1,BESTEFFORT,COMPLETED,gpu-1,0.205,"{'cpu-1': 0.936, 'gpu-1': 1.401}",420.3,0.205,1.606,inf,4.305,4.305
1,TT1,BESTEFFORT,COMPLETED,cpu-1,0.504,"{'cpu-1': 1.08, 'gpu-1': 0.919}",129.60000000000002,0.504,1.584,inf,4.603999999999999,4.603999999999999
2,TT2,BESTEFFORT,COMPLETED,gpu-1,3.608,"{'cpu-1': 4.12, 'gpu-1': 1.154}",346.2,3.608,4.7620000000000005,inf,10.008000000000001,10.008000000000001
3,TT2,BESTEFFORT,COMPLETED,gpu-1,3.806,"{'cpu-1': 3.12, 'gpu-1': 2.705}",811.5,4.7620000000000005,7.4670000000000005,inf,10.206,10.206
4,TT2,BESTEFFORT,COMPLETED,gpu-1,5.091,"{'cpu-1': 10.779, 'gpu-1': 2.014}",604.1999999999999,7.4670000000000005,9.481,inf,11.491,11.491
5,TT1,BESTEFFORT,COMPLETED,gpu-1,6.611,"{'cpu-1': 1.204, 'gpu-1': 1.148}",344.4,9.481,10.629,inf,10.710999999999999,10.710999999999999
6,TT2,BESTEFFORT,COMPLETED,gpu-1,9.507,"{'cpu-1': 5.746, 'gpu-1': 2.952}",885.6,10.629,13.581,inf,15.907,15.907
7,TT2,BESTEFFORT,COMPLETED,gpu-1,10.021,"{'cpu-1': 1.679, 'gpu-1': 1.116}",334.8,13.581,14.697,inf,16.421,16.421
8,TT1,BESTEFFORT,COMPLETED,cpu-1,11.301,"{'cpu-1': 1.388, 'gpu-1': 0.995}",166.56,11.301,12.689,inf,15.401,15.401
9,TT1,BESTEFFORT,COMPLETED,cpu-1,11.403,"{'cpu-1': 2.049, 'gpu-1': 1.254}",245.88,12.689,14.738,inf,15.503,15.503
10,TT2,BESTEFFORT,COMPLETED,gpu-1,12.435,"{'cpu-1': 3.028, 'gpu-1': 0.614}",184.2,14.697,15.311,inf,18.835,18.835
11,TT2,BESTEFFORT,COMPLETED,gpu-1,13.936,"{'cpu-1': 5.064, 'gpu-1': 1.124}",337.20000000000005,15.311,16.435,inf,20.336,20.336
12,TT1,BESTEFFORT,COMPLETED,cpu-1,15.703,"{'cpu-1': 1.287, 'gpu-1': 1.233}",154.44,15.703,16.99,inf,19.802999999999997,19.802999999999997
13,TT1,BESTEFFORT,COMPLETED,gpu-1,16.855,"{'cpu-1': 1.777, 'gpu-1': 0.874}",262.2,16.855,17.729,inf,20.955,20.955
14,TT2,BESTEFFORT,COMPLETED,gpu-1,16.885,"{'cpu-1': 5.206, 'gpu-1': 0.946}",283.8,17.729,18.675,inf,23.285000000000004,23.285000000000004
15,TT2,BESTEFFORT,COMPLETED,gpu-1,16.896,"{'cpu-1': 11.62, 'gpu-1': 1.551}",465.29999999999995,18.675,20.226,inf,23.296,23.296
16,TT2,BESTEFFORT,COMPLETED,gpu-1,17.141,"{'cpu-1': 2.472, 'gpu-1': 1.336}",400.8,20.226,21.561999999999998,inf,23.540999999999997,23.540999999999997
17,TT2,BESTEFFORT,COMPLETED,cpu-1,18.142,"{'cpu-1': 2.767, 'gpu-1': 0.941}",332.03999999999996,18.142,20.909,inf,24.542,24.542
18,TT1,BESTEFFORT,COMPLETED,gpu-1,18.822,"{'cpu-1': 1.212, 'gpu-1': 1.109}",332.7,21.561999999999998,22.671,inf,22.921999999999997,22.921999999999997
19,TT1,BESTEFFORT,COMPLETED,cpu-1,19.807,"{'cpu-1': 1.102, 'gpu-1': 1.191}",132.24,20.909,22.011,inf,23.906999999999996,23.906999999999996
20,TT2,BESTEFFORT,COMPLETED,cpu-1,22.169,"{'cpu-1': 4.961, 'gpu-1': 0.621}",595.32,22.169,27.130000000000003,inf,28.569000000000003,28.569000000000003
21,TT1,BESTEFFORT,COMPLETED,gpu-1,23.06,"{'cpu-1': 1.24, 'gpu-1': 1.12}",336.00000000000006,23.06,24.18,inf,27.159999999999997,27.159999999999997
22,TT2,BESTEFFORT,MISSED,cpu-1,25.516,"{'cpu-1': 7.377, 'gpu-1': 1.694}",574.3199999999993,27.130000000000003,inf,31.915999999999997,31.915999999999997,31.915999999999997
23,TT2,BESTEFFORT,COMPLETED,gpu-1,26.193,"{'cpu-1': 8.652, 'gpu-1': 2.286}",685.8,26.193,28.479000000000003,inf,32.593,32.593
24,TT1,BESTEFFORT,MISSED,cpu-1,26.508,"{'cpu-1': 0.978, 'gpu-1': 0.621}",0.0,31.915999999999997,inf,31.915999999999997,30.607999999999997,30.607999999999997
25,TT1,BESTEFFORT,COMPLETED,gpu-1,28.303,"{'cpu-1': 1.442, 'gpu-1': 0.945}",283.5,28.479000000000003,29.424000000000003,inf,32.403,32.403
26,TT1,BESTEFFORT,COMPLETED,gpu-1,30.053,"{'cpu-1': 1.29, 'gpu-1': 1.384}",415.2,30.053,31.437,inf,34.153,34.153
27,TT2,BESTEFFORT,COMPLETED,gpu-1,30.26,"{'cpu-1': 4.379, 'gpu-1': 1.891}",567.3,31.437,33.328,inf,36.660000000000004,36.660000000000004
28,TT2,BESTEFFORT,COMPLETED,gpu-1,33.174,"{'cpu-1': 8.402, 'gpu-1': 1.924}",577.1999999999999,33.328,35.252,inf,39.574,39.574
29,TT1,BESTEFFORT,COMPLETED,cpu-1,33.292,"{'cpu-1': 1.274, 'gpu-1': 0.932}",152.88,33.292,34.566,inf,37.392,37.392
30,TT1,BESTEFFORT,COMPLETED,gpu-1,35.843,"{'cpu-1': 1.269, 'gpu-1': 0.844}",253.2,35.843,36.687000000000005,inf,39.943000000000005,39.943000000000005
31,TT1,BESTEFFORT,COMPLETED,cpu-1,35.843,"{'cpu-1': 1.197, 'gpu-1': 0.827}",143.64000000000001,35.843,37.040000000000006,inf,39.943000000000005,39.943000000000005
32,TT2,BESTEFFORT,COMPLETED,gpu-1,35.952,"{'cpu-1': 13.059, 'gpu-1': 0.759}",227.7,36.687000000000005,37.446000000000005,inf,42.352,42.352
33,TT1,BESTEFFORT,COMPLETED,cpu-1,37.365,"{'cpu-1': 2.374, 'gpu-1': 1.199}",284.88,37.365,39.739000000000004,inf,41.465,41.465
34,TT2,BESTEFFORT,COMPLETED,gpu-1,37.915,"{'cpu-1': 2.632, 'gpu-1': 1.639}",491.7,37.915,39.554,inf,44.315,44.315
35,TT1,BESTEFFORT,COMPLETED,cpu-1,38.822,"{'cpu-1': 1.765, 'gpu-1': 0.955}",211.79999999999998,39.739000000000004,41.504000000000005,inf,42.922000000000004,42.922000000000004
36,TT2,BESTEFFORT,COMPLETED,gpu-1,38.983,"{'cpu-1': 4.598, 'gpu-1': 1.692}",507.59999999999997,39.554,41.246,inf,45.382999999999996,45.382999999999996
37,TT2,BESTEFFORT,COMPLETED,gpu-1,40.177,"{'cpu-1': 1.862, 'gpu-1': 1.562}",468.6,41.246,42.808,inf,46.577,46.577
38,TT1,BESTEFFORT,COMPLETED,gpu-1,45.436,"{'cpu-1': 1.453, 'gpu-1': 0.983}",294.9,45.436,46.419,inf,49.536,49.536
39,TT2,BESTEFFORT,COMPLETED,gpu-1,45.437,"{'cpu-1': 3.907, 'gpu-1': 1.388}",416.4,46.419,47.806999999999995,inf,51.836999999999996,51.836999999999996
40,TT2,BESTEFFORT,COMPLETED,cpu-1,46.892,"{'cpu-1': 5.746, 'gpu-1': 0.905}",689.5200000000001,46.892,52.638000000000005,inf,53.292,53.292
41,TT2,BESTEFFORT,COMPLETED,gpu-1,51.077,"{'cpu-1': 2.227, 'gpu-1': 3.191}",957.3,51.077,54.268,inf,57.477,57.477
42,TT1,BESTEFFORT,COMPLETED,cpu-1,51.613,"{'cpu-1': 1.259, 'gpu-1': 0.935}",151.07999999999998,52.638000000000005,53.897000000000006,inf,55.713,55.713
43,TT2,BESTEFFORT,COMPLETED,cpu-1,51.675,"{'cpu-1': 2.197, 'gpu-1': 0.903}",263.64,53.897000000000006,56.09400000000001,inf,58.074999999999996,58.074999999999996
44,TT2,BESTEFFORT,COMPLETED,gpu-1,52.084,"{'cpu-1': 4.516, 'gpu-1': 2.972}",891.6,54.268,57.24,inf,58.484,58.484
45,TT1,BESTEFFORT,MISSED,cpu-1,52.6,"{'cpu-1': 1.223, 'gpu-1': 1.119}",72.71999999999935,56.09400000000001,inf,56.7,56.7,56.7
46,TT2,BESTEFFORT,COMPLETED,gpu-1,53.287,"{'cpu-1': 11.333, 'gpu-1': 0.761}",228.3,57.24,58.001000000000005,inf,59.687,59.687
47,TT1,BESTEFFORT,COMPLETED,cpu-1,55.863,"{'cpu-1': 1.834, 'gpu-1': 0.898}",220.08,56.7,58.534000000000006,inf,59.963,59.963
48,TT2,BESTEFFORT,COMPLETED,gpu-1,56.235,"{'cpu-1': 6.635, 'gpu-1': 1.721}",516.3000000000001,58.001000000000005,59.72200000000001,inf,62.635,62.635
49,TT2,BESTEFFORT,COMPLETED,gpu-1,58.775,"{'cpu-1': 10.397, 'gpu-1': 0.981}",294.3,59.72200000000001,60.70300000000001,inf,65.175,65.175
50,TT1,BESTEFFORT,COMPLETED,cpu-1,58.952,"{'cpu-1': 1.104, 'gpu-1': 1.09}",132.48000000000002,58.952,60.056,inf,63.052,63.052
51,TT2,BESTEFFORT,COMPLETED,gpu-1,60.62,"{'cpu-1': 13.409, 'gpu-1': 1.165}",349.5,60.70300000000001,61.86800000000001,inf,67.02,67.02
52,TT1,BESTEFFORT,COMPLETED,gpu-1,61.134,"{'cpu-1': 1.454, 'gpu-1': 1.346}",403.8,61.86800000000001,63.21400000000001,inf,65.234,65.234
53,TT1,BESTEFFORT,COMPLETED,gpu-1,61.718,"{'cpu-1': 1.417, 'gpu-1': 0.611}",183.29999999999998,63.21400000000001,63.82500000000001,inf,65.818,65.818
54,TT1,BESTEFFORT,COMPLETED,cpu-1,62.045,"{'cpu-1': 1.894, 'gpu-1': 0.942}",227.28,62.045,63.939,inf,66.145,66.145
55,TT1,BESTEFFORT,COMPLETED,gpu-1,62.402,"{'cpu-1': 1.25, 'gpu-1': 0.953}",285.9,63.82500000000001,64.778,inf,66.502,66.502
56,TT1,BESTEFFORT,COMPLETED,cpu-1,62.792,"{'cpu-1': 2.088, 'gpu-1': 0.726}",250.56,63.939,66.027,inf,66.892,66.892
57,TT1,BESTEFFORT,COMPLETED,gpu-1,64.206,"{'cpu-1': 1.314, 'gpu-1': 0.614}",184.2,64.778,65.39200000000001,inf,68.306,68.306
58,TT2,BESTEFFORT,COMPLETED,gpu-1,67.2,"{'cpu-1': 4.373, 'gpu-1': 1.335}",400.5,67.2,68.535,inf,73.60000000000001,73.60000000000001
59,TT1,BESTEFFORT,COMPLETED,cpu-1,67.356,"{'cpu-1': 1.102, 'gpu-1': 0.914}",132.24,67.356,68.458,inf,71.45599999999999,71.45599999999999
60,TT2,BESTEFFORT,COMPLETED,gpu-1,68.109,"{'cpu-1': 4.209, 'gpu-1': 0.567}",170.1,68.535,69.10199999999999,inf,74.509,74.509
61,TT2,BESTEFFORT,COMPLETED,gpu-1,68.927,"{'cpu-1': 7.714, 'gpu-1': 1.222}",366.59999999999997,69.10199999999999,70.32399999999998,inf,75.32700000000001,75.32700000000001
62,TT1,BESTEFFORT,COMPLETED,cpu-1,68.991,"{'cpu-1': 0.991, 'gpu-1': 0.951}",118.92,68.991,69.982,inf,73.091,73.091
63,TT1,BESTEFFORT,COMPLETED,gpu-1,70.385,"{'cpu-1': 1.318, 'gpu-1': 0.863}",258.9,70.385,71.248,inf,74.485,74.485
64,TT2,BESTEFFORT,COMPLETED,gpu-1,71.124,"{'cpu-1': 11.326, 'gpu-1': 0.542}",162.60000000000002,71.248,71.79,inf,77.524,77.524
65,TT1,BESTEFFORT,COMPLETED,cpu-1,72.577,"{'cpu-1': 1.239, 'gpu-1': 0.878}",148.68,72.577,73.816,inf,76.67699999999999,76.67699999999999
66,TT2,BESTEFFORT,COMPLETED,gpu-1,74.806,"{'cpu-1': 3.861, 'gpu-1': 0.715}",214.5,74.806,75.521,inf,81.206,81.206
67,TT2,BESTEFFORT,COMPLETED,gpu-1,76.026,"{'cpu-1': 10.464, 'gpu-1': 0.747}",224.1,76.026,76.773,inf,82.426,82.426
68,TT2,BESTEFFORT,COMPLETED,gpu-1,77.232,"{'cpu-1': 11.077, 'gpu-1': 1.133}",339.9,77.232,78.365,inf,83.632,83.632
69,TT2,BESTEFFORT,COMPLETED,gpu-1,77.492,"{'cpu-1': 1.954, 'gpu-1': 3.165}",949.5,78.365,81.53,inf,83.89200000000001,83.89200000000001
70,TT2,BESTEFFORT,COMPLETED,gpu-1,77.945,"{'cpu-1': 2.878, 'gpu-1': 1.723}",516.9,81.53,83.253,inf,84.345,84.345
71,TT1,BESTEFFORT,COMPLETED,cpu-1,78.413,"{'cpu-1': 0.966, 'gpu-1': 1.242}",115.92,78.413,79.37899999999999,inf,82.51299999999999,82.51299999999999
72,TT2,BESTEFFORT,COMPLETED,gpu-1,80.018,"{'cpu-1': 9.789, 'gpu-1': 1.598}",479.40000000000003,83.253,84.851,inf,86.418,86.418
73,TT1,BESTEFFORT,COMPLETED,cpu-1,80.056,"{'cpu-1': 0.939, 'gpu-1': 0.788}",112.67999999999999,80.056,80.99499999999999,inf,84.15599999999999,84.15599999999999
74,TT2,BESTEFFORT,COMPLETED,gpu-1,80.573,"{'cpu-1': 3.485, 'gpu-1': 0.971}",291.3,84.851,85.822,inf,86.973,86.973
75,TT2,BESTEFFORT,COMPLETED,gpu-1,82.378,"{'cpu-1': 5.18, 'gpu-1': 2.295}",688.5,85.822,88.117,inf,88.778,88.778
76,TT2,BESTEFFORT,COMPLETED,cpu-1,82.441,"{'cpu-1': 2.571, 'gpu-1': 0.946}",308.52000000000004,82.441,85.012,inf,88.84100000000001,88.84100000000001
77,TT2,BESTEFFORT,MISSED,cpu-1,82.581,"{'cpu-1': 7.286, 'gpu-1': 0.771}",476.280000000001,85.012,inf,88.98100000000001,88.98100000000001,88.98100000000001
78,TT1,BESTEFFORT,COMPLETED,gpu-1,85.599,"{'cpu-1': 1.001, 'gpu-1': 0.857}",257.1,88.117,88.974,inf,89.699,89.699
79,TT1,BESTEFFORT,COMPLETED,cpu-1,87.624,"{'cpu-1': 0.956, 'gpu-1': 1.337}",114.72,88.98100000000001,89.93700000000001,inf,91.72399999999999,91.72399999999999
80,TT1,BESTEFFORT,COMPLETED,cpu-1,88.285,"{'cpu-1': 1.435, 'gpu-1': 0.897}",172.20000000000002,89.93700000000001,91.37200000000001,inf,92.38499999999999,92.38499999999999
81,TT1,BESTEFFORT,COMPLETED,gpu-1,88.868,"{'cpu-1': 1.294, 'gpu-1': 0.729}",218.7,88.974,89.703,inf,92.96799999999999,92.96799999999999
82,TT1,BESTEFFORT,COMPLETED,gpu-1,89.104,"{'cpu-1': 1.232, 'gpu-1': 0.834}",250.2,89.703,90.537,inf,93.204,93.204
83,TT1,BESTEFFORT,COMPLETED,gpu-1,89.47,"{'cpu-1': 1.772, 'gpu-1': 1.282}",384.6,90.537,91.819,inf,93.57,93.57
84,TT1,BESTEFFORT,COMPLETED,gpu-1,90.177,"{'cpu-1': 0.999, 'gpu-1': 0.951}",285.3,91.819,92.77,inf,94.277,94.277
85,TT2,BESTEFFORT,COMPLETED,gpu-1,91.468,"{'cpu-1': 6.334, 'gpu-1': 1.42}",426.0,92.77,94.19,inf,97.86800000000001,97.86800000000001
86,TT2,BESTEFFORT,COMPLETED,gpu-1,93.028,"{'cpu-1': 13.942, 'gpu-1': 0.731}",219.29999999999998,94.19,94.92099999999999,inf,99.42800000000001,99.42800000000001
87,TT2,BESTEFFORT,COMPLETED,gpu-1,95.665,"{'cpu-1': 11.972, 'gpu-1': 1.172}",351.59999999999997,95.665,96.837,inf,102.06500000000001,102.06500000000001
88,TT1,BESTEFFORT,COMPLETED,cpu-1,96.519,"{'cpu-1': 2.162, 'gpu-1': 1.078}",259.44,96.519,98.68100000000001,inf,100.619,100.619
89,TT2,BESTEFFORT,COMPLETED,gpu-1,98.036,"{'cpu-1': 6.309, 'gpu-1': 0.617}",185.1,98.036,98.653,inf,104.436,104.436
90,TT2,BESTEFFORT,COMPLETED,gpu-1,98.179,"{'cpu-1': 3.698, 'gpu-1': 2.669}",800.7,98.653,101.322,inf,104.57900000000001,104.57900000000001
91,TT2,BESTEFFORT,MISSED,cpu-1,98.51,"{'cpu-1': 7.084, 'gpu-1': 0.954}",747.4799999999999,98.68100000000001,inf,104.91000000000001,104.91000000000001,104.91000000000001
92,TT2,BESTEFFORT,COMPLETED,gpu-1,98.856,"{'cpu-1': 4.174, 'gpu-1': 1.061}",318.29999999999995,101.322,102.38300000000001,inf,105.256,105.256
93,TT1,BESTEFFORT,MISSED,gpu-1,99.184,"{'cpu-1': 1.2, 'gpu-1': 0.948}",270.2999999999946,102.38300000000001,inf,103.28399999999999,103.28399999999999,103.28399999999999
94,TT1,BESTEFFORT,MISSED,cpu-1,100.564,"{'cpu-1': 0.943, 'gpu-1': 0.844}",0.0,104.91000000000001,inf,104.91000000000001,104.66399999999999,104.66399999999999
95,TT2,BESTEFFORT,COMPLETED,gpu-1,100.918,"{'cpu-1': 5.734, 'gpu-1': 1.916}",574.8,103.28399999999999,105.19999999999999,inf,107.31800000000001,107.31800000000001
96,TT2,BESTEFFORT,MISSED,cpu-1,101.422,"{'cpu-1': 4.209, 'gpu-1': 0.773}",349.43999999999903,104.91000000000001,inf,107.822,107.822,107.822
97,TT2,BESTEFFORT,COMPLETED,gpu-1,101.818,"{'cpu-1': 6.764, 'gpu-1': 2.843}",852.9,105.19999999999999,108.04299999999999,inf,108.218,108.218
98,TT2,BESTEFFORT,MISSED,cpu-1,101.917,"{'cpu-1': 5.064, 'gpu-1': 2.4}",59.400000000000546,107.822,inf,108.31700000000001,108.31700000000001,108.31700000000001
99,TT1,BESTEFFORT,MISSED,gpu-1,102.403,"{'cpu-1': 1.217, 'gpu-1': 0.785}",0.0,108.04299999999999,inf,108.04299999999999,106.503,106.503
100,TT2,BESTEFFORT,MISSED,gpu-1,102.885,"{'cpu-1': 5.97, 'gpu-1': 1.849}",372.6000000000056,108.04299999999999,inf,109.28500000000001,109.28500000000001,109.28500000000001
101,TT2,BESTEFFORT,MISSED,cpu-1,104.288,"{'cpu-1': 6.873, 'gpu-1': 1.721}",284.5199999999994,108.31700000000001,inf,110.688,110.688,110.688
102,TT1,BESTEFFORT,COMPLETED,gpu-1,106.535,"{'cpu-1': 1.253, 'gpu-1': 0.89}",267.0,109.28500000000001,110.17500000000001,inf,110.63499999999999,110.63499999999999
103,TT1,BESTEFFORT,MISSED,cpu-1,107.593,"{'cpu-1': 1.07, 'gpu-1': 1.449}",120.59999999999945,110.688,inf,111.693,111.693,111.693
104,TT1,BESTEFFORT,MISSED,cpu-1,107.83,"{'cpu-1': 0.966, 'gpu-1': 1.235}",28.439999999999372,111.693,inf,111.92999999999999,111.92999999999999,111.92999999999999
105,TT1,BESTEFFORT,COMPLETED,gpu-1,107.834,"{'cpu-1': 0.999, 'gpu-1': 0.794}",238.20000000000002,110.17500000000001,110.96900000000001,inf,111.934,111.934
106,TT2,BESTEFFORT,COMPLETED,gpu-1,108.614,"{'cpu-1': 4.972, 'gpu-1': 1.093}",327.9,110.96900000000001,112.06200000000001,inf,115.01400000000001,115.01400000000001
107,TT1,BESTEFFORT,COMPLETED,cpu-1,110.9,"{'cpu-1': 1.032, 'gpu-1': 0.949}",123.84,111.92999999999999,112.96199999999999,inf,115.0,115.0
108,TT1,BESTEFFORT,COMPLETED,gpu-1,112.47,"{'cpu-1': 1.294, 'gpu-1': 0.91}",273.0,112.47,113.38,inf,116.57,116.57
109,TT1,BESTEFFORT,COMPLETED,gpu-1,112.545,"{'cpu-1': 1.363, 'gpu-1': 1.227}",368.1,113.38,114.607,inf,116.645,116.645
110,TT1,BESTEFFORT,COMPLETED,cpu-1,113.109,"{'cpu-1': 2.371, 'gpu-1': 1.242}",284.52,113.109,115.47999999999999,inf,117.20899999999999,117.20899999999999
111,TT2,BESTEFFORT,MISSED,cpu-1,113.458,"{'cpu-1': 7.67, 'gpu-1': 0.682}",525.3600000000017,115.47999999999999,inf,119.858,119.858,119.858
112,TT2,BESTEFFORT,COMPLETED,gpu-1,113.851,"{'cpu-1': 8.355, 'gpu-1': 1.693}",507.90000000000003,114.607,116.3,inf,120.251,120.251
113,TT1,BESTEFFORT,COMPLETED,gpu-1,114.14,"{'cpu-1': 1.501, 'gpu-1': 1.128}",338.4,116.3,117.428,inf,118.24,118.24
114,TT1,BESTEFFORT,MISSED,cpu-1,114.268,"{'cpu-1': 1.237, 'gpu-1': 0.627}",0.0,119.858,inf,119.858,118.368,118.368
115,TT2,BESTEFFORT,COMPLETED,gpu-1,120.004,"{'cpu-1': 2.997, 'gpu-1': 2.002}",600.5999999999999,120.004,122.006,inf,126.40400000000001,126.40400000000001
116,TT1,BESTEFFORT,COMPLETED,cpu-1,120.271,"{'cpu-1': 1.537, 'gpu-1': 0.91}",184.44,120.271,121.808,inf,124.371,124.371
117,TT2,BESTEFFORT,COMPLETED,gpu-1,122.358,"{'cpu-1': 2.941, 'gpu-1': 2.952}",885.6,122.358,125.31,inf,128.758,128.758
118,TT1,BESTEFFORT,COMPLETED,gpu-1,126.652,"{'cpu-1': 2.228, 'gpu-1': 0.922}",276.6,126.652,127.574,inf,130.752,130.752
119,TT1,BESTEFFORT,COMPLETED,gpu-1,127.112,"{'cpu-1': 1.237, 'gpu-1': 1.259}",377.7,127.574,128.833,inf,131.212,131.212
120,TT1,BESTEFFORT,COMPLETED,gpu-1,127.254,"{'cpu-1': 1.032, 'gpu-1': 0.84}",252.0,128.833,129.673,inf,131.354,131.354
121,TT2,BESTEFFORT,COMPLETED,gpu-1,127.43,"{'cpu-1': 3.917, 'gpu-1': 1.659}",497.7,129.673,131.332,inf,133.83,133.83
122,TT2,BESTEFFORT,MISSED,cpu-1,128.046,"{'cpu-1': 10.636, 'gpu-1': 0.929}",768.0000000000007,128.046,inf,134.446,134.446,134.446
123,TT1,BESTEFFORT,MISSED,cpu-1,131.497,"{'cpu-1': 1.251, 'gpu-1': 0.677}",138.12000000000126,134.446,inf,135.597,135.597,135.597
124,TT2,BESTEFFORT,COMPLETED,gpu-1,132.395,"{'cpu-1': 4.488, 'gpu-1': 2.508}",752.4,132.395,134.90300000000002,inf,138.79500000000002,138.79500000000002
125,TT2,BESTEFFORT,COMPLETED,gpu-1,132.783,"{'cpu-1': 3.004, 'gpu-1': 1.86}",558.0,134.90300000000002,136.76300000000003,inf,139.183,139.183
126,TT1,BESTEFFORT,COMPLETED,cpu-1,133.326,"{'cpu-1': 1.468, 'gpu-1': 0.944}",176.16,135.597,137.065,inf,137.426,137.426
127,TT2,BESTEFFORT,COMPLETED,gpu-1,133.911,"{'cpu-1': 2.558, 'gpu-1': 1.663}",498.90000000000003,136.76300000000003,138.42600000000004,inf,140.311,140.311
128,TT2,BESTEFFORT,COMPLETED,gpu-1,134.745,"{'cpu-1': 10.237, 'gpu-1': 0.745}",223.5,138.42600000000004,139.17100000000005,inf,141.145,141.145
129,TT2,BESTEFFORT,MISSED,cpu-1,134.779,"{'cpu-1': 5.388, 'gpu-1': 1.254}",493.6800000000005,137.065,inf,141.179,141.179,141.179
130,TT1,BESTEFFORT,MISSED,cpu-1,135.259,"{'cpu-1': 1.248, 'gpu-1': 0.844}",0.0,141.179,inf,141.179,139.35899999999998,139.35899999999998
131,TT1,BESTEFFORT,MISSED,cpu-1,135.982,"{'cpu-1': 1.956, 'gpu-1': 1.237}",0.0,141.179,inf,141.179,140.082,140.082
132,TT1,BESTEFFORT,COMPLETED,gpu-1,136.414,"{'cpu-1': 1.406, 'gpu-1': 1.044}",313.2,139.17100000000005,140.21500000000006,inf,140.51399999999998,140.51399999999998
133,TT2,BESTEFFORT,MISSED,gpu-1,136.472,"{'cpu-1': 5.649, 'gpu-1': 3.084}",797.0999999999862,140.21500000000006,inf,142.872,142.872,142.872
134,TT1,BESTEFFORT,MISSED,cpu-1,137.497,"{'cpu-1': 1.916, 'gpu-1': 1.143}",50.160000000000764,141.179,inf,141.597,141.597,141.597
135,TT2,BESTEFFORT,MISSED,gpu-1,138.224,"{'cpu-1': 2.923, 'gpu-1': 1.924}",327.29999999999393,143.53300000000002,inf,144.624,144.624,144.624
136,TT2,BESTEFFORT,COMPLETED,gpu-1,138.387,"{'cpu-1': 2.485, 'gpu-1': 0.661}",198.3,142.872,143.53300000000002,inf,144.787,144.787
137,TT1,BESTEFFORT,MISSED,gpu-1,140.387,"{'cpu-1': 1.476, 'gpu-1': 1.342}",0.0,144.624,inf,144.624,144.487,144.487
138,TT2,BESTEFFORT,MISSED,cpu-1,140.683,"{'cpu-1': 8.781, 'gpu-1': 1.133}",203.87999999999806,145.38400000000001,inf,147.083,147.083,147.083
139,TT2,BESTEFFORT,COMPLETED,cpu-1,140.707,"{'cpu-1': 3.787, 'gpu-1': 1.35}",454.44,141.597,145.38400000000001,inf,147.107,147.107
140,TT1,BESTEFFORT,MISSED,cpu-1,141.075,"{'cpu-1': 1.257, 'gpu-1': 1.335}",0.0,147.083,inf,147.083,145.17499999999998,145.17499999999998
141,TT2,BESTEFFORT,MISSED,cpu-1,141.553,"{'cpu-1': 2.082, 'gpu-1': 0.733}",104.40000000000055,147.083,inf,147.953,147.953,147.953
142,TT1,BESTEFFORT,COMPLETED,gpu-1,142.286,"{'cpu-1': 1.344, 'gpu-1': 0.654}",196.20000000000002,144.624,145.278,inf,146.386,146.386
143,TT1,BESTEFFORT,COMPLETED,gpu-1,144.525,"{'cpu-1': 0.973, 'gpu-1': 0.917}",275.1,145.278,146.195,inf,148.625,148.625
144,TT1,BESTEFFORT,COMPLETED,gpu-1,146.121,"{'cpu-1': 1.515, 'gpu-1': 1.044}",313.2,146.195,147.239,inf,150.221,150.221
145,TT2,BESTEFFORT,COMPLETED,gpu-1,146.782,"{'cpu-1': 2.193, 'gpu-1': 2.985}",895.5,147.239,150.22400000000002,inf,153.18200000000002,153.18200000000002
146,TT1,BESTEFFORT,COMPLETED,gpu-1,151.774,"{'cpu-1': 2.106, 'gpu-1': 1.173}",351.90000000000003,151.774,152.947,inf,155.874,155.874
147,TT1,BESTEFFORT,COMPLETED,gpu-1,152.278,"{'cpu-1': 0.991, 'gpu-1': 0.967}",290.09999999999997,152.947,153.91400000000002,inf,156.378,156.378
148,TT1,BESTEFFORT,COMPLETED,gpu-1,154.63,"{'cpu-1': 1.337, 'gpu-1': 0.832}",249.6,154.63,155.462,inf,158.73,158.73
149,TT2,BESTEFFORT,COMPLETED,gpu-1,155.392,"{'cpu-1': 13.219, 'gpu-1': 1.397}",419.1,155.462,156.85899999999998,inf,161.792,161.792
150,TT2,BESTEFFORT,MISSED,cpu-1,155.434,"{'cpu-1': 6.608, 'gpu-1': 2.984}",768.0000000000007,155.434,inf,161.834,161.834,161.834
151,TT2,BESTEFFORT,COMPLETED,gpu-1,156.177,"{'cpu-1': 5.824, 'gpu-1': 3.064}",919.2,156.85899999999998,159.92299999999997,inf,162.577,162.577
152,TT2,BESTEFFORT,COMPLETED,gpu-1,157.645,"{'cpu-1': 3.984, 'gpu-1': 1.787}",536.1,159.92299999999997,161.70999999999998,inf,164.04500000000002,164.04500000000002
153,TT2,BESTEFFORT,COMPLETED,gpu-1,158.017,"{'cpu-1': 8.402, 'gpu-1': 1.231}",369.3,161.70999999999998,162.94099999999997,inf,164.417,164.417
154,TT2,BESTEFFORT,COMPLETED,cpu-1,159.865,"{'cpu-1': 2.941, 'gpu-1': 1.504}",352.91999999999996,161.834,164.775,inf,166.26500000000001,166.26500000000001
155,TT1,BESTEFFORT,MISSED,cpu-1,159.902,"{'cpu-1': 1.292, 'gpu-1': 1.093}",0.0,164.775,inf,164.775,164.00199999999998,164.00199999999998
156,TT1,BESTEFFORT,MISSED,cpu-1,161.185,"{'cpu-1': 1.3, 'gpu-1': 1.047}",61.19999999999891,164.775,inf,165.285,165.285,165.285
157,TT2,BESTEFFORT,COMPLETED,gpu-1,161.321,"{'cpu-1': 11.869, 'gpu-1': 2.811}",843.3,162.94099999999997,165.75199999999998,inf,167.721,167.721
158,TT1,BESTEFFORT,COMPLETED,gpu-1,163.675,"{'cpu-1': 1.752, 'gpu-1': 1.228}",368.4,165.75199999999998,166.98,inf,167.775,167.775
159,TT2,BESTEFFORT,COMPLETED,gpu-1,164.223,"{'cpu-1': 2.064, 'gpu-1': 0.824}",247.2,166.98,167.804,inf,170.62300000000002,170.62300000000002
160,TT1,BESTEFFORT,COMPLETED,cpu-1,165.919,"{'cpu-1': 1.272, 'gpu-1': 1.121}",152.64000000000001,165.919,167.191,inf,170.019,170.019
161,TT1,BESTEFFORT,COMPLETED,gpu-1,166.091,"{'cpu-1': 1.822, 'gpu-1': 1.093}",327.9,167.804,168.897,inf,170.191,170.191
162,TT1,BESTEFFORT,COMPLETED,cpu-1,166.197,"{'cpu-1': 1.791, 'gpu-1': 1.115}",214.92,167.191,168.982,inf,170.297,170.297
163,TT2,BESTEFFORT,COMPLETED,gpu-1,166.909,"{'cpu-1': 9.02, 'gpu-1': 1.54}",462.0,168.897,170.43699999999998,inf,173.309,173.309
164,TT2,BESTEFFORT,MISSED,cpu-1,167.95,"{'cpu-1': 5.62, 'gpu-1': 1.998}",644.1599999999994,168.982,inf,174.35,174.35,174.35
165,TT2,BESTEFFORT,COMPLETED,gpu-1,168.242,"{'cpu-1': 6.475, 'gpu-1': 3.488}",1046.4,170.43699999999998,173.92499999999998,inf,174.642,174.642
166,TT1,BESTEFFORT,MISSED,gpu-1,168.701,"{'cpu-1': 1.29, 'gpu-1': 0.935}",0.0,173.92499999999998,inf,173.92499999999998,172.801,172.801
167,TT1,BESTEFFORT,MISSED,cpu-1,170.349,"{'cpu-1': 1.434, 'gpu-1': 1.359}",11.879999999998745,174.35,inf,174.44899999999998,174.44899999999998,174.44899999999998
168,TT2,BESTEFFORT,COMPLETED,gpu-1,172.003,"{'cpu-1': 4.055, 'gpu-1': 2.067}",620.1,173.92499999999998,175.992,inf,178.403,178.403
169,TT1,BESTEFFORT,COMPLETED,gpu-1,175.198,"{'cpu-1': 1.501, 'gpu-1': 0.92}",276.0,175.992,176.91199999999998,inf,179.298,179.298
170,TT1,BESTEFFORT,COMPLETED,cpu-1,176.095,"{'cpu-1': 1.002, 'gpu-1': 1.134}",120.24,176.095,177.097,inf,180.195,180.195
171,TT1,BESTEFFORT,COMPLETED,gpu-1,176.105,"{'cpu-1': 1.486, 'gpu-1': 0.944}",283.2,176.91199999999998,177.85599999999997,inf,180.20499999999998,180.20499999999998
172,TT1,BESTEFFORT,COMPLETED,gpu-1,178.508,"{'cpu-1': 1.185, 'gpu-1': 0.839}",251.7,178.508,179.347,inf,182.608,182.608
173,TT1,BESTEFFORT,COMPLETED,gpu-1,181.463,"{'cpu-1': 1.038, 'gpu-1': 0.873}",261.9,181.463,182.33599999999998,inf,185.563,185.563
174,TT2,BESTEFFORT,COMPLETED,gpu-1,182.377,"{'cpu-1': 3.12, 'gpu-1': 0.781}",234.3,182.377,183.15800000000002,inf,188.77700000000002,188.77700000000002
175,TT2,BESTEFFORT,COMPLETED,gpu-1,182.433,"{'cpu-1': 5.184, 'gpu-1': 2.265}",679.5,183.15800000000002,185.423,inf,188.833,188.833
176,TT2,BESTEFFORT,COMPLETED,gpu-1,185.691,"{'cpu-1': 9.082, 'gpu-1': 1.107}",332.1,185.691,186.798,inf,192.091,192.091
177,TT1,BESTEFFORT,COMPLETED,cpu-1,186.44,"{'cpu-1': 2.176, 'gpu-1': 1.144}",261.12,186.44,188.61599999999999,inf,190.54,190.54
178,TT2,BESTEFFORT,COMPLETED,gpu-1,187.967,"{'cpu-1': 3.52, 'gpu-1': 2.546}",763.8,187.967,190.513,inf,194.36700000000002,194.36700000000002
179,TT1,BESTEFFORT,COMPLETED,cpu-1,188.369,"{'cpu-1': 1.417, 'gpu-1': 0.913}",170.04,188.61599999999999,190.033,inf,192.469,192.469
180,TT2,BESTEFFORT,COMPLETED,gpu-1,188.91,"{'cpu-1': 8.012, 'gpu-1': 1.506}",451.8,190.513,192.019,inf,195.31,195.31
181,TT2,BESTEFFORT,COMPLETED,cpu-1,188.938,"{'cpu-1': 1.603, 'gpu-1': 0.71}",192.35999999999999,190.033,191.636,inf,195.338,195.338
182,TT1,BESTEFFORT,COMPLETED,cpu-1,191.766,"{'cpu-1': 1.274, 'gpu-1': 0.626}",152.88,191.766,193.04,inf,195.86599999999999,195.86599999999999
183,TT1,BESTEFFORT,COMPLETED,gpu-1,192.122,"{'cpu-1': 1.435, 'gpu-1': 0.73}",219.0,192.122,192.852,inf,196.222,196.222
184,TT2,BESTEFFORT,COMPLETED,gpu-1,192.512,"{'cpu-1': 3.821, 'gpu-1': 1.626}",487.79999999999995,192.852,194.478,inf,198.912,198.912
185,TT2,BESTEFFORT,COMPLETED,gpu-1,194.353,"{'cpu-1': 4.718, 'gpu-1': 1.636}",490.79999999999995,194.478,196.114,inf,200.75300000000001,200.75300000000001
186,TT1,BESTEFFORT,COMPLETED,cpu-1,194.786,"{'cpu-1': 1.073, 'gpu-1': 0.95}",128.76,194.786,195.859,inf,198.886,198.886
187,TT2,BESTEFFORT,COMPLETED,gpu-1,196.914,"{'cpu-1': 2.03, 'gpu-1': 2.119}",635.7,196.914,199.033,inf,203.314,203.314
188,TT1,BESTEFFORT,COMPLETED,gpu-1,197.997,"{'cpu-1': 1.448, 'gpu-1': 0.625}",187.5,199.033,199.658,inf,202.097,202.097
189,TT1,BESTEFFORT,COMPLETED,cpu-1,198.054,"{'cpu-1': 1.224, 'gpu-1': 1.082}",146.88,198.054,199.278,inf,202.154,202.154
190,TT1,BESTEFFORT,COMPLETED,cpu-1,198.909,"{'cpu-1': 0.954, 'gpu-1': 0.872}",114.47999999999999,199.278,200.232,inf,203.009,203.009
191,TT1,BESTEFFORT,COMPLETED,cpu-1,201.05,"{'cpu-1': 1.334, 'gpu-1': 1.476}",160.08,201.05,202.38400000000001,inf,205.15,205.15
192,TT1,BESTEFFORT,COMPLETED,gpu-1,201.403,"{'cpu-1': 1.27, 'gpu-1': 0.674}",202.20000000000002,201.403,202.077,inf,205.503,205.503
193,TT2,BESTEFFORT,COMPLETED,cpu-1,201.406,"{'cpu-1': 3.748, 'gpu-1': 1.014}",449.76000000000005,202.38400000000001,206.132,inf,207.806,207.806
194,TT1,BESTEFFORT,COMPLETED,gpu-1,201.61,"{'cpu-1': 1.944, 'gpu-1': 0.867}",260.1,202.077,202.944,inf,205.71,205.71
195,TT2,BESTEFFORT,COMPLETED,gpu-1,201.991,"{'cpu-1': 7.542, 'gpu-1': 0.528}",158.4,202.944,203.47199999999998,inf,208.39100000000002,208.39100000000002
196,TT2,BESTEFFORT,COMPLETED,gpu-1,203.04,"{'cpu-1': 11.813, 'gpu-1': 1.206}",361.8,203.47199999999998,204.67799999999997,inf,209.44,209.44
197,TT2,BESTEFFORT,COMPLETED,gpu-1,203.063,"{'cpu-1': 6.601, 'gpu-1': 0.959}",287.7,204.67799999999997,205.63699999999997,inf,209.463,209.463
198,TT1,BESTEFFORT,COMPLETED,gpu-1,203.861,"{'cpu-1': 1.212, 'gpu-1': 0.903}",270.90000000000003,205.63699999999997,206.53999999999996,inf,207.96099999999998,207.96099999999998
199,TT1,BESTEFFORT,COMPLETED,cpu-1,204.399,"{'cpu-1': 1.825, 'gpu-1': 0.932}",219.0,206.132,207.957,inf,208.499,208.499
200,TT1,BESTEFFORT,COMPLETED,gpu-1,205.32,"{'cpu-1': 1.466, 'gpu-1': 0.881}",264.3,206.53999999999996,207.42099999999996,inf,209.42,209.42
201,TT2,BESTEFFORT,COMPLETED,gpu-1,206.09,"{'cpu-1': 9.123, 'gpu-1': 1.484}",445.2,207.42099999999996,208.90499999999997,inf,212.49,212.49
202,TT1,BESTEFFORT,COMPLETED,cpu-1,206.118,"{'cpu-1': 1.272, 'gpu-1': 1.451}",152.64000000000001,207.957,209.22899999999998,inf,210.218,210.218
203,TT2,BESTEFFORT,COMPLETED,gpu-1,206.995,"{'cpu-1': 4.088, 'gpu-1': 1.085}",325.5,208.90499999999997,209.98999999999998,inf,213.395,213.395
204,TT2,BESTEFFORT,COMPLETED,cpu-1,207.476,"{'cpu-1': 3.21, 'gpu-1': 1.791}",385.2,209.22899999999998,212.439,inf,213.876,213.876
205,TT2,BESTEFFORT,COMPLETED,gpu-1,208.664,"{'cpu-1': 5.746, 'gpu-1': 0.704}",211.2,209.98999999999998,210.694,inf,215.064,215.064
206,TT2,BESTEFFORT,COMPLETED,gpu-1,209.439,"{'cpu-1': 4.195, 'gpu-1': 1.168}",350.4,210.694,211.862,inf,215.839,215.839
207,TT2,BESTEFFORT,COMPLETED,gpu-1,209.559,"{'cpu-1': 3.969, 'gpu-1': 0.912}",273.6,211.862,212.774,inf,215.959,215.959
208,TT2,BESTEFFORT,COMPLETED,cpu-1,213.905,"{'cpu-1': 4.501, 'gpu-1': 0.955}",540.12,213.905,218.406,inf,220.305,220.305
209,TT1,BESTEFFORT,COMPLETED,gpu-1,214.786,"{'cpu-1': 1.803, 'gpu-1': 1.146}",343.79999999999995,214.786,215.932,inf,218.886,218.886
210,TT2,BESTEFFORT,COMPLETED,gpu-1,215.795,"{'cpu-1': 5.887, 'gpu-1': 1.279}",383.7,215.932,217.21099999999998,inf,222.195,222.195
211,TT1,BESTEFFORT,COMPLETED,cpu-1,215.935,"{'cpu-1': 1.24, 'gpu-1': 1.245}",148.8,218.406,219.64600000000002,inf,220.035,220.035
212,TT2,BESTEFFORT,COMPLETED,gpu-1,217.143,"{'cpu-1': 1.602, 'gpu-1': 1.107}",332.1,217.21099999999998,218.31799999999998,inf,223.543,223.543
213,TT2,BESTEFFORT,COMPLETED,gpu-1,218.926,"{'cpu-1': 2.762, 'gpu-1': 2.845}",853.5000000000001,218.926,221.771,inf,225.326,225.326
214,TT1,BESTEFFORT,COMPLETED,cpu-1,219.503,"{'cpu-1': 1.294, 'gpu-1': 1.401}",155.28,219.64600000000002,220.94000000000003,inf,223.60299999999998,223.60299999999998
215,TT2,BESTEFFORT,COMPLETED,gpu-1,222.134,"{'cpu-1': 4.961, 'gpu-1': 1.42}",426.0,222.134,223.55399999999997,inf,228.534,228.534
216,TT2,BESTEFFORT,COMPLETED,gpu-1,222.579,"{'cpu-1': 2.558, 'gpu-1': 0.615}",184.5,223.55399999999997,224.16899999999998,inf,228.979,228.979
217,TT2,BESTEFFORT,COMPLETED,gpu-1,222.964,"{'cpu-1': 2.241, 'gpu-1': 1.403}",420.90000000000003,224.16899999999998,225.57199999999997,inf,229.364,229.364
218,TT2,BESTEFFORT,COMPLETED,gpu-1,224.063,"{'cpu-1': 8.402, 'gpu-1': 0.686}",205.8,225.57199999999997,226.25799999999998,inf,230.463,230.463
219,TT2,BESTEFFORT,COMPLETED,cpu-1,224.118,"{'cpu-1': 2.248, 'gpu-1': 1.915}",269.76000000000005,224.118,226.36599999999999,inf,230.518,230.518
220,TT2,BESTEFFORT,COMPLETED,gpu-1,226.009,"{'cpu-1': 6.475, 'gpu-1': 2.908}",872.4,226.25799999999998,229.16599999999997,inf,232.409,232.409
221,TT2,BESTEFFORT,COMPLETED,gpu-1,228.361,"{'cpu-1': 8.766, 'gpu-1': 0.622}",186.6,229.16599999999997,229.78799999999998,inf,234.761,234.761
222,TT2,BESTEFFORT,COMPLETED,gpu-1,228.747,"{'cpu-1': 8.809, 'gpu-1': 1.337}",401.09999999999997,229.78799999999998,231.12499999999997,inf,235.14700000000002,235.14700000000002
223,TT2,BESTEFFORT,COMPLETED,cpu-1,229.665,"{'cpu-1': 1.812, 'gpu-1': 0.533}",217.44,229.665,231.477,inf,236.065,236.065
224,TT2,BESTEFFORT,COMPLETED,gpu-1,230.334,"{'cpu-1': 12.424, 'gpu-1': 1.208}",362.4,231.12499999999997,232.33299999999997,inf,236.734,236.734
225,TT1,BESTEFFORT,COMPLETED,gpu-1,230.863,"{'cpu-1': 1.328, 'gpu-1': 0.619}",185.7,232.33299999999997,232.95199999999997,inf,234.963,234.963
226,TT1,BESTEFFORT,COMPLETED,gpu-1,233.855,"{'cpu-1': 1.29, 'gpu-1': 1.246}",373.8,233.855,235.101,inf,237.95499999999998,237.95499999999998
227,TT1,BESTEFFORT,COMPLETED,gpu-1,235.478,"{'cpu-1': 1.024, 'gpu-1': 0.789}",236.70000000000002,235.478,236.267,inf,239.578,239.578
228,TT2,BESTEFFORT,COMPLETED,cpu-1,236.819,"{'cpu-1': 4.07, 'gpu-1': 2.653}",488.40000000000003,236.819,240.88899999999998,inf,243.219,243.219
229,TT1,BESTEFFORT,COMPLETED,gpu-1,237.152,"{'cpu-1': 2.114, 'gpu-1': 0.992}",297.6,237.152,238.14399999999998,inf,241.25199999999998,241.25199999999998
230,TT2,BESTEFFORT,COMPLETED,gpu-1,239.087,"{'cpu-1': 5.338, 'gpu-1': 0.846}",253.79999999999998,239.087,239.933,inf,245.487,245.487
231,TT2,BESTEFFORT,COMPLETED,gpu-1,239.311,"{'cpu-1': 9.651, 'gpu-1': 3.151}",945.3,239.933,243.084,inf,245.711,245.711
232,TT2,BESTEFFORT,COMPLETED,cpu-1,240.737,"{'cpu-1': 3.139, 'gpu-1': 1.46}",376.67999999999995,240.88899999999998,244.028,inf,247.137,247.137
233,TT1,BESTEFFORT,COMPLETED,gpu-1,241.267,"{'cpu-1': 1.311, 'gpu-1': 1.238}",371.4,243.084,244.322,inf,245.367,245.367
234,TT1,BESTEFFORT,COMPLETED,gpu-1,242.755,"{'cpu-1': 1.825, 'gpu-1': 1.405}",421.5,244.322,245.727,inf,246.855,246.855
235,TT2,BESTEFFORT,COMPLETED,gpu-1,243.094,"{'cpu-1': 5.488, 'gpu-1': 1.553}",465.9,245.727,247.28,inf,249.494,249.494
236,TT1,BESTEFFORT,COMPLETED,cpu-1,245.47,"{'cpu-1': 1.461, 'gpu-1': 1.085}",175.32000000000002,245.47,246.931,inf,249.57,249.57
237,TT1,BESTEFFORT,COMPLETED,gpu-1,245.553,"{'cpu-1': 2.016, 'gpu-1': 1.213}",363.90000000000003,247.28,248.493,inf,249.653,249.653
238,TT2,BESTEFFORT,COMPLETED,gpu-1,247.359,"{'cpu-1': 3.907, 'gpu-1': 2.007}",602.1,248.493,250.5,inf,253.75900000000001,253.75900000000001
239,TT2,BESTEFFORT,COMPLETED,gpu-1,251.253,"{'cpu-1': 4.098, 'gpu-1': 0.961}",288.3,251.253,252.214,inf,257.65299999999996,257.65299999999996
240,TT2,BESTEFFORT,COMPLETED,cpu-1,251.783,"{'cpu-1': 3.337, 'gpu-1': 1.222}",400.44,251.783,255.11999999999998,inf,258.183,258.183
241,TT1,BESTEFFORT,COMPLETED,gpu-1,252.389,"{'cpu-1': 1.99, 'gpu-1': 0.912}",273.6,252.389,253.30100000000002,inf,256.48900000000003,256.48900000000003
242,TT1,BESTEFFORT,COMPLETED,gpu-1,253.146,"{'cpu-1': 2.261, 'gpu-1': 1.121}",336.3,253.30100000000002,254.42200000000003,inf,257.246,257.246
243,TT1,BESTEFFORT,COMPLETED,gpu-1,253.444,"{'cpu-1': 1.79, 'gpu-1': 0.836}",250.79999999999998,254.42200000000003,255.25800000000004,inf,257.544,257.544
244,TT1,BESTEFFORT,COMPLETED,cpu-1,254.444,"{'cpu-1': 1.004, 'gpu-1': 1.252}",120.48,255.11999999999998,256.12399999999997,inf,258.544,258.544
245,TT2,BESTEFFORT,COMPLETED,gpu-1,254.513,"{'cpu-1': 1.898, 'gpu-1': 1.667}",500.1,255.25800000000004,256.925,inf,260.913,260.913
246,TT1,BESTEFFORT,COMPLETED,cpu-1,255.736,"{'cpu-1': 1.25, 'gpu-1': 1.333}",150.0,256.12399999999997,257.37399999999997,inf,259.836,259.836
247,TT1,BESTEFFORT,COMPLETED,cpu-1,255.901,"{'cpu-1': 2.016, 'gpu-1': 0.794}",241.92000000000002,257.37399999999997,259.39,inf,260.00100000000003,260.00100000000003
248,TT2,BESTEFFORT,COMPLETED,gpu-1,256.424,"{'cpu-1': 2.296, 'gpu-1': 2.405}",721.4999999999999,256.925,259.33,inf,262.82399999999996,262.82399999999996
249,TT2,BESTEFFORT,COMPLETED,gpu-1,258.116,"{'cpu-1': 8.13, 'gpu-1': 1.261}",378.29999999999995,259.33,260.591,inf,264.51599999999996,264.51599999999996
250,TT1,BESTEFFORT,COMPLETED,cpu-1,258.744,"{'cpu-1': 0.936, 'gpu-1': 0.835}",112.32000000000001,259.39,260.32599999999996,inf,262.84400000000005,262.84400000000005
251,TT2,BESTEFFORT,COMPLETED,gpu-1,258.753,"{'cpu-1': 7.115, 'gpu-1': 0.974}",292.2,260.591,261.565,inf,265.15299999999996,265.15299999999996
252,TT1,BESTEFFORT,COMPLETED,cpu-1,259.963,"{'cpu-1': 1.262, 'gpu-1': 0.621}",151.44,260.32599999999996,261.58799999999997,inf,264.06300000000005,264.06300000000005
253,TT1,BESTEFFORT,COMPLETED,cpu-1,260.911,"{'cpu-1': 0.993, 'gpu-1': 0.73}",119.16,261.58799999999997,262.58099999999996,inf,265.011,265.011
254,TT2,BESTEFFORT,COMPLETED,gpu-1,260.962,"{'cpu-1': 3.162, 'gpu-1': 0.932}",279.6,261.565,262.497,inf,267.36199999999997,267.36199999999997
255,TT1,BESTEFFORT,COMPLETED,gpu-1,264.593,"{'cpu-1': 1.117, 'gpu-1': 0.677}",203.10000000000002,264.593,265.27000000000004,inf,268.69300000000004,268.69300000000004
256,TT2,BESTEFFORT,COMPLETED,gpu-1,266.734,"{'cpu-1': 4.933, 'gpu-1': 0.929}",278.7,266.734,267.66299999999995,inf,273.13399999999996,273.13399999999996
257,TT2,BESTEFFORT,COMPLETED,gpu-1,266.842,"{'cpu-1': 3.527, 'gpu-1': 1.668}",500.4,267.66299999999995,269.33099999999996,inf,273.24199999999996,273.24199999999996
258,TT2,BESTEFFORT,COMPLETED,gpu-1,267.758,"{'cpu-1': 5.62, 'gpu-1': 0.636}",190.8,269.33099999999996,269.967,inf,274.15799999999996,274.15799999999996
259,TT2,BESTEFFORT,COMPLETED,gpu-1,268.975,"{'cpu-1': 6.082, 'gpu-1': 1.644}",493.2,269.967,271.611,inf,275.375,275.375
260,TT1,BESTEFFORT,COMPLETED,cpu-1,269.324,"{'cpu-1': 1.79, 'gpu-1': 0.857}",214.8,269.324,271.11400000000003,inf,273.42400000000004,273.42400000000004
261,TT2,BESTEFFORT,COMPLETED,gpu-1,269.571,"{'cpu-1': 4.961, 'gpu-1': 3.064}",919.2,271.611,274.675,inf,275.971,275.971
262,TT1,BESTEFFORT,COMPLETED,cpu-1,271.024,"{'cpu-1': 1.295, 'gpu-1': 0.611}",155.39999999999998,271.11400000000003,272.40900000000005,inf,275.124,275.124
263,TT1,BESTEFFORT,COMPLETED,cpu-1,271.15,"{'cpu-1': 1.023, 'gpu-1': 0.628}",122.75999999999999,272.40900000000005,273.4320000000001,inf,275.25,275.25
264,TT1,BESTEFFORT,COMPLETED,cpu-1,274.878,"{'cpu-1': 1.486, 'gpu-1': 0.898}",178.32,274.878,276.364,inf,278.978,278.978
265,TT2,BESTEFFORT,COMPLETED,gpu-1,275.222,"{'cpu-1': 8.783, 'gpu-1': 1.044}",313.2,275.222,276.26599999999996,inf,281.62199999999996,281.62199999999996
266,TT2,BESTEFFORT,COMPLETED,gpu-1,275.571,"{'cpu-1': 4.718, 'gpu-1': 0.773}",231.9,276.26599999999996,277.039,inf,281.971,281.971
267,TT1,BESTEFFORT,COMPLETED,gpu-1,278.636,"{'cpu-1': 1.29, 'gpu-1': 0.957}",287.09999999999997,278.636,279.593,inf,282.73600000000005,282.73600000000005
268,TT1,BESTEFFORT,COMPLETED,cpu-1,278.87,"{'cpu-1': 1.256, 'gpu-1': 0.833}",150.72,278.87,280.126,inf,282.97,282.97
269,TT1,BESTEFFORT,COMPLETED,gpu-1,280.426,"{'cpu-1': 1.24, 'gpu-1': 0.788}",236.4,280.426,281.214,inf,284.526,284.526
270,TT2,BESTEFFORT,COMPLETED,gpu-1,282.641,"{'cpu-1': 3.21, 'gpu-1': 1.092}",327.6,282.641,283.733,inf,289.041,289.041
271,TT2,BESTEFFORT,COMPLETED,gpu-1,282.95,"{'cpu-1': 2.296, 'gpu-1': 0.701}",210.29999999999998,283.733,284.434,inf,289.34999999999997,289.34999999999997
272,TT2,BESTEFFORT,COMPLETED,gpu-1,284.104,"{'cpu-1': 7.46, 'gpu-1': 1.364}",409.20000000000005,284.434,285.798,inf,290.50399999999996,290.50399999999996
273,TT2,BESTEFFORT,COMPLETED,cpu-1,285.67,"{'cpu-1': 4.612, 'gpu-1': 0.781}",553.44,285.67,290.28200000000004,inf,292.07,292.07
274,TT2,BESTEFFORT,COMPLETED,gpu-1,287.311,"{'cpu-1': 5.538, 'gpu-1': 0.837}",251.1,287.311,288.14799999999997,inf,293.71099999999996,293.71099999999996
275,TT1,BESTEFFORT,COMPLETED,cpu-1,288.401,"{'cpu-1': 1.417, 'gpu-1': 1.347}",170.04,290.28200000000004,291.699,inf,292.50100000000003,292.50100000000003
276,TT2,BESTEFFORT,COMPLETED,gpu-1,291.625,"{'cpu-1': 11.284, 'gpu-1': 1.388}",416.4,291.625,293.013,inf,298.025,298.025
277,TT2,BESTEFFORT,COMPLETED,gpu-1,292.481,"{'cpu-1': 1.408, 'gpu-1': 1.447}",434.1,293.013,294.46,inf,298.881,298.881
278,TT1,BESTEFFORT,COMPLETED,gpu-1,293.1,"{'cpu-1': 1.303, 'gpu-1': 1.199}",359.70000000000005,294.46,295.659,inf,297.20000000000005,297.20000000000005
279,TT1,BESTEFFORT,COMPLETED,cpu-1,293.797,"{'cpu-1': 2.001, 'gpu-1': 0.632}",240.11999999999998,293.797,295.798,inf,297.89700000000005,297.89700000000005
280,TT2,BESTEFFORT,COMPLETED,gpu-1,293.94,"{'cpu-1': 2.457, 'gpu-1': 0.804}",241.20000000000002,295.659,296.46299999999997,inf,300.34,300.34
281,TT1,BESTEFFORT,COMPLETED,gpu-1,295.07,"{'cpu-1': 2.039, 'gpu-1': 0.821}",246.29999999999998,296.46299999999997,297.284,inf,299.17,299.17
282,TT1,BESTEFFORT,COMPLETED,cpu-1,295.703,"{'cpu-1': 1.263, 'gpu-1': 1.386}",151.56,295.798,297.061,inf,299.803,299.803
283,TT2,BESTEFFORT,COMPLETED,gpu-1,297.023,"{'cpu-1': 7.304, 'gpu-1': 1.043}",312.9,297.284,298.327,inf,303.423,303.423
284,TT1,BESTEFFORT,COMPLETED,gpu-1,297.746,"{'cpu-1': 2.007, 'gpu-1': 1.078}",323.40000000000003,298.327,299.405,inf,301.846,301.846
285,TT2,BESTEFFORT,COMPLETED,gpu-1,299.054,"{'cpu-1': 7.584, 'gpu-1': 1.124}",337.20000000000005,299.405,300.529,inf,305.45399999999995,305.45399999999995
286,TT1,BESTEFFORT,COMPLETED,cpu-1,300.076,"{'cpu-1': 1.213, 'gpu-1': 0.674}",145.56,300.076,301.28900000000004,inf,304.17600000000004,304.17600000000004
287,TT1,BESTEFFORT,COMPLETED,gpu-1,303.056,"{'cpu-1': 1.006, 'gpu-1': 0.877}",263.1,303.056,303.933,inf,307.156,307.156
288,TT2,BESTEFFORT,COMPLETED,gpu-1,303.271,"{'cpu-1': 2.796, 'gpu-1': 3.141}",942.3,303.933,307.074,inf,309.671,309.671
289,TT2,BESTEFFORT,COMPLETED,cpu-1,303.477,"{'cpu-1': 3.758, 'gpu-1': 1.693}",450.96,303.477,307.23499999999996,inf,309.87699999999995,309.87699999999995
290,TT1,BESTEFFORT,MISSED,gpu-1,303.678,"{'cpu-1': 1.916, 'gpu-1': 0.89}",211.20000000000232,307.074,inf,307.778,307.778,307.778
291,TT1,BESTEFFORT,COMPLETED,cpu-1,305.366,"{'cpu-1': 0.94, 'gpu-1': 0.872}",112.8,307.23499999999996,308.17499999999995,inf,309.466,309.466
292,TT2,BESTEFFORT,COMPLETED,gpu-1,307.612,"{'cpu-1': 6.133, 'gpu-1': 2.034}",610.1999999999999,307.778,309.812,inf,314.012,314.012
293,TT1,BESTEFFORT,COMPLETED,cpu-1,307.837,"{'cpu-1': 1.237, 'gpu-1': 1.335}",148.44,308.17499999999995,309.412,inf,311.937,311.937
294,TT2,BESTEFFORT,COMPLETED,gpu-1,308.524,"{'cpu-1': 11.134, 'gpu-1': 0.824}",247.2,309.812,310.636,inf,314.924,314.924
295,TT2,BESTEFFORT,COMPLETED,gpu-1,315.352,"{'cpu-1': 2.481, 'gpu-1': 3.336}",1000.8,315.352,318.688,inf,321.75199999999995,321.75199999999995
296,TT2,BESTEFFORT,COMPLETED,gpu-1,318.599,"{'cpu-1': 1.594, 'gpu-1': 1.957}",587.1,318.688,320.645,inf,324.99899999999997,324.99899999999997
297,TT2,BESTEFFORT,COMPLETED,gpu-1,318.635,"{'cpu-1': 2.195, 'gpu-1': 0.601}",180.29999999999998,320.645,321.246,inf,325.03499999999997,325.03499999999997
298,TT2,BESTEFFORT,COMPLETED,gpu-1,318.767,"{'cpu-1': 5.062, 'gpu-1': 0.627}",188.1,321.246,321.873,inf,325.167,325.167
299,TT2,BESTEFFORT,COMPLETED,cpu-1,319.085,"{'cpu-1': 2.767, 'gpu-1': 1.891}",332.03999999999996,319.085,321.852,inf,325.48499999999996,325.48499999999996
300,TT1,BESTEFFORT,COMPLETED,gpu-1,319.26,"{'cpu-1': 2.124, 'gpu-1': 0.884}",265.2,321.873,322.757,inf,323.36,323.36
301,TT1,BESTEFFORT,COMPLETED,cpu-1,319.301,"{'cpu-1': 1.269, 'gpu-1': 0.876}",152.28,321.852,323.121,inf,323.401,323.401
302,TT2,BESTEFFORT,MISSED,cpu-1,320.2,"{'cpu-1': 12.422, 'gpu-1': 1.085}",417.4799999999982,323.121,inf,326.59999999999997,326.59999999999997,326.59999999999997
303,TT2,BESTEFFORT,COMPLETED,gpu-1,321.386,"{'cpu-1': 4.2, 'gpu-1': 1.981}",594.3000000000001,322.757,324.738,inf,327.786,327.786
304,TT2,BESTEFFORT,COMPLETED,gpu-1,322.899,"{'cpu-1': 6.309, 'gpu-1': 2.119}",635.7,324.738,326.857,inf,329.299,329.299
305,TT2,BESTEFFORT,COMPLETED,gpu-1,323.169,"{'cpu-1': 2.193, 'gpu-1': 1.215}",364.5,326.857,328.072,inf,329.56899999999996,329.56899999999996
306,TT1,BESTEFFORT,MISSED,gpu-1,323.729,"{'cpu-1': 1.304, 'gpu-1': 0.965}",0.0,328.072,inf,328.072,327.829,327.829
307,TT1,BESTEFFORT,MISSED,cpu-1,324.079,"{'cpu-1': 1.764, 'gpu-1': 1.332}",189.48000000000775,326.59999999999997,inf,328.17900000000003,328.17900000000003,328.17900000000003
308,TT2,BESTEFFORT,COMPLETED,cpu-1,324.201,"{'cpu-1': 2.184, 'gpu-1': 2.782}",262.08000000000004,328.17900000000003,330.36300000000006,inf,330.601,330.601
309,TT1,BESTEFFORT,COMPLETED,gpu-1,326.796,"{'cpu-1': 1.019, 'gpu-1': 0.669}",200.70000000000002,328.072,328.741,inf,330.896,330.896
310,TT2,BESTEFFORT,COMPLETED,gpu-1,327.443,"{'cpu-1': 8.337, 'gpu-1': 2.017}",605.1,328.741,330.758,inf,333.84299999999996,333.84299999999996
311,TT1,BESTEFFORT,COMPLETED,gpu-1,328.455,"{'cpu-1': 1.797, 'gpu-1': 0.913}",273.90000000000003,330.758,331.671,inf,332.555,332.555
312,TT1,BESTEFFORT,COMPLETED,gpu-1,331.439,"{'cpu-1': 1.256, 'gpu-1': 0.653}",195.9,331.671,332.324,inf,335.53900000000004,335.53900000000004
313,TT1,BESTEFFORT,COMPLETED,gpu-1,333.045,"{'cpu-1': 2.103, 'gpu-1': 1.405}",421.5,333.045,334.45,inf,337.14500000000004,337.14500000000004
314,TT1,BESTEFFORT,COMPLETED,gpu-1,335.313,"{'cpu-1': 2.025, 'gpu-1': 0.913}",273.90000000000003,335.313,336.226,inf,339.413,339.413
315,TT1,BESTEFFORT,COMPLETED,cpu-1,337.791,"{'cpu-1': 1.073, 'gpu-1': 1.054}",128.76,337.791,338.864,inf,341.891,341.891
316,TT2,BESTEFFORT,COMPLETED,gpu-1,337.827,"{'cpu-1': 6.145, 'gpu-1': 1.557}",467.09999999999997,337.827,339.384,inf,344.227,344.227
317,TT2,BESTEFFORT,COMPLETED,gpu-1,337.949,"{'cpu-1': 4.341, 'gpu-1': 0.818}",245.39999999999998,339.384,340.202,inf,344.349,344.349
318,TT2,BESTEFFORT,COMPLETED,gpu-1,339.904,"{'cpu-1': 6.718, 'gpu-1': 0.674}",202.20000000000002,340.202,340.876,inf,346.304,346.304
319,TT1,BESTEFFORT,COMPLETED,gpu-1,340.96,"{'cpu-1': 2.446, 'gpu-1': 1.182}",354.59999999999997,340.96,342.142,inf,345.06,345.06
320,TT2,BESTEFFORT,COMPLETED,gpu-1,341.749,"{'cpu-1': 12.1, 'gpu-1': 1.09}",327.0,342.142,343.23199999999997,inf,348.149,348.149
321,TT1,BESTEFFORT,COMPLETED,gpu-1,342.285,"{'cpu-1': 1.198, 'gpu-1': 0.985}",295.5,343.23199999999997,344.217,inf,346.38500000000005,346.38500000000005
322,TT2,BESTEFFORT,COMPLETED,gpu-1,342.675,"{'cpu-1': 7.588, 'gpu-1': 1.956}",586.8,344.217,346.173,inf,349.075,349.075
323,TT1,BESTEFFORT,COMPLETED,gpu-1,345.705,"{'cpu-1': 1.019, 'gpu-1': 0.623}",186.9,346.173,346.796,inf,349.805,349.805
324,TT2,BESTEFFORT,COMPLETED,gpu-1,345.992,"{'cpu-1': 6.475, 'gpu-1': 1.447}",434.1,346.796,348.243,inf,352.392,352.392
325,TT1,BESTEFFORT,COMPLETED,cpu-1,346.421,"{'cpu-1': 1.254, 'gpu-1': 1.258}",150.48,346.421,347.675,inf,350.521,350.521
326,TT2,BESTEFFORT,COMPLETED,gpu-1,346.752,"{'cpu-1': 2.796, 'gpu-1': 2.213}",663.9,348.243,350.456,inf,353.152,353.152
327,TT2,BESTEFFORT,COMPLETED,gpu-1,349.662,"{'cpu-1': 6.873, 'gpu-1': 1.168}",350.4,350.456,351.624,inf,356.06199999999995,356.06199999999995
328,TT2,BESTEFFORT,COMPLETED,gpu-1,351.475,"{'cpu-1': 3.654, 'gpu-1': 1.76}",528.0,351.624,353.384,inf,357.875,357.875
329,TT2,BESTEFFORT,COMPLETED,gpu-1,351.946,"{'cpu-1': 7.706, 'gpu-1': 1.11}",333.00000000000006,353.384,354.494,inf,358.346,358.346
330,TT1,BESTEFFORT,COMPLETED,gpu-1,352.816,"{'cpu-1': 1.437, 'gpu-1': 0.91}",273.0,354.494,355.40400000000005,inf,356.916,356.916
331,TT1,BESTEFFORT,COMPLETED,cpu-1,354.423,"{'cpu-1': 2.179, 'gpu-1': 0.928}",261.47999999999996,354.423,356.602,inf,358.523,358.523
332,TT1,BESTEFFORT,COMPLETED,cpu-1,354.879,"{'cpu-1': 1.25, 'gpu-1': 1.184}",150.0,356.602,357.852,inf,358.97900000000004,358.97900000000004
333,TT2,BESTEFFORT,COMPLETED,gpu-1,355.914,"{'cpu-1': 5.603, 'gpu-1': 0.541}",162.3,355.914,356.455,inf,362.31399999999996,362.31399999999996
334,TT1,BESTEFFORT,COMPLETED,gpu-1,359.207,"{'cpu-1': 2.088, 'gpu-1': 0.96}",288.0,359.207,360.167,inf,363.307,363.307
335,TT1,BESTEFFORT,COMPLETED,gpu-1,361.713,"{'cpu-1': 1.778, 'gpu-1': 0.863}",258.9,361.713,362.576,inf,365.81300000000005,365.81300000000005
336,TT2,BESTEFFORT,COMPLETED,gpu-1,362.569,"{'cpu-1': 2.193, 'gpu-1': 0.759}",227.7,362.576,363.33500000000004,inf,368.969,368.969
337,TT2,BESTEFFORT,COMPLETED,gpu-1,362.947,"{'cpu-1': 1.679, 'gpu-1': 0.733}",219.9,363.33500000000004,364.06800000000004,inf,369.347,369.347
338,TT1,BESTEFFORT,COMPLETED,gpu-1,363.408,"{'cpu-1': 1.435, 'gpu-1': 0.653}",195.9,364.06800000000004,364.72100000000006,inf,367.50800000000004,367.50800000000004
339,TT1,BESTEFFORT,COMPLETED,cpu-1,363.528,"{'cpu-1': 1.219, 'gpu-1': 1.264}",146.28,363.528,364.747,inf,367.62800000000004,367.62800000000004
340,TT2,BESTEFFORT,COMPLETED,gpu-1,363.835,"{'cpu-1': 5.786, 'gpu-1': 1.175}",352.5,364.72100000000006,365.8960000000001,inf,370.23499999999996,370.23499999999996
341,TT2,BESTEFFORT,COMPLETED,gpu-1,366.121,"{'cpu-1': 1.44, 'gpu-1': 1.605}",481.5,366.121,367.726,inf,372.52099999999996,372.52099999999996
342,TT2,BESTEFFORT,COMPLETED,gpu-1,366.954,"{'cpu-1': 11.821, 'gpu-1': 1.54}",462.0,367.726,369.266,inf,373.354,373.354
343,TT1,BESTEFFORT,COMPLETED,cpu-1,367.27,"{'cpu-1': 1.224, 'gpu-1': 1.12}",146.88,367.27,368.49399999999997,inf,371.37,371.37
344,TT1,BESTEFFORT,COMPLETED,gpu-1,367.31,"{'cpu-1': 1.038, 'gpu-1': 1.217}",365.1,369.266,370.483,inf,371.41,371.41
345,TT2,BESTEFFORT,COMPLETED,gpu-1,368.096,"{'cpu-1': 13.059, 'gpu-1': 1.707}",512.1,370.483,372.19,inf,374.496,374.496
346,TT1,BESTEFFORT,COMPLETED,cpu-1,368.21,"{'cpu-1': 1.763, 'gpu-1': 0.928}",211.56,368.49399999999997,370.25699999999995,inf,372.31,372.31
347,TT1,BESTEFFORT,MISSED,gpu-1,368.849,"{'cpu-1': 1.79, 'gpu-1': 0.895}",227.70000000000437,372.19,inf,372.949,372.949,372.949
348,TT2,BESTEFFORT,COMPLETED,cpu-1,369.161,"{'cpu-1': 1.799, 'gpu-1': 3.58}",215.88,370.25699999999995,372.0559999999999,inf,375.561,375.561
349,TT2,BESTEFFORT,COMPLETED,gpu-1,370.003,"{'cpu-1': 2.313, 'gpu-1': 3.279}",983.6999999999999,372.949,376.228,inf,376.40299999999996,376.40299999999996
350,TT1,BESTEFFORT,MISSED,gpu-1,370.636,"{'cpu-1': 1.42, 'gpu-1': 0.91}",0.0,376.228,inf,376.228,374.73600000000005,374.73600000000005
351,TT2,BESTEFFORT,MISSED,cpu-1,372.47,"{'cpu-1': 10.397, 'gpu-1': 0.884}",767.9999999999973,372.47,inf,378.87,378.87,378.87
352,TT2,BESTEFFORT,MISSED,cpu-1,372.91,"{'cpu-1': 5.965, 'gpu-1': 0.814}",52.79999999999973,378.87,inf,379.31,379.31,379.31
353,TT2,BESTEFFORT,COMPLETED,gpu-1,373.433,"{'cpu-1': 7.238, 'gpu-1': 1.531}",459.29999999999995,376.228,377.759,inf,379.83299999999997,379.83299999999997
354,TT1,BESTEFFORT,MISSED,cpu-1,373.922,"{'cpu-1': 1.515, 'gpu-1': 0.936}",0.0,379.31,inf,379.31,378.02200000000005,378.02200000000005
355,TT1,BESTEFFORT,MISSED,cpu-1,374.164,"{'cpu-1': 1.246, 'gpu-1': 0.619}",0.0,379.31,inf,379.31,378.264,378.264
356,TT1,BESTEFFORT,COMPLETED,gpu-1,375.445,"{'cpu-1': 2.441, 'gpu-1': 0.92}",276.0,377.759,378.67900000000003,inf,379.545,379.545
357,TT2,BESTEFFORT,COMPLETED,gpu-1,376.957,"{'cpu-1': 7.125, 'gpu-1': 0.543}",162.9,378.67900000000003,379.22200000000004,inf,383.35699999999997,383.35699999999997
358,TT1,BESTEFFORT,COMPLETED,gpu-1,378.303,"{'cpu-1': 1.084, 'gpu-1': 1.333}",399.9,379.22200000000004,380.55500000000006,inf,382.403,382.403
359,TT2,BESTEFFORT,COMPLETED,gpu-1,378.51,"{'cpu-1': 13.868, 'gpu-1': 1.956}",586.8,380.55500000000006,382.5110000000001,inf,384.90999999999997,384.90999999999997
360,TT1,BESTEFFORT,COMPLETED,cpu-1,379.105,"{'cpu-1': 0.954, 'gpu-1': 0.62}",114.47999999999999,379.31,380.264,inf,383.20500000000004,383.20500000000004
361,TT2,BESTEFFORT,COMPLETED,gpu-1,379.482,"{'cpu-1': 13.326, 'gpu-1': 1.011}",303.29999999999995,382.5110000000001,383.5220000000001,inf,385.882,385.882
362,TT1,BESTEFFORT,COMPLETED,cpu-1,379.986,"{'cpu-1': 1.349, 'gpu-1': 1.213}",161.88,380.264,381.613,inf,384.086,384.086
363,TT2,BESTEFFORT,MISSED,cpu-1,380.341,"{'cpu-1': 10.331, 'gpu-1': 1.693}",615.3599999999983,381.613,inf,386.741,386.741,386.741
364,TT2,BESTEFFORT,COMPLETED,gpu-1,380.397,"{'cpu-1': 4.137, 'gpu-1': 1.53}",459.0,383.5220000000001,385.0520000000001,inf,386.79699999999997,386.79699999999997
365,TT1,BESTEFFORT,MISSED,cpu-1,381.09,"{'cpu-1': 1.217, 'gpu-1': 1.444}",0.0,386.741,inf,386.741,385.19,385.19
366,TT1,BESTEFFORT,MISSED,cpu-1,381.528,"{'cpu-1': 2.027, 'gpu-1': 0.905}",0.0,386.741,inf,386.741,385.62800000000004,385.62800000000004
367,TT1,BESTEFFORT,MISSED,cpu-1,382.207,"{'cpu-1': 1.262, 'gpu-1': 0.611}",0.0,386.741,inf,386.741,386.307,386.307
368,TT1,BESTEFFORT,COMPLETED,gpu-1,383.259,"{'cpu-1': 2.397, 'gpu-1': 1.258}",377.4,385.0520000000001,386.31000000000006,inf,387.35900000000004,387.35900000000004
369,TT1,BESTEFFORT,COMPLETED,gpu-1,385.325,"{'cpu-1': 1.009, 'gpu-1': 1.377}",413.1,386.31000000000006,387.68700000000007,inf,389.425,389.425
370,TT2,BESTEFFORT,COMPLETED,gpu-1,385.756,"{'cpu-1': 12.348, 'gpu-1': 0.67}",201.0,387.68700000000007,388.3570000000001,inf,392.15599999999995,392.15599999999995
371,TT2,BESTEFFORT,COMPLETED,gpu-1,386.118,"{'cpu-1': 4.705, 'gpu-1': 1.95}",585.0,388.3570000000001,390.3070000000001,inf,392.518,392.518
372,TT1,BESTEFFORT,MISSED,gpu-1,386.273,"{'cpu-1': 1.408, 'gpu-1': 0.904}",19.799999999992224,390.3070000000001,inf,390.37300000000005,390.37300000000005,390.37300000000005
373,TT1,BESTEFFORT,COMPLETED,cpu-1,387.96,"{'cpu-1': 1.062, 'gpu-1': 0.731}",127.44000000000001,387.96,389.022,inf,392.06,392.06
374,TT1,BESTEFFORT,COMPLETED,cpu-1,388.828,"{'cpu-1': 1.262, 'gpu-1': 0.96}",151.44,389.022,390.284,inf,392.928,392.928
375,TT2,BESTEFFORT,COMPLETED,gpu-1,389.308,"{'cpu-1': 8.408, 'gpu-1': 1.124}",337.20000000000005,390.37300000000005,391.49700000000007,inf,395.70799999999997,395.70799999999997
376,TT1,BESTEFFORT,COMPLETED,gpu-1,391.551,"{'cpu-1': 2.312, 'gpu-1': 0.91}",273.0,391.551,392.461,inf,395.651,395.651
377,TT2,BESTEFFORT,COMPLETED,gpu-1,392.912,"{'cpu-1': 2.632, 'gpu-1': 1.535}",460.5,392.912,394.447,inf,399.31199999999995,399.31199999999995
378,TT2,BESTEFFORT,COMPLETED,gpu-1,393.508,"{'cpu-1': 13.011, 'gpu-1': 2.984}",895.2,394.447,397.431,inf,399.90799999999996,399.90799999999996
379,TT2,BESTEFFORT,COMPLETED,gpu-1,395.695,"{'cpu-1': 10.237, 'gpu-1': 1.522}",456.6,397.431,398.953,inf,402.09499999999997,402.09499999999997
380,TT2,BESTEFFORT,COMPLETED,cpu-1,395.785,"{'cpu-1': 6.126, 'gpu-1': 1.551}",735.12,395.785,401.911,inf,402.185,402.185
381,TT2,BESTEFFORT,COMPLETED,gpu-1,396.429,"{'cpu-1': 1.962, 'gpu-1': 2.182}",654.6,398.953,401.135,inf,402.82899999999995,402.82899999999995
382,TT1,BESTEFFORT,MISSED,gpu-1,396.461,"{'cpu-1': 1.803, 'gpu-1': 0.79}",0.0,401.135,inf,401.135,400.56100000000004,400.56100000000004
383,TT1,BESTEFFORT,MISSED,cpu-1,398.712,"{'cpu-1': 1.819, 'gpu-1': 1.141}",108.12000000000126,401.911,inf,402.812,402.812,402.812
384,TT1,BESTEFFORT,COMPLETED,gpu-1,398.923,"{'cpu-1': 1.005, 'gpu-1': 0.875}",262.5,401.135,402.01,inf,403.023,403.023
385,TT1,BESTEFFORT,COMPLETED,gpu-1,399.959,"{'cpu-1': 2.121, 'gpu-1': 0.94}",282.0,402.01,402.95,inf,404.059,404.059
386,TT2,BESTEFFORT,COMPLETED,cpu-1,400.576,"{'cpu-1': 3.501, 'gpu-1': 0.909}",420.12,402.812,406.313,inf,406.976,406.976
387,TT1,BESTEFFORT,MISSED,cpu-1,401.195,"{'cpu-1': 1.021, 'gpu-1': 0.666}",0.0,406.313,inf,406.313,405.295,405.295
388,TT1,BESTEFFORT,COMPLETED,gpu-1,403.013,"{'cpu-1': 2.142, 'gpu-1': 0.873}",261.9,403.013,403.88599999999997,inf,407.113,407.113
389,TT1,BESTEFFORT,COMPLETED,gpu-1,403.345,"{'cpu-1': 1.483, 'gpu-1': 1.227}",368.1,403.88599999999997,405.11299999999994,inf,407.44500000000005,407.44500000000005
390,TT1,BESTEFFORT,COMPLETED,gpu-1,403.377,"{'cpu-1': 2.179, 'gpu-1': 0.86}",258.0,405.11299999999994,405.97299999999996,inf,407.47700000000003,407.47700000000003
391,TT1,BESTEFFORT,COMPLETED,gpu-1,404.975,"{'cpu-1': 2.18, 'gpu-1': 1.047}",314.09999999999997,405.97299999999996,407.02,inf,409.07500000000005,409.07500000000005
392,TT2,BESTEFFORT,COMPLETED,gpu-1,406.457,"{'cpu-1': 5.927, 'gpu-1': 2.811}",843.3,407.02,409.83099999999996,inf,412.85699999999997,412.85699999999997
393,TT2,BESTEFFORT,COMPLETED,gpu-1,407.663,"{'cpu-1': 10.576, 'gpu-1': 0.835}",250.5,409.83099999999996,410.66599999999994,inf,414.063,414.063
394,TT1,BESTEFFORT,COMPLETED,cpu-1,408.18,"{'cpu-1': 1.329, 'gpu-1': 0.874}",159.48,408.18,409.509,inf,412.28000000000003,412.28000000000003
395,TT2,BESTEFFORT,COMPLETED,gpu-1,408.603,"{'cpu-1': 4.113, 'gpu-1': 1.46}",438.0,410.66599999999994,412.1259999999999,inf,415.003,415.003
396,TT2,BESTEFFORT,COMPLETED,gpu-1,410.94,"{'cpu-1': 2.215, 'gpu-1': 1.188}",356.4,412.1259999999999,413.3139999999999,inf,417.34,417.34
397,TT2,BESTEFFORT,COMPLETED,gpu-1,411.024,"{'cpu-1': 11.941, 'gpu-1': 1.646}",493.79999999999995,413.3139999999999,414.9599999999999,inf,417.424,417.424
398,TT1,BESTEFFORT,COMPLETED,cpu-1,411.052,"{'cpu-1': 1.42, 'gpu-1': 0.719}",170.39999999999998,411.052,412.47200000000004,inf,415.15200000000004,415.15200000000004
399,TT1,BESTEFFORT,COMPLETED,cpu-1,411.617,"{'cpu-1': 1.294, 'gpu-1': 1.215}",155.28,412.47200000000004,413.766,inf,415.71700000000004,415.71700000000004
400,TT1,BESTEFFORT,COMPLETED,gpu-1,411.871,"{'cpu-1': 1.987, 'gpu-1': 0.621}",186.3,414.9599999999999,415.5809999999999,inf,415.971,415.971
401,TT1,BESTEFFORT,COMPLETED,cpu-1,412.677,"{'cpu-1': 1.299, 'gpu-1': 1.086}",155.88,413.766,415.065,inf,416.77700000000004,416.77700000000004
402,TT2,BESTEFFORT,COMPLETED,gpu-1,412.813,"{'cpu-1': 1.969, 'gpu-1': 2.717}",815.1,415.5809999999999,418.2979999999999,inf,419.21299999999997,419.21299999999997
403,TT1,BESTEFFORT,MISSED,cpu-1,413.032,"{'cpu-1': 2.099, 'gpu-1': 0.889}",248.04000000000087,415.065,inf,417.132,417.132,417.132
404,TT2,BESTEFFORT,COMPLETED,gpu-1,416.424,"{'cpu-1': 7.13, 'gpu-1': 1.062}",318.6,418.2979999999999,419.3599999999999,inf,422.82399999999996,422.82399999999996
405,TT1,BESTEFFORT,COMPLETED,cpu-1,416.704,"{'cpu-1': 1.506, 'gpu-1': 1.109}",180.72,417.132,418.638,inf,420.80400000000003,420.80400000000003
406,TT1,BESTEFFORT,COMPLETED,gpu-1,417.525,"{'cpu-1': 1.108, 'gpu-1': 0.611}",183.29999999999998,419.3599999999999,419.9709999999999,inf,421.625,421.625
407,TT1,BESTEFFORT,COMPLETED,cpu-1,418.403,"{'cpu-1': 1.094, 'gpu-1': 0.929}",131.28,418.638,419.73199999999997,inf,422.50300000000004,422.50300000000004
408,TT1,BESTEFFORT,COMPLETED,gpu-1,421.469,"{'cpu-1': 1.411, 'gpu-1': 0.967}",290.09999999999997,421.469,422.436,inf,425.569,425.569
409,TT2,BESTEFFORT,COMPLETED,gpu-1,421.782,"{'cpu-1': 2.086, 'gpu-1': 1.01}",303.0,422.436,423.44599999999997,inf,428.18199999999996,428.18199999999996
410,TT2,BESTEFFORT,COMPLETED,gpu-1,422.237,"{'cpu-1': 3.004, 'gpu-1': 1.119}",335.7,423.44599999999997,424.565,inf,428.637,428.637
411,TT2,BESTEFFORT,COMPLETED,cpu-1,422.741,"{'cpu-1': 3.845, 'gpu-1': 0.766}",461.40000000000003,422.741,426.586,inf,429.14099999999996,429.14099999999996
412,TT2,BESTEFFORT,COMPLETED,gpu-1,423.151,"{'cpu-1': 12.463, 'gpu-1': 1.397}",419.1,424.565,425.962,inf,429.551,429.551
413,TT2,BESTEFFORT,COMPLETED,gpu-1,427.826,"{'cpu-1': 3.054, 'gpu-1': 2.092}",627.6,427.826,429.918,inf,434.226,434.226
414,TT2,BESTEFFORT,COMPLETED,cpu-1,427.888,"{'cpu-1': 1.918, 'gpu-1': 0.743}",230.16,427.888,429.806,inf,434.28799999999995,434.28799999999995
415,TT2,BESTEFFORT,COMPLETED,gpu-1,428.319,"{'cpu-1': 2.808, 'gpu-1': 1.425}",427.5,429.918,431.343,inf,434.719,434.719
416,TT2,BESTEFFORT,COMPLETED,gpu-1,431.048,"{'cpu-1': 12.35, 'gpu-1': 1.103}",330.9,431.343,432.446,inf,437.448,437.448
417,TT1,BESTEFFORT,COMPLETED,gpu-1,431.186,"{'cpu-1': 1.154, 'gpu-1': 0.843}",252.89999999999998,432.446,433.28900000000004,inf,435.286,435.286
418,TT1,BESTEFFORT,COMPLETED,cpu-1,432.238,"{'cpu-1': 1.524, 'gpu-1': 0.788}",182.88,432.238,433.762,inf,436.338,436.338
419,TT2,BESTEFFORT,COMPLETED,gpu-1,436.231,"{'cpu-1': 7.13, 'gpu-1': 1.085}",325.5,436.231,437.316,inf,442.631,442.631
420,TT1,BESTEFFORT,COMPLETED,gpu-1,437.262,"{'cpu-1': 2.103, 'gpu-1': 0.834}",250.2,437.316,438.15,inf,441.362,441.362
421,TT2,BESTEFFORT,COMPLETED,gpu-1,439.7,"{'cpu-1': 10.397, 'gpu-1': 1.425}",427.5,439.7,441.125,inf,446.09999999999997,446.09999999999997
422,TT1,BESTEFFORT,COMPLETED,cpu-1,440.189,"{'cpu-1': 1.801, 'gpu-1': 0.879}",216.12,440.189,441.99,inf,444.28900000000004,444.28900000000004
423,TT2,BESTEFFORT,COMPLETED,gpu-1,440.577,"{'cpu-1': 1.81, 'gpu-1': 1.397}",419.1,441.125,442.522,inf,446.977,446.977
424,TT1,BESTEFFORT,COMPLETED,gpu-1,441.609,"{'cpu-1': 2.059, 'gpu-1': 1.227}",368.1,442.522,443.74899999999997,inf,445.709,445.709
425,TT2,BESTEFFORT,COMPLETED,gpu-1,442.089,"{'cpu-1': 11.972, 'gpu-1': 0.706}",211.79999999999998,443.74899999999997,444.455,inf,448.489,448.489
426,TT1,BESTEFFORT,COMPLETED,gpu-1,442.522,"{'cpu-1': 1.109, 'gpu-1': 0.924}",277.2,444.455,445.37899999999996,inf,446.622,446.622
427,TT2,BESTEFFORT,COMPLETED,gpu-1,443.065,"{'cpu-1': 4.161, 'gpu-1': 3.113}",933.9,445.37899999999996,448.49199999999996,inf,449.465,449.465
428,TT2,BESTEFFORT,MISSED,cpu-1,443.222,"{'cpu-1': 8.233, 'gpu-1': 2.911}",767.9999999999973,443.222,inf,449.62199999999996,449.62199999999996,449.62199999999996
429,TT1,BESTEFFORT,MISSED,gpu-1,443.841,"{'cpu-1': 1.429, 'gpu-1': 0.621}",0.0,448.49199999999996,inf,448.49199999999996,447.94100000000003,447.94100000000003
430,TT2,BESTEFFORT,MISSED,cpu-1,444.007,"{'cpu-1': 4.488, 'gpu-1': 1.103}",94.200000000003,449.62199999999996,inf,450.407,450.407,450.407
431,TT1,BESTEFFORT,COMPLETED,gpu-1,446.771,"{'cpu-1': 1.201, 'gpu-1': 0.827}",248.1,448.49199999999996,449.31899999999996,inf,450.87100000000004,450.87100000000004
432,TT2,BESTEFFORT,COMPLETED,gpu-1,447.101,"{'cpu-1': 12.185, 'gpu-1': 1.158}",347.4,449.31899999999996,450.477,inf,453.501,453.501
433,TT2,BESTEFFORT,COMPLETED,cpu-1,447.244,"{'cpu-1': 2.584, 'gpu-1': 1.89}",310.08,450.407,452.991,inf,453.644,453.644
434,TT2,BESTEFFORT,MISSED,cpu-1,448.026,"{'cpu-1': 4.041, 'gpu-1': 1.709}",172.20000000000027,452.991,inf,454.426,454.426,454.426
435,TT1,BESTEFFORT,COMPLETED,gpu-1,448.706,"{'cpu-1': 1.228, 'gpu-1': 1.377}",413.1,450.477,451.854,inf,452.80600000000004,452.80600000000004
436,TT2,BESTEFFORT,COMPLETED,gpu-1,452.309,"{'cpu-1': 5.68, 'gpu-1': 0.747}",224.1,452.309,453.05600000000004,inf,458.709,458.709
437,TT1,BESTEFFORT,COMPLETED,gpu-1,454.082,"{'cpu-1': 1.41, 'gpu-1': 0.889}",266.7,454.082,454.971,inf,458.182,458.182
438,TT2,BESTEFFORT,COMPLETED,gpu-1,454.735,"{'cpu-1': 3.382, 'gpu-1': 0.982}",294.6,454.971,455.95300000000003,inf,461.135,461.135
439,TT2,BESTEFFORT,COMPLETED,gpu-1,456.219,"{'cpu-1': 3.034, 'gpu-1': 1.394}",418.2,456.219,457.613,inf,462.61899999999997,462.61899999999997
440,TT2,BESTEFFORT,COMPLETED,gpu-1,459.547,"{'cpu-1': 10.171, 'gpu-1': 1.281}",384.29999999999995,459.547,460.82800000000003,inf,465.947,465.947
441,TT2,BESTEFFORT,COMPLETED,gpu-1,460.836,"{'cpu-1': 12.422, 'gpu-1': 0.784}",235.20000000000002,460.836,461.62,inf,467.236,467.236
442,TT2,BESTEFFORT,COMPLETED,gpu-1,461.207,"{'cpu-1': 9.818, 'gpu-1': 0.73}",219.0,461.62,462.35,inf,467.60699999999997,467.60699999999997
443,TT1,BESTEFFORT,COMPLETED,gpu-1,464.149,"{'cpu-1': 1.04, 'gpu-1': 0.88}",264.0,464.149,465.029,inf,468.249,468.249
444,TT1,BESTEFFORT,COMPLETED,cpu-1,464.713,"{'cpu-1': 1.193, 'gpu-1': 0.619}",143.16,464.713,465.906,inf,468.81300000000005,468.81300000000005
445,TT1,BESTEFFORT,COMPLETED,gpu-1,465.299,"{'cpu-1': 1.424, 'gpu-1': 0.946}",283.8,465.299,466.245,inf,469.399,469.399
446,TT2,BESTEFFORT,COMPLETED,gpu-1,466.213,"{'cpu-1': 3.969, 'gpu-1': 1.916}",574.8,466.245,468.161,inf,472.613,472.613
447,TT1,BESTEFFORT,COMPLETED,gpu-1,467.861,"{'cpu-1': 2.121, 'gpu-1': 0.615}",184.5,468.161,468.776,inf,471.961,471.961
448,TT2,BESTEFFORT,COMPLETED,gpu-1,468.398,"{'cpu-1': 4.074, 'gpu-1': 0.615}",184.5,468.776,469.391,inf,474.798,474.798
449,TT1,BESTEFFORT,COMPLETED,gpu-1,470.297,"{'cpu-1': 1.311, 'gpu-1': 1.078}",323.40000000000003,470.297,471.375,inf,474.39700000000005,474.39700000000005
450,TT2,BESTEFFORT,COMPLETED,gpu-1,471.104,"{'cpu-1': 7.377, 'gpu-1': 3.279}",983.6999999999999,471.375,474.654,inf,477.50399999999996,477.50399999999996
451,TT2,BESTEFFORT,MISSED,cpu-1,471.721,"{'cpu-1': 9.897, 'gpu-1': 0.973}",767.9999999999973,471.721,inf,478.121,478.121,478.121
452,TT2,BESTEFFORT,COMPLETED,gpu-1,474.595,"{'cpu-1': 13.9, 'gpu-1': 3.279}",983.6999999999999,474.654,477.933,inf,480.995,480.995
453,TT2,BESTEFFORT,COMPLETED,gpu-1,474.79,"{'cpu-1': 4.456, 'gpu-1': 2.379}",713.7,477.933,480.312,inf,481.19,481.19
454,TT2,BESTEFFORT,MISSED,cpu-1,475.004,"{'cpu-1': 12.424, 'gpu-1': 3.142}",393.96000000000186,478.121,inf,481.404,481.404,481.404
455,TT2,BESTEFFORT,MISSED,gpu-1,475.114,"{'cpu-1': 4.776, 'gpu-1': 1.723}",360.5999999999824,480.312,inf,481.51399999999995,481.51399999999995,481.51399999999995
456,TT1,BESTEFFORT,MISSED,cpu-1,475.464,"{'cpu-1': 1.002, 'gpu-1': 0.952}",0.0,481.404,inf,481.404,479.564,479.564
457,TT2,BESTEFFORT,COMPLETED,gpu-1,477.509,"{'cpu-1': 1.911, 'gpu-1': 1.601}",480.3,481.51399999999995,483.11499999999995,inf,483.909,483.909
458,TT1,BESTEFFORT,COMPLETED,cpu-1,479.574,"{'cpu-1': 1.817, 'gpu-1': 0.615}",218.04,481.404,483.221,inf,483.67400000000004,483.67400000000004
459,TT1,BESTEFFORT,MISSED,gpu-1,479.736,"{'cpu-1': 1.506, 'gpu-1': 1.141}",216.30000000001814,483.11499999999995,inf,483.836,483.836,483.836
460,TT1,BESTEFFORT,MISSED,cpu-1,479.788,"{'cpu-1': 1.259, 'gpu-1': 0.967}",80.0400000000036,483.221,inf,483.88800000000003,483.88800000000003,483.88800000000003
461,TT2,BESTEFFORT,COMPLETED,gpu-1,481.192,"{'cpu-1': 6.081, 'gpu-1': 0.929}",278.7,483.836,484.765,inf,487.592,487.592
462,TT1,BESTEFFORT,COMPLETED,cpu-1,482.771,"{'cpu-1': 1.438, 'gpu-1': 0.616}",172.56,483.88800000000003,485.326,inf,486.87100000000004,486.87100000000004
463,TT2,BESTEFFORT,COMPLETED,gpu-1,486.164,"{'cpu-1': 2.131, 'gpu-1': 0.891}",267.3,486.164,487.055,inf,492.56399999999996,492.56399999999996
464,TT2,BESTEFFORT,COMPLETED,gpu-1,486.271,"{'cpu-1': 7.156, 'gpu-1': 1.428}",428.4,487.055,488.483,inf,492.671,492.671
465,TT2,BESTEFFORT,COMPLETED,gpu-1,487.371,"{'cpu-1': 12.385, 'gpu-1': 0.669}",200.70000000000002,488.483,489.152,inf,493.77099999999996,493.77099999999996
466,TT1,BESTEFFORT,COMPLETED,cpu-1,488.094,"{'cpu-1': 1.257, 'gpu-1': 0.923}",150.83999999999997,488.094,489.351,inf,492.194,492.194
467,TT1,BESTEFFORT,COMPLETED,gpu-1,490.222,"{'cpu-1': 1.292, 'gpu-1': 0.615}",184.5,490.222,490.837,inf,494.322,494.322
468,TT1,BESTEFFORT,COMPLETED,gpu-1,492.439,"{'cpu-1': 1.518, 'gpu-1': 0.919}",275.7,492.439,493.358,inf,496.53900000000004,496.53900000000004
469,TT1,BESTEFFORT,COMPLETED,cpu-1,492.444,"{'cpu-1': 1.328, 'gpu-1': 1.093}",159.36,492.444,493.772,inf,496.54400000000004,496.54400000000004
470,TT2,BESTEFFORT,COMPLETED,gpu-1,492.558,"{'cpu-1': 1.603, 'gpu-1': 2.091}",627.3000000000001,493.358,495.449,inf,498.95799999999997,498.95799999999997
471,TT2,BESTEFFORT,COMPLETED,gpu-1,494.686,"{'cpu-1': 5.195, 'gpu-1': 3.422}",1026.6000000000001,495.449,498.87100000000004,inf,501.08599999999996,501.08599999999996
472,TT1,BESTEFFORT,COMPLETED,cpu-1,495.823,"{'cpu-1': 2.374, 'gpu-1': 0.908}",284.88,495.823,498.197,inf,499.923,499.923
473,TT2,BESTEFFORT,COMPLETED,gpu-1,496.434,"{'cpu-1': 9.123, 'gpu-1': 1.165}",349.5,498.87100000000004,500.03600000000006,inf,502.834,502.834
474,TT2,BESTEFFORT,COMPLETED,cpu-1,496.81,"{'cpu-1': 2.119, 'gpu-1': 2.006}",254.28000000000003,498.197,500.31600000000003,inf,503.21,503.21
475,TT2,BESTEFFORT,COMPLETED,gpu-1,496.93,"{'cpu-1': 6.369, 'gpu-1': 0.879}",263.7,500.03600000000006,500.9150000000001,inf,503.33,503.33
476,TT2,BESTEFFORT,COMPLETED,gpu-1,496.957,"{'cpu-1': 8.233, 'gpu-1': 1.452}",435.59999999999997,500.9150000000001,502.3670000000001,inf,503.35699999999997,503.35699999999997
477,TT1,BESTEFFORT,COMPLETED,cpu-1,499.117,"{'cpu-1': 2.279, 'gpu-1': 0.649}",273.48,500.31600000000003,502.595,inf,503.21700000000004,503.21700000000004
478,TT2,BESTEFFORT,COMPLETED,gpu-1,499.571,"{'cpu-1': 3.161, 'gpu-1': 1.37}",411.00000000000006,502.3670000000001,503.7370000000001,inf,505.971,505.971
479,TT2,BESTEFFORT,COMPLETED,gpu-1,500.092,"{'cpu-1': 3.649, 'gpu-1': 1.956}",586.8,503.7370000000001,505.6930000000001,inf,506.49199999999996,506.49199999999996
480,TT1,BESTEFFORT,COMPLETED,cpu-1,501.045,"{'cpu-1': 1.197, 'gpu-1': 1.086}",143.64000000000001,502.595,503.79200000000003,inf,505.14500000000004,505.14500000000004
481,TT2,BESTEFFORT,COMPLETED,cpu-1,501.444,"{'cpu-1': 2.365, 'gpu-1': 3.009}",283.8,503.79200000000003,506.15700000000004,inf,507.844,507.844
482,TT1,BESTEFFORT,MISSED,gpu-1,501.445,"{'cpu-1': 1.242, 'gpu-1': 0.729}",0.0,505.6930000000001,inf,505.6930000000001,505.545,505.545
483,TT1,BESTEFFORT,MISSED,cpu-1,501.934,"{'cpu-1': 1.984, 'gpu-1': 0.719}",0.0,506.15700000000004,inf,506.15700000000004,506.03400000000005,506.03400000000005
484,TT2,BESTEFFORT,COMPLETED,gpu-1,502.705,"{'cpu-1': 3.92, 'gpu-1': 2.945}",883.5,505.6930000000001,508.6380000000001,inf,509.10499999999996,509.10499999999996
485,TT2,BESTEFFORT,MISSED,cpu-1,503.617,"{'cpu-1': 5.786, 'gpu-1': 0.837}",463.1999999999948,506.15700000000004,inf,510.017,510.017,510.017
486,TT2,BESTEFFORT,MISSED,gpu-1,503.844,"{'cpu-1': 3.443, 'gpu-1': 2.221}",481.79999999996426,508.6380000000001,inf,510.24399999999997,510.24399999999997,510.24399999999997
487,TT1,BESTEFFORT,MISSED,cpu-1,504.965,"{'cpu-1': 1.38, 'gpu-1': 0.879}",0.0,510.017,inf,510.017,509.065,509.065
488,TT1,BESTEFFORT,MISSED,gpu-1,506.82,"{'cpu-1': 2.124, 'gpu-1': 1.231}",202.80000000001337,510.24399999999997,inf,510.92,510.92,510.92
489,TT1,BESTEFFORT,COMPLETED,cpu-1,508.916,"{'cpu-1': 1.408, 'gpu-1': 1.335}",168.95999999999998,510.017,511.425,inf,513.016,513.016
490,TT2,BESTEFFORT,COMPLETED,gpu-1,510.907,"{'cpu-1': 4.322, 'gpu-1': 0.661}",198.3,510.92,511.581,inf,517.307,517.307
491,TT2,BESTEFFORT,COMPLETED,gpu-1,512.192,"{'cpu-1': 4.507, 'gpu-1': 1.337}",401.09999999999997,512.192,513.529,inf,518.592,518.592
492,TT2,BESTEFFORT,COMPLETED,gpu-1,514.731,"{'cpu-1': 1.955, 'gpu-1': 1.261}",378.29999999999995,514.731,515.992,inf,521.131,521.131
493,TT2,BESTEFFORT,MISSED,cpu-1,514.784,"{'cpu-1': 7.714, 'gpu-1': 0.853}",767.9999999999973,514.784,inf,521.184,521.184,521.184
494,TT2,BESTEFFORT,COMPLETED,gpu-1,514.83,"{'cpu-1': 1.75, 'gpu-1': 1.159}",347.7,515.992,517.151,inf,521.23,521.23
495,TT1,BESTEFFORT,COMPLETED,gpu-1,517.017,"{'cpu-1': 1.298, 'gpu-1': 0.913}",273.90000000000003,517.151,518.064,inf,521.1170000000001,521.1170000000001
496,TT2,BESTEFFORT,COMPLETED,cpu-1,517.563,"{'cpu-1': 2.411, 'gpu-1': 1.447}",289.32,521.184,523.5949999999999,inf,523.963,523.963
497,TT2,BESTEFFORT,COMPLETED,gpu-1,518.566,"{'cpu-1': 10.367, 'gpu-1': 2.822}",846.6,518.566,521.388,inf,524.966,524.966
498,TT2,BESTEFFORT,COMPLETED,gpu-1,520.701,"{'cpu-1': 2.591, 'gpu-1': 0.827}",248.1,521.388,522.215,inf,527.101,527.101
499,TT1,BESTEFFORT,COMPLETED,gpu-1,522.469,"{'cpu-1': 1.243, 'gpu-1': 0.611}",183.29999999999998,522.469,523.08,inf,526.5690000000001,526.5690000000001
500,TT2,BESTEFFORT,COMPLETED,gpu-1,523.927,"{'cpu-1': 4.919, 'gpu-1': 2.943}",882.9,523.927,526.87,inf,530.327,530.327
501,TT1,BESTEFFORT,COMPLETED,gpu-1,523.96,"{'cpu-1': 1.321, 'gpu-1': 0.785}",235.5,526.87,527.655,inf,528.0600000000001,528.0600000000001
502,TT2,BESTEFFORT,COMPLETED,gpu-1,524.17,"{'cpu-1': 3.873, 'gpu-1': 1.604}",481.20000000000005,527.655,529.259,inf,530.5699999999999,530.5699999999999
503,TT1,BESTEFFORT,COMPLETED,cpu-1,525.168,"{'cpu-1': 1.516, 'gpu-1': 0.926}",181.92000000000002,525.168,526.684,inf,529.268,529.268
504,TT1,BESTEFFORT,COMPLETED,gpu-1,526.306,"{'cpu-1': 1.096, 'gpu-1': 0.946}",283.8,529.259,530.205,inf,530.4060000000001,530.4060000000001
505,TT1,BESTEFFORT,COMPLETED,cpu-1,526.695,"{'cpu-1': 1.943, 'gpu-1': 0.925}",233.16,526.695,528.638,inf,530.7950000000001,530.7950000000001
506,TT2,BESTEFFORT,COMPLETED,gpu-1,527.178,"{'cpu-1': 2.253, 'gpu-1': 0.818}",245.39999999999998,530.205,531.023,inf,533.578,533.578
507,TT1,BESTEFFORT,COMPLETED,cpu-1,528.321,"{'cpu-1': 0.956, 'gpu-1': 0.823}",114.72,528.638,529.594,inf,532.421,532.421
508,TT1,BESTEFFORT,COMPLETED,cpu-1,529.532,"{'cpu-1': 1.25, 'gpu-1': 0.86}",150.0,529.594,530.844,inf,533.6320000000001,533.6320000000001
509,TT1,BESTEFFORT,COMPLETED,cpu-1,530.944,"{'cpu-1': 1.439, 'gpu-1': 1.041}",172.68,530.944,532.3829999999999,inf,535.044,535.044
510,TT2,BESTEFFORT,COMPLETED,gpu-1,531.927,"{'cpu-1': 2.015, 'gpu-1': 1.317}",395.09999999999997,531.927,533.244,inf,538.327,538.327
511,TT1,BESTEFFORT,COMPLETED,gpu-1,532.175,"{'cpu-1': 1.293, 'gpu-1': 0.863}",258.9,533.244,534.1070000000001,inf,536.275,536.275
512,TT2,BESTEFFORT,COMPLETED,cpu-1,532.323,"{'cpu-1': 1.799, 'gpu-1': 1.853}",215.88,532.3829999999999,534.1819999999999,inf,538.723,538.723
513,TT1,BESTEFFORT,COMPLETED,gpu-1,532.419,"{'cpu-1': 1.059, 'gpu-1': 1.005}",301.49999999999994,534.1070000000001,535.1120000000001,inf,536.519,536.519
514,TT1,BESTEFFORT,COMPLETED,gpu-1,533.143,"{'cpu-1': 1.436, 'gpu-1': 0.797}",239.10000000000002,535.1120000000001,535.9090000000001,inf,537.243,537.243
515,TT2,BESTEFFORT,COMPLETED,cpu-1,533.175,"{'cpu-1': 2.229, 'gpu-1': 3.335}",267.48,534.1819999999999,536.411,inf,539.5749999999999,539.5749999999999
516,TT2,BESTEFFORT,COMPLETED,gpu-1,533.413,"{'cpu-1': 2.563, 'gpu-1': 2.989}",896.6999999999999,535.9090000000001,538.8980000000001,inf,539.813,539.813
517,TT1,BESTEFFORT,COMPLETED,cpu-1,534.469,"{'cpu-1': 1.281, 'gpu-1': 0.977}",153.72,536.411,537.6919999999999,inf,538.5690000000001,538.5690000000001
518,TT1,BESTEFFORT,MISSED,gpu-1,534.629,"{'cpu-1': 1.2, 'gpu-1': 1.257}",0.0,538.8980000000001,inf,538.8980000000001,538.729,538.729
519,TT2,BESTEFFORT,COMPLETED,gpu-1,535.82,"{'cpu-1': 4.456, 'gpu-1': 0.917}",275.1,538.8980000000001,539.8150000000002,inf,542.22,542.22
520,TT1,BESTEFFORT,COMPLETED,cpu-1,536.581,"{'cpu-1': 1.239, 'gpu-1': 1.177}",148.68,537.6919999999999,538.9309999999999,inf,540.681,540.681
521,TT1,BESTEFFORT,COMPLETED,cpu-1,536.68,"{'cpu-1': 0.964, 'gpu-1': 0.954}",115.67999999999999,538.9309999999999,539.895,inf,540.78,540.78
522,TT2,BESTEFFORT,COMPLETED,gpu-1,539.22,"{'cpu-1': 2.765, 'gpu-1': 1.363}",408.9,539.8150000000002,541.1780000000002,inf,545.62,545.62
523,TT1,BESTEFFORT,COMPLETED,cpu-1,539.335,"{'cpu-1': 1.98, 'gpu-1': 0.91}",237.6,539.895,541.875,inf,543.4350000000001,543.4350000000001
524,TT2,BESTEFFORT,COMPLETED,gpu-1,539.944,"{'cpu-1': 5.671, 'gpu-1': 1.425}",427.5,541.1780000000002,542.6030000000002,inf,546.3439999999999,546.3439999999999
525,TT1,BESTEFFORT,COMPLETED,gpu-1,541.844,"{'cpu-1': 2.149, 'gpu-1': 0.788}",236.4,542.6030000000002,543.3910000000002,inf,545.9440000000001,545.9440000000001
526,TT1,BESTEFFORT,COMPLETED,gpu-1,542.431,"{'cpu-1': 1.288, 'gpu-1': 1.383}",414.9,543.3910000000002,544.7740000000002,inf,546.5310000000001,546.5310000000001
527,TT2,BESTEFFORT,COMPLETED,gpu-1,542.578,"{'cpu-1': 3.133, 'gpu-1': 1.429}",428.7,544.7740000000002,546.2030000000002,inf,548.978,548.978
528,TT1,BESTEFFORT,COMPLETED,cpu-1,542.83,"{'cpu-1': 2.18, 'gpu-1': 1.449}",261.6,542.83,545.01,inf,546.9300000000001,546.9300000000001
529,TT1,BESTEFFORT,MISSED,cpu-1,542.87,"{'cpu-1': 2.261, 'gpu-1': 0.788}",235.20000000000437,545.01,inf,546.97,546.97,546.97
530,TT1,BESTEFFORT,MISSED,cpu-1,543.475,"{'cpu-1': 1.032, 'gpu-1': 0.926}",72.60000000000218,546.97,inf,547.575,547.575,547.575
531,TT1,BESTEFFORT,MISSED,cpu-1,543.565,"{'cpu-1': 1.303, 'gpu-1': 0.884}",10.80000000000382,547.575,inf,547.6650000000001,547.6650000000001,547.6650000000001
532,TT1,BESTEFFORT,MISSED,cpu-1,545.273,"{'cpu-1': 2.042, 'gpu-1': 0.734}",204.9599999999964,547.6650000000001,inf,549.373,549.373,549.373
533,TT2,BESTEFFORT,COMPLETED,gpu-1,545.531,"{'cpu-1': 11.493, 'gpu-1': 2.705}",811.5,546.2030000000002,548.9080000000002,inf,551.9309999999999,551.9309999999999
534,TT1,BESTEFFORT,MISSED,gpu-1,545.769,"{'cpu-1': 0.999, 'gpu-1': 0.971}",288.2999999999356,548.9080000000002,inf,549.869,549.869,549.869
535,TT1,BESTEFFORT,MISSED,gpu-1,546.37,"{'cpu-1': 1.245, 'gpu-1': 1.429}",180.29999999999973,549.869,inf,550.47,550.47,550.47
536,TT1,BESTEFFORT,MISSED,gpu-1,547.02,"{'cpu-1': 1.764, 'gpu-1': 0.872}",194.99999999999318,550.47,inf,551.12,551.12,551.12
537,TT2,BESTEFFORT,MISSED,cpu-1,549.728,"{'cpu-1': 10.331, 'gpu-1': 1.688}",767.9999999999973,549.728,inf,556.1279999999999,556.1279999999999,556.1279999999999
538,TT1,BESTEFFORT,COMPLETED,gpu-1,550.609,"{'cpu-1': 1.518, 'gpu-1': 0.828}",248.39999999999998,551.12,551.948,inf,554.7090000000001,554.7090000000001
539,TT2,BESTEFFORT,COMPLETED,gpu-1,551.146,"{'cpu-1': 3.209, 'gpu-1': 0.873}",261.9,551.948,552.821,inf,557.5459999999999,557.5459999999999
540,TT2,BESTEFFORT,COMPLETED,gpu-1,551.905,"{'cpu-1': 8.355, 'gpu-1': 1.188}",356.4,552.821,554.009,inf,558.305,558.305
541,TT2,BESTEFFORT,COMPLETED,gpu-1,552.538,"{'cpu-1': 9.015, 'gpu-1': 1.256}",376.8,554.009,555.265,inf,558.938,558.938
542,TT2,BESTEFFORT,COMPLETED,cpu-1,554.566,"{'cpu-1': 2.172, 'gpu-1': 1.232}",260.64000000000004,556.1279999999999,558.3,inf,560.966,560.966
543,TT1,BESTEFFORT,COMPLETED,gpu-1,555.305,"{'cpu-1': 2.087, 'gpu-1': 1.187}",356.1,555.305,556.492,inf,559.405,559.405
544,TT2,BESTEFFORT,COMPLETED,gpu-1,557.299,"{'cpu-1': 2.304, 'gpu-1': 0.968}",290.4,557.299,558.2669999999999,inf,563.699,563.699
545,TT2,BESTEFFORT,COMPLETED,gpu-1,557.409,"{'cpu-1': 10.731, 'gpu-1': 1.415}",424.5,558.2669999999999,559.6819999999999,inf,563.809,563.809
546,TT1,BESTEFFORT,COMPLETED,gpu-1,558.238,"{'cpu-1': 1.412, 'gpu-1': 1.196}",358.8,559.6819999999999,560.8779999999999,inf,562.3380000000001,562.3380000000001
547,TT1,BESTEFFORT,COMPLETED,gpu-1,560.699,"{'cpu-1': 1.26, 'gpu-1': 0.97}",291.0,560.8779999999999,561.848,inf,564.799,564.799
548,TT1,BESTEFFORT,COMPLETED,cpu-1,560.943,"{'cpu-1': 1.012, 'gpu-1': 0.811}",121.44,560.943,561.9549999999999,inf,565.043,565.043
549,TT1,BESTEFFORT,COMPLETED,gpu-1,561.272,"{'cpu-1': 2.162, 'gpu-1': 0.621}",186.3,561.848,562.4689999999999,inf,565.3720000000001,565.3720000000001
550,TT2,BESTEFFORT,COMPLETED,gpu-1,561.394,"{'cpu-1': 7.543, 'gpu-1': 2.26}",677.9999999999999,562.4689999999999,564.7289999999999,inf,567.794,567.794
551,TT2,BESTEFFORT,COMPLETED,gpu-1,564.173,"{'cpu-1': 10.526, 'gpu-1': 1.107}",332.1,564.7289999999999,565.8359999999999,inf,570.573,570.573
552,TT2,BESTEFFORT,COMPLETED,gpu-1,565.426,"{'cpu-1': 6.475, 'gpu-1': 0.919}",275.7,565.8359999999999,566.7549999999999,inf,571.826,571.826
553,TT2,BESTEFFORT,COMPLETED,gpu-1,565.466,"{'cpu-1': 2.797, 'gpu-1': 2.601}",780.3,566.7549999999999,569.3559999999999,inf,571.866,571.866
554,TT2,BESTEFFORT,COMPLETED,gpu-1,565.592,"{'cpu-1': 12.463, 'gpu-1': 1.329}",398.7,569.3559999999999,570.6849999999998,inf,571.992,571.992
555,TT1,BESTEFFORT,COMPLETED,cpu-1,566.003,"{'cpu-1': 1.292, 'gpu-1': 1.227}",155.04,566.003,567.2950000000001,inf,570.1030000000001,570.1030000000001
556,TT1,BESTEFFORT,MISSED,gpu-1,566.088,"{'cpu-1': 1.456, 'gpu-1': 1.337}",0.0,570.6849999999998,inf,570.6849999999998,570.188,570.188
557,TT2,BESTEFFORT,COMPLETED,cpu-1,568.019,"{'cpu-1': 4.378, 'gpu-1': 0.72}",525.36,568.019,572.397,inf,574.419,574.419
558,TT2,BESTEFFORT,COMPLETED,gpu-1,569.392,"{'cpu-1': 5.582, 'gpu-1': 0.663}",198.9,570.6849999999998,571.3479999999998,inf,575.792,575.792
559,TT2,BESTEFFORT,COMPLETED,gpu-1,571.445,"{'cpu-1': 12.106, 'gpu-1': 2.119}",635.7,571.445,573.5640000000001,inf,577.845,577.845
560,TT2,BESTEFFORT,COMPLETED,gpu-1,572.252,"{'cpu-1': 8.728, 'gpu-1': 1.116}",334.8,573.5640000000001,574.6800000000001,inf,578.6519999999999,578.6519999999999
561,TT1,BESTEFFORT,COMPLETED,cpu-1,574.511,"{'cpu-1': 1.442, 'gpu-1': 1.451}",173.04,574.511,575.953,inf,578.611,578.611
562,TT1,BESTEFFORT,COMPLETED,gpu-1,575.008,"{'cpu-1': 0.964, 'gpu-1': 1.459}",437.70000000000005,575.008,576.467,inf,579.1080000000001,579.1080000000001
563,TT1,BESTEFFORT,COMPLETED,gpu-1,575.808,"{'cpu-1': 1.051, 'gpu-1': 0.859}",257.7,576.467,577.326,inf,579.908,579.908
564,TT1,BESTEFFORT,COMPLETED,cpu-1,576.547,"{'cpu-1': 1.001, 'gpu-1': 1.105}",120.11999999999999,576.547,577.548,inf,580.647,580.647
565,TT2,BESTEFFORT,COMPLETED,gpu-1,576.572,"{'cpu-1': 2.241, 'gpu-1': 2.026}",607.8,577.326,579.352,inf,582.972,582.972
566,TT1,BESTEFFORT,COMPLETED,gpu-1,577.023,"{'cpu-1': 1.288, 'gpu-1': 1.258}",377.4,579.352,580.61,inf,581.123,581.123
567,TT2,BESTEFFORT,COMPLETED,gpu-1,578.986,"{'cpu-1': 5.685, 'gpu-1': 1.0}",300.0,580.61,581.61,inf,585.386,585.386
568,TT2,BESTEFFORT,COMPLETED,gpu-1,579.088,"{'cpu-1': 4.554, 'gpu-1': 1.001}",300.29999999999995,581.61,582.611,inf,585.4879999999999,585.4879999999999
569,TT2,BESTEFFORT,MISSED,cpu-1,579.621,"{'cpu-1': 7.372, 'gpu-1': 1.087}",767.9999999999973,579.621,inf,586.021,586.021,586.021
570,TT1,BESTEFFORT,MISSED,gpu-1,579.696,"{'cpu-1': 1.417, 'gpu-1': 1.224}",355.50000000001774,582.611,inf,583.796,583.796,583.796
571,TT1,BESTEFFORT,MISSED,cpu-1,580.442,"{'cpu-1': 1.407, 'gpu-1': 0.588}",0.0,586.021,inf,586.021,584.542,584.542
572,TT1,BESTEFFORT,COMPLETED,gpu-1,580.938,"{'cpu-1': 1.241, 'gpu-1': 0.822}",246.6,583.796,584.618,inf,585.038,585.038
573,TT2,BESTEFFORT,COMPLETED,gpu-1,583.688,"{'cpu-1': 7.706, 'gpu-1': 0.9}",270.0,584.618,585.518,inf,590.088,590.088
574,TT1,BESTEFFORT,COMPLETED,cpu-1,585.336,"{'cpu-1': 2.436, 'gpu-1': 0.963}",292.32,586.021,588.457,inf,589.436,589.436
575,TT2,BESTEFFORT,COMPLETED,gpu-1,585.879,"{'cpu-1': 12.982, 'gpu-1': 0.825}",247.5,585.879,586.7040000000001,inf,592.279,592.279
576,TT2,BESTEFFORT,COMPLETED,gpu-1,585.897,"{'cpu-1': 6.132, 'gpu-1': 1.231}",369.3,586.7040000000001,587.9350000000001,inf,592.297,592.297
577,TT1,BESTEFFORT,COMPLETED,cpu-1,586.663,"{'cpu-1': 1.316, 'gpu-1': 0.934}",157.92000000000002,588.457,589.773,inf,590.763,590.763
578,TT1,BESTEFFORT,COMPLETED,gpu-1,586.735,"{'cpu-1': 1.07, 'gpu-1': 0.983}",294.9,587.9350000000001,588.918,inf,590.835,590.835
579,TT2,BESTEFFORT,MISSED,cpu-1,586.831,"{'cpu-1': 11.493, 'gpu-1': 2.26}",414.9599999999964,589.773,inf,593.231,593.231,593.231
580,TT1,BESTEFFORT,COMPLETED,gpu-1,588.268,"{'cpu-1': 1.429, 'gpu-1': 1.359}",407.7,588.918,590.277,inf,592.368,592.368
581,TT2,BESTEFFORT,COMPLETED,gpu-1,589.084,"{'cpu-1': 3.368, 'gpu-1': 0.591}",177.29999999999998,590.277,590.868,inf,595.4839999999999,595.4839999999999
582,TT1,BESTEFFORT,COMPLETED,gpu-1,589.631,"{'cpu-1': 1.021, 'gpu-1': 0.824}",247.2,590.868,591.692,inf,593.731,593.731
583,TT1,BESTEFFORT,COMPLETED,gpu-1,590.835,"{'cpu-1': 2.179, 'gpu-1': 1.044}",313.2,591.692,592.736,inf,594.9350000000001,594.9350000000001
584,TT2,BESTEFFORT,COMPLETED,gpu-1,592.692,"{'cpu-1': 4.051, 'gpu-1': 1.176}",352.79999999999995,592.736,593.912,inf,599.092,599.092
585,TT2,BESTEFFORT,COMPLETED,gpu-1,592.699,"{'cpu-1': 10.607, 'gpu-1': 1.145}",343.5,593.912,595.057,inf,599.0989999999999,599.0989999999999
586,TT1,BESTEFFORT,COMPLETED,cpu-1,592.852,"{'cpu-1': 1.299, 'gpu-1': 1.096}",155.88,593.231,594.53,inf,596.952,596.952
587,TT1,BESTEFFORT,COMPLETED,cpu-1,593.265,"{'cpu-1': 1.294, 'gpu-1': 0.95}",155.28,594.53,595.824,inf,597.365,597.365
588,TT2,BESTEFFORT,COMPLETED,cpu-1,593.767,"{'cpu-1': 1.417, 'gpu-1': 0.699}",170.04,595.824,597.241,inf,600.167,600.167
589,TT1,BESTEFFORT,COMPLETED,gpu-1,595.113,"{'cpu-1': 1.997, 'gpu-1': 1.173}",351.90000000000003,595.113,596.2860000000001,inf,599.2130000000001,599.2130000000001
590,TT2,BESTEFFORT,COMPLETED,gpu-1,595.177,"{'cpu-1': 1.594, 'gpu-1': 3.563}",1068.9,596.2860000000001,599.849,inf,601.577,601.577
591,TT2,BESTEFFORT,MISSED,gpu-1,595.348,"{'cpu-1': 4.13, 'gpu-1': 2.782}",569.6999999999662,599.849,inf,601.7479999999999,601.7479999999999,601.7479999999999
592,TT2,BESTEFFORT,MISSED,gpu-1,595.385,"{'cpu-1': 2.587, 'gpu-1': 1.838}",11.100000000010368,601.7479999999999,inf,601.785,601.785,601.785
593,TT2,BESTEFFORT,COMPLETED,cpu-1,595.49,"{'cpu-1': 2.504, 'gpu-1': 1.626}",300.48,597.241,599.745,inf,601.89,601.89
594,TT2,BESTEFFORT,MISSED,cpu-1,596.065,"{'cpu-1': 10.841, 'gpu-1': 2.669}",326.4000000000033,599.745,inf,602.465,602.465,602.465
595,TT2,BESTEFFORT,COMPLETED,gpu-1,597.595,"{'cpu-1': 6.372, 'gpu-1': 0.697}",209.1,601.785,602.482,inf,603.995,603.995
596,TT1,BESTEFFORT,MISSED,cpu-1,598.069,"{'cpu-1': 1.336, 'gpu-1': 0.906}",0.0,602.465,inf,602.465,602.169,602.169
597,TT2,BESTEFFORT,MISSED,cpu-1,599.677,"{'cpu-1': 4.166, 'gpu-1': 0.657}",433.43999999999596,602.465,inf,606.077,606.077,606.077
598,TT2,BESTEFFORT,COMPLETED,gpu-1,600.966,"{'cpu-1': 4.933, 'gpu-1': 1.9}",570.0,602.482,604.382,inf,607.366,607.366
599,TT2,BESTEFFORT,COMPLETED,gpu-1,602.529,"{'cpu-1': 7.588, 'gpu-1': 1.853}",555.9,604.382,606.2349999999999,inf,608.929,608.929
600,TT2,BESTEFFORT,COMPLETED,gpu-1,603.762,"{'cpu-1': 2.584, 'gpu-1': 0.601}",180.29999999999998,606.2349999999999,606.8359999999999,inf,610.1619999999999,610.1619999999999
601,TT1,BESTEFFORT,COMPLETED,gpu-1,603.901,"{'cpu-1': 1.227, 'gpu-1': 0.91}",273.0,606.8359999999999,607.7459999999999,inf,608.001,608.001
602,TT2,BESTEFFORT,COMPLETED,cpu-1,603.958,"{'cpu-1': 4.24, 'gpu-1': 0.855}",508.8,606.077,610.317,inf,610.358,610.358
603,TT1,BESTEFFORT,MISSED,cpu-1,604.323,"{'cpu-1': 1.302, 'gpu-1': 1.184}",0.0,610.317,inf,610.317,608.423,608.423
604,TT1,BESTEFFORT,MISSED,gpu-1,604.388,"{'cpu-1': 1.749, 'gpu-1': 1.129}",222.60000000005675,607.7459999999999,inf,608.488,608.488,608.488
605,TT2,BESTEFFORT,MISSED,cpu-1,605.146,"{'cpu-1': 7.141, 'gpu-1': 1.601}",147.47999999999138,610.317,inf,611.5459999999999,611.5459999999999,611.5459999999999
606,TT1,BESTEFFORT,MISSED,cpu-1,605.594,"{'cpu-1': 1.261, 'gpu-1': 1.118}",0.0,611.5459999999999,inf,611.5459999999999,609.6940000000001,609.6940000000001
607,TT2,BESTEFFORT,COMPLETED,gpu-1,610.776,"{'cpu-1': 2.063, 'gpu-1': 1.085}",325.5,610.776,611.861,inf,617.1759999999999,617.1759999999999
608,TT1,BESTEFFORT,COMPLETED,cpu-1,611.429,"{'cpu-1': 1.308, 'gpu-1': 0.873}",156.96,611.5459999999999,612.8539999999999,inf,615.529,615.529
609,TT2,BESTEFFORT,MISSED,cpu-1,612.746,"{'cpu-1': 11.869, 'gpu-1': 1.178}",755.0400000000036,612.8539999999999,inf,619.146,619.146,619.146
610,TT2,BESTEFFORT,COMPLETED,gpu-1,615.797,"{'cpu-1': 4.516, 'gpu-1': 0.781}",234.3,615.797,616.578,inf,622.197,622.197
611,TT2,BESTEFFORT,COMPLETED,gpu-1,616.016,"{'cpu-1': 6.948, 'gpu-1': 2.249}",674.7,616.578,618.827,inf,622.4159999999999,622.4159999999999
612,TT1,BESTEFFORT,COMPLETED,cpu-1,616.159,"{'cpu-1': 1.102, 'gpu-1': 0.872}",132.24,619.146,620.2479999999999,inf,620.259,620.259
613,TT1,BESTEFFORT,MISSED,cpu-1,616.72,"{'cpu-1': 1.294, 'gpu-1': 1.199}",68.64000000001397,620.2479999999999,inf,620.82,620.82,620.82
614,TT1,BESTEFFORT,COMPLETED,gpu-1,616.728,"{'cpu-1': 1.799, 'gpu-1': 0.935}",280.5,618.827,619.762,inf,620.828,620.828
615,TT2,BESTEFFORT,COMPLETED,gpu-1,616.733,"{'cpu-1': 3.21, 'gpu-1': 1.605}",481.5,619.762,621.367,inf,623.1329999999999,623.1329999999999
616,TT1,BESTEFFORT,COMPLETED,gpu-1,620.769,"{'cpu-1': 2.147, 'gpu-1': 1.237}",371.1,621.367,622.6039999999999,inf,624.869,624.869
617,TT2,BESTEFFORT,COMPLETED,gpu-1,621.3,"{'cpu-1': 11.548, 'gpu-1': 0.796}",238.8,622.6039999999999,623.4,inf,627.6999999999999,627.6999999999999
618,TT2,BESTEFFORT,COMPLETED,gpu-1,623.198,"{'cpu-1': 1.955, 'gpu-1': 2.167}",650.0999999999999,623.4,625.567,inf,629.598,629.598
619,TT1,BESTEFFORT,COMPLETED,cpu-1,623.468,"{'cpu-1': 1.193, 'gpu-1': 0.727}",143.16,623.468,624.661,inf,627.568,627.568
620,TT1,BESTEFFORT,COMPLETED,gpu-1,623.976,"{'cpu-1': 1.503, 'gpu-1': 0.681}",204.3,625.567,626.248,inf,628.076,628.076
621,TT1,BESTEFFORT,COMPLETED,gpu-1,624.882,"{'cpu-1': 1.038, 'gpu-1': 1.282}",384.6,626.248,627.5300000000001,inf,628.982,628.982
622,TT2,BESTEFFORT,COMPLETED,gpu-1,626.171,"{'cpu-1': 1.603, 'gpu-1': 1.924}",577.1999999999999,627.5300000000001,629.4540000000001,inf,632.571,632.571
623,TT2,BESTEFFORT,MISSED,cpu-1,626.827,"{'cpu-1': 12.185, 'gpu-1': 1.169}",767.9999999999973,626.827,inf,633.227,633.227,633.227
624,TT2,BESTEFFORT,COMPLETED,gpu-1,627.717,"{'cpu-1': 1.48, 'gpu-1': 0.805}",241.50000000000003,629.4540000000001,630.259,inf,634.117,634.117
625,TT2,BESTEFFORT,COMPLETED,gpu-1,627.899,"{'cpu-1': 3.485, 'gpu-1': 0.703}",210.89999999999998,630.259,630.962,inf,634.299,634.299
626,TT1,BESTEFFORT,COMPLETED,gpu-1,628.14,"{'cpu-1': 1.197, 'gpu-1': 1.12}",336.00000000000006,630.962,632.082,inf,632.24,632.24
627,TT2,BESTEFFORT,MISSED,cpu-1,628.226,"{'cpu-1': 7.115, 'gpu-1': 0.543}",167.8800000000001,633.227,inf,634.626,634.626,634.626
628,TT1,BESTEFFORT,COMPLETED,gpu-1,629.587,"{'cpu-1': 1.305, 'gpu-1': 0.998}",299.4,632.082,633.08,inf,633.687,633.687
629,TT2,BESTEFFORT,MISSED,cpu-1,630.056,"{'cpu-1': 3.748, 'gpu-1': 1.783}",219.6000000000049,634.626,inf,636.456,636.456,636.456
630,TT2,BESTEFFORT,COMPLETED,gpu-1,631.964,"{'cpu-1': 2.172, 'gpu-1': 1.156}",346.79999999999995,633.08,634.236,inf,638.364,638.364
631,TT1,BESTEFFORT,COMPLETED,gpu-1,634.651,"{'cpu-1': 1.514, 'gpu-1': 0.904}",271.2,634.651,635.555,inf,638.751,638.751
632,TT2,BESTEFFORT,COMPLETED,cpu-1,639.356,"{'cpu-1': 4.554, 'gpu-1': 0.896}",546.48,639.356,643.91,inf,645.756,645.756
633,TT2,BESTEFFORT,COMPLETED,gpu-1,640.432,"{'cpu-1': 3.165, 'gpu-1': 2.854}",856.2,640.432,643.2860000000001,inf,646.832,646.832
634,TT1,BESTEFFORT,MISSED,cpu-1,640.523,"{'cpu-1': 2.099, 'gpu-1': 1.342}",85.5600000000095,643.91,inf,644.623,644.623,644.623
635,TT2,BESTEFFORT,COMPLETED,gpu-1,642.878,"{'cpu-1': 5.018, 'gpu-1': 3.239}",971.6999999999999,643.2860000000001,646.5250000000001,inf,649.278,649.278
636,TT1,BESTEFFORT,COMPLETED,cpu-1,643.398,"{'cpu-1': 2.02, 'gpu-1': 1.261}",242.4,644.623,646.643,inf,647.498,647.498
637,TT1,BESTEFFORT,COMPLETED,gpu-1,643.952,"{'cpu-1': 1.239, 'gpu-1': 1.153}",345.90000000000003,646.5250000000001,647.6780000000001,inf,648.052,648.052
638,TT1,BESTEFFORT,MISSED,gpu-1,644.126,"{'cpu-1': 1.834, 'gpu-1': 0.896}",164.39999999996644,647.6780000000001,inf,648.226,648.226,648.226
639,TT1,BESTEFFORT,COMPLETED,cpu-1,645.945,"{'cpu-1': 1.248, 'gpu-1': 1.141}",149.76,646.643,647.8910000000001,inf,650.0450000000001,650.0450000000001
640,TT1,BESTEFFORT,COMPLETED,gpu-1,646.153,"{'cpu-1': 1.871, 'gpu-1': 0.901}",270.3,648.226,649.127,inf,650.253,650.253
641,TT2,BESTEFFORT,COMPLETED,cpu-1,647.364,"{'cpu-1': 3.169, 'gpu-1': 1.692}",380.28000000000003,647.8910000000001,651.0600000000001,inf,653.764,653.764
642,TT2,BESTEFFORT,COMPLETED,gpu-1,648.355,"{'cpu-1': 4.379, 'gpu-1': 1.601}",480.3,649.127,650.728,inf,654.755,654.755
643,TT2,BESTEFFORT,COMPLETED,gpu-1,650.467,"{'cpu-1': 2.684, 'gpu-1': 1.502}",450.6,650.728,652.2299999999999,inf,656.867,656.867
644,TT1,BESTEFFORT,COMPLETED,cpu-1,651.084,"{'cpu-1': 1.07, 'gpu-1': 0.905}",128.4,651.084,652.154,inf,655.184,655.184
645,TT1,BESTEFFORT,COMPLETED,gpu-1,652.536,"{'cpu-1': 1.533, 'gpu-1': 1.388}",416.4,652.536,653.924,inf,656.636,656.636
646,TT1,BESTEFFORT,COMPLETED,cpu-1,653.019,"{'cpu-1': 2.051, 'gpu-1': 1.144}",246.12,653.019,655.07,inf,657.119,657.119
647,TT2,BESTEFFORT,COMPLETED,gpu-1,653.986,"{'cpu-1': 5.649, 'gpu-1': 1.319}",395.7,653.986,655.305,inf,660.386,660.386
648,TT2,BESTEFFORT,COMPLETED,gpu-1,657.414,"{'cpu-1': 2.097, 'gpu-1': 0.621}",186.3,657.414,658.035,inf,663.814,663.814
649,TT1,BESTEFFORT,COMPLETED,cpu-1,657.887,"{'cpu-1': 1.306, 'gpu-1': 1.25}",156.72,657.887,659.193,inf,661.987,661.987
650,TT1,BESTEFFORT,COMPLETED,gpu-1,658.295,"{'cpu-1': 1.275, 'gpu-1': 0.614}",184.2,658.295,658.909,inf,662.395,662.395
651,TT1,BESTEFFORT,COMPLETED,gpu-1,659.211,"{'cpu-1': 1.053, 'gpu-1': 0.642}",192.6,659.211,659.8530000000001,inf,663.311,663.311
652,TT2,BESTEFFORT,COMPLETED,gpu-1,660.009,"{'cpu-1': 3.645, 'gpu-1': 0.607}",182.1,660.009,660.616,inf,666.409,666.409
653,TT2,BESTEFFORT,COMPLETED,cpu-1,660.422,"{'cpu-1': 2.043, 'gpu-1': 3.25}",245.16000000000003,660.422,662.465,inf,666.822,666.822
654,TT1,BESTEFFORT,COMPLETED,gpu-1,660.465,"{'cpu-1': 1.292, 'gpu-1': 1.12}",336.00000000000006,660.616,661.736,inf,664.565,664.565
655,TT2,BESTEFFORT,COMPLETED,gpu-1,661.499,"{'cpu-1': 8.101, 'gpu-1': 1.707}",512.1,661.736,663.443,inf,667.899,667.899
656,TT1,BESTEFFORT,COMPLETED,gpu-1,662.4,"{'cpu-1': 1.242, 'gpu-1': 1.137}",341.1,663.443,664.5799999999999,inf,666.5,666.5
657,TT1,BESTEFFORT,COMPLETED,gpu-1,664.649,"{'cpu-1': 1.33, 'gpu-1': 0.674}",202.20000000000002,664.649,665.323,inf,668.749,668.749
658,TT1,BESTEFFORT,COMPLETED,cpu-1,664.974,"{'cpu-1': 1.291, 'gpu-1': 0.911}",154.92,664.974,666.2650000000001,inf,669.0740000000001,669.0740000000001
659,TT1,BESTEFFORT,COMPLETED,gpu-1,665.32,"{'cpu-1': 1.541, 'gpu-1': 0.857}",257.1,665.323,666.18,inf,669.4200000000001,669.4200000000001
660,TT2,BESTEFFORT,COMPLETED,gpu-1,665.69,"{'cpu-1': 4.12, 'gpu-1': 0.551}",165.3,666.18,666.731,inf,672.09,672.09
661,TT1,BESTEFFORT,COMPLETED,cpu-1,666.403,"{'cpu-1': 1.248, 'gpu-1': 0.742}",149.76,666.403,667.6510000000001,inf,670.503,670.503
662,TT1,BESTEFFORT,COMPLETED,gpu-1,668.583,"{'cpu-1': 1.247, 'gpu-1': 1.22}",366.0,668.583,669.803,inf,672.683,672.683
663,TT1,BESTEFFORT,COMPLETED,cpu-1,669.141,"{'cpu-1': 2.128, 'gpu-1': 1.516}",255.36,669.141,671.269,inf,673.241,673.241
664,TT1,BESTEFFORT,COMPLETED,gpu-1,669.754,"{'cpu-1': 1.242, 'gpu-1': 0.928}",278.40000000000003,669.803,670.731,inf,673.854,673.854
665,TT2,BESTEFFORT,MISSED,cpu-1,669.783,"{'cpu-1': 12.036, 'gpu-1': 2.589}",589.6799999999985,671.269,inf,676.183,676.183,676.183
666,TT2,BESTEFFORT,COMPLETED,gpu-1,670.818,"{'cpu-1': 1.75, 'gpu-1': 1.688}",506.4,670.818,672.506,inf,677.218,677.218
667,TT1,BESTEFFORT,COMPLETED,gpu-1,671.586,"{'cpu-1': 1.265, 'gpu-1': 0.999}",299.7,672.506,673.505,inf,675.686,675.686
668,TT2,BESTEFFORT,COMPLETED,gpu-1,672.708,"{'cpu-1': 1.689, 'gpu-1': 3.415}",1024.5,673.505,676.92,inf,679.108,679.108
669,TT2,BESTEFFORT,COMPLETED,gpu-1,672.863,"{'cpu-1': 12.463, 'gpu-1': 0.735}",220.5,676.92,677.655,inf,679.263,679.263
670,TT1,BESTEFFORT,MISSED,cpu-1,673.286,"{'cpu-1': 1.422, 'gpu-1': 0.92}",144.35999999999694,676.183,inf,677.386,677.386,677.386
671,TT1,BESTEFFORT,COMPLETED,cpu-1,674.95,"{'cpu-1': 1.038, 'gpu-1': 1.483}",124.56,677.386,678.424,inf,679.0500000000001,679.0500000000001
672,TT2,BESTEFFORT,COMPLETED,gpu-1,675.279,"{'cpu-1': 5.585, 'gpu-1': 1.085}",325.5,677.655,678.74,inf,681.679,681.679
673,TT2,BESTEFFORT,COMPLETED,gpu-1,677.998,"{'cpu-1': 7.304, 'gpu-1': 1.559}",467.7,678.74,680.299,inf,684.398,684.398
674,TT1,BESTEFFORT,COMPLETED,cpu-1,679.624,"{'cpu-1': 2.112, 'gpu-1': 0.632}",253.44,679.624,681.736,inf,683.724,683.724
675,TT2,BESTEFFORT,COMPLETED,gpu-1,680.806,"{'cpu-1': 3.752, 'gpu-1': 2.067}",620.1,680.806,682.873,inf,687.206,687.206
676,TT2,BESTEFFORT,COMPLETED,gpu-1,682.417,"{'cpu-1': 2.063, 'gpu-1': 1.154}",346.2,682.873,684.027,inf,688.817,688.817
677,TT2,BESTEFFORT,COMPLETED,gpu-1,682.894,"{'cpu-1': 12.035, 'gpu-1': 1.254}",376.2,684.027,685.2810000000001,inf,689.294,689.294
678,TT2,BESTEFFORT,COMPLETED,gpu-1,682.931,"{'cpu-1': 4.58, 'gpu-1': 1.262}",378.6,685.2810000000001,686.543,inf,689.331,689.331
679,TT1,BESTEFFORT,COMPLETED,cpu-1,683.298,"{'cpu-1': 1.266, 'gpu-1': 1.254}",151.92000000000002,683.298,684.564,inf,687.398,687.398
680,TT1,BESTEFFORT,COMPLETED,cpu-1,683.375,"{'cpu-1': 0.994, 'gpu-1': 0.632}",119.28,684.564,685.558,inf,687.475,687.475
681,TT2,BESTEFFORT,COMPLETED,gpu-1,683.389,"{'cpu-1': 2.227, 'gpu-1': 2.653}",795.9,686.543,689.196,inf,689.789,689.789
682,TT2,BESTEFFORT,MISSED,gpu-1,684.949,"{'cpu-1': 4.111, 'gpu-1': 2.359}",645.8999999999719,689.196,inf,691.3489999999999,691.3489999999999,691.3489999999999
683,TT2,BESTEFFORT,COMPLETED,cpu-1,685.225,"{'cpu-1': 2.395, 'gpu-1': 0.818}",287.4,685.558,687.953,inf,691.625,691.625
684,TT2,BESTEFFORT,MISSED,cpu-1,685.276,"{'cpu-1': 7.878, 'gpu-1': 0.774}",446.75999999999476,687.953,inf,691.6759999999999,691.6759999999999,691.6759999999999
685,TT1,BESTEFFORT,MISSED,gpu-1,685.376,"{'cpu-1': 2.112, 'gpu-1': 0.873}",0.0,691.3489999999999,inf,691.3489999999999,689.476,689.476
686,TT2,BESTEFFORT,COMPLETED,gpu-1,687.949,"{'cpu-1': 13.287, 'gpu-1': 0.809}",242.70000000000002,691.3489999999999,692.1579999999999,inf,694.3489999999999,694.3489999999999
687,TT1,BESTEFFORT,MISSED,cpu-1,689.153,"{'cpu-1': 1.795, 'gpu-1': 0.995}",189.24000000001342,691.6759999999999,inf,693.253,693.253,693.253
688,TT2,BESTEFFORT,COMPLETED,gpu-1,690.621,"{'cpu-1': 12.424, 'gpu-1': 0.699}",209.7,692.1579999999999,692.8569999999999,inf,697.021,697.021
689,TT2,BESTEFFORT,COMPLETED,gpu-1,694.559,"{'cpu-1': 11.972, 'gpu-1': 2.335}",700.5,694.559,696.894,inf,700.959,700.959
690,TT2,BESTEFFORT,COMPLETED,cpu-1,694.919,"{'cpu-1': 2.043, 'gpu-1': 0.988}",245.16000000000003,694.919,696.962,inf,701.319,701.319
691,TT2,BESTEFFORT,COMPLETED,gpu-1,695.293,"{'cpu-1': 10.526, 'gpu-1': 1.009}",302.7,696.894,697.903,inf,701.693,701.693
692,TT1,BESTEFFORT,COMPLETED,cpu-1,695.648,"{'cpu-1': 1.812, 'gpu-1': 1.107}",217.44,696.962,698.774,inf,699.748,699.748
693,TT1,BESTEFFORT,COMPLETED,gpu-1,696.183,"{'cpu-1': 1.287, 'gpu-1': 0.918}",275.40000000000003,697.903,698.821,inf,700.283,700.283
694,TT1,BESTEFFORT,MISSED,cpu-1,696.272,"{'cpu-1': 2.371, 'gpu-1': 1.182}",191.7600000000084,698.774,inf,700.3720000000001,700.3720000000001,700.3720000000001
695,TT1,BESTEFFORT,COMPLETED,gpu-1,697.584,"{'cpu-1': 2.112, 'gpu-1': 0.908}",272.40000000000003,698.821,699.729,inf,701.684,701.684
696,TT1,BESTEFFORT,COMPLETED,gpu-1,697.696,"{'cpu-1': 1.15, 'gpu-1': 0.931}",279.3,699.729,700.6600000000001,inf,701.796,701.796
697,TT1,BESTEFFORT,MISSED,cpu-1,697.719,"{'cpu-1': 2.074, 'gpu-1': 1.123}",173.64000000000033,700.3720000000001,inf,701.8190000000001,701.8190000000001,701.8190000000001
698,TT1,BESTEFFORT,COMPLETED,gpu-1,698.387,"{'cpu-1': 1.294, 'gpu-1': 1.233}",369.90000000000003,700.6600000000001,701.893,inf,702.487,702.487
699,TT1,BESTEFFORT,COMPLETED,gpu-1,699.573,"{'cpu-1': 1.737, 'gpu-1': 1.227}",368.1,701.893,703.12,inf,703.673,703.673
700,TT1,BESTEFFORT,COMPLETED,gpu-1,700.631,"{'cpu-1': 1.172, 'gpu-1': 1.255}",376.49999999999994,703.12,704.375,inf,704.731,704.731
701,TT1,BESTEFFORT,COMPLETED,cpu-1,701.758,"{'cpu-1': 1.083, 'gpu-1': 0.886}",129.96,701.8190000000001,702.902,inf,705.8580000000001,705.8580000000001
702,TT2,BESTEFFORT,COMPLETED,gpu-1,705.265,"{'cpu-1': 3.501, 'gpu-1': 2.412}",723.6,705.265,707.677,inf,711.665,711.665
703,TT2,BESTEFFORT,COMPLETED,cpu-1,705.661,"{'cpu-1': 2.402, 'gpu-1': 3.275}",288.24,705.661,708.063,inf,712.0609999999999,712.0609999999999
704,TT2,BESTEFFORT,COMPLETED,gpu-1,706.233,"{'cpu-1': 1.899, 'gpu-1': 1.991}",597.3000000000001,707.677,709.668,inf,712.6329999999999,712.6329999999999
705,TT2,BESTEFFORT,COMPLETED,gpu-1,708.528,"{'cpu-1': 3.538, 'gpu-1': 1.17}",351.0,709.668,710.838,inf,714.928,714.928
706,TT2,BESTEFFORT,COMPLETED,gpu-1,711.301,"{'cpu-1': 6.188, 'gpu-1': 1.188}",356.4,711.301,712.489,inf,717.701,717.701
707,TT2,BESTEFFORT,COMPLETED,gpu-1,711.967,"{'cpu-1': 5.263, 'gpu-1': 0.779}",233.70000000000002,712.489,713.268,inf,718.367,718.367
708,TT2,BESTEFFORT,COMPLETED,gpu-1,712.246,"{'cpu-1': 4.507, 'gpu-1': 0.781}",234.3,713.268,714.049,inf,718.646,718.646
709,TT1,BESTEFFORT,COMPLETED,cpu-1,712.689,"{'cpu-1': 1.062, 'gpu-1': 0.878}",127.44000000000001,712.689,713.751,inf,716.789,716.789
710,TT2,BESTEFFORT,COMPLETED,gpu-1,712.819,"{'cpu-1': 5.746, 'gpu-1': 1.106}",331.8,714.049,715.155,inf,719.2189999999999,719.2189999999999
711,TT1,BESTEFFORT,COMPLETED,cpu-1,712.968,"{'cpu-1': 1.244, 'gpu-1': 1.441}",149.28,713.751,714.995,inf,717.068,717.068
712,TT2,BESTEFFORT,COMPLETED,gpu-1,713.385,"{'cpu-1': 7.377, 'gpu-1': 1.991}",597.3000000000001,715.155,717.146,inf,719.785,719.785
713,TT1,BESTEFFORT,COMPLETED,cpu-1,713.539,"{'cpu-1': 1.204, 'gpu-1': 0.994}",144.48,714.995,716.199,inf,717.639,717.639
714,TT2,BESTEFFORT,COMPLETED,cpu-1,713.773,"{'cpu-1': 3.781, 'gpu-1': 1.42}",453.72,716.199,719.9799999999999,inf,720.173,720.173
715,TT2,BESTEFFORT,COMPLETED,gpu-1,714.081,"{'cpu-1': 4.792, 'gpu-1': 1.209}",362.70000000000005,717.146,718.3549999999999,inf,720.481,720.481
716,TT1,BESTEFFORT,COMPLETED,cpu-1,718.8,"{'cpu-1': 1.235, 'gpu-1': 0.884}",148.20000000000002,719.9799999999999,721.2149999999999,inf,722.9,722.9
717,TT1,BESTEFFORT,COMPLETED,gpu-1,718.927,"{'cpu-1': 0.964, 'gpu-1': 0.983}",294.9,718.927,719.91,inf,723.027,723.027
718,TT2,BESTEFFORT,COMPLETED,gpu-1,718.981,"{'cpu-1': 12.383, 'gpu-1': 1.536}",460.8,719.91,721.4459999999999,inf,725.381,725.381
719,TT2,BESTEFFORT,COMPLETED,gpu-1,722.009,"{'cpu-1': 3.47, 'gpu-1': 0.747}",224.1,722.009,722.756,inf,728.409,728.409
720,TT1,BESTEFFORT,COMPLETED,gpu-1,722.743,"{'cpu-1': 2.155, 'gpu-1': 0.73}",219.0,722.756,723.486,inf,726.8430000000001,726.8430000000001
721,TT1,BESTEFFORT,COMPLETED,gpu-1,723.149,"{'cpu-1': 0.966, 'gpu-1': 0.894}",268.2,723.486,724.38,inf,727.249,727.249
722,TT1,BESTEFFORT,COMPLETED,gpu-1,724.308,"{'cpu-1': 1.073, 'gpu-1': 1.118}",335.40000000000003,724.38,725.498,inf,728.408,728.408
723,TT1,BESTEFFORT,COMPLETED,cpu-1,724.342,"{'cpu-1': 1.772, 'gpu-1': 0.876}",212.64000000000001,724.342,726.114,inf,728.442,728.442
724,TT2,BESTEFFORT,COMPLETED,gpu-1,725.832,"{'cpu-1': 3.12, 'gpu-1': 0.912}",273.6,725.832,726.744,inf,732.232,732.232
725,TT2,BESTEFFORT,COMPLETED,gpu-1,727.561,"{'cpu-1': 8.099, 'gpu-1': 1.263}",378.9,727.561,728.8240000000001,inf,733.961,733.961
726,TT1,BESTEFFORT,COMPLETED,gpu-1,728.098,"{'cpu-1': 1.275, 'gpu-1': 1.393}",417.9,728.8240000000001,730.2170000000001,inf,732.198,732.198
727,TT1,BESTEFFORT,COMPLETED,gpu-1,728.605,"{'cpu-1': 0.983, 'gpu-1': 0.876}",262.8,730.2170000000001,731.0930000000001,inf,732.705,732.705
728,TT1,BESTEFFORT,COMPLETED,cpu-1,728.901,"{'cpu-1': 1.115, 'gpu-1': 0.903}",133.8,728.901,730.016,inf,733.001,733.001
729,TT2,BESTEFFORT,COMPLETED,gpu-1,729.405,"{'cpu-1': 4.028, 'gpu-1': 0.934}",280.2,731.0930000000001,732.027,inf,735.805,735.805
730,TT1,BESTEFFORT,COMPLETED,cpu-1,729.417,"{'cpu-1': 1.294, 'gpu-1': 0.742}",155.28,730.016,731.31,inf,733.517,733.517
731,TT1,BESTEFFORT,COMPLETED,cpu-1,731.131,"{'cpu-1': 1.812, 'gpu-1': 0.967}",217.44,731.31,733.122,inf,735.231,735.231
732,TT2,BESTEFFORT,COMPLETED,gpu-1,731.718,"{'cpu-1': 1.794, 'gpu-1': 1.082}",324.6,732.027,733.109,inf,738.1179999999999,738.1179999999999
733,TT1,BESTEFFORT,COMPLETED,cpu-1,731.926,"{'cpu-1': 2.424, 'gpu-1': 1.082}",290.88,733.122,735.5459999999999,inf,736.0260000000001,736.0260000000001
734,TT1,BESTEFFORT,COMPLETED,gpu-1,732.218,"{'cpu-1': 1.835, 'gpu-1': 0.839}",251.7,733.109,733.9480000000001,inf,736.318,736.318
735,TT1,BESTEFFORT,COMPLETED,gpu-1,733.267,"{'cpu-1': 1.08, 'gpu-1': 0.661}",198.3,733.9480000000001,734.609,inf,737.3670000000001,737.3670000000001
736,TT1,BESTEFFORT,COMPLETED,cpu-1,734.796,"{'cpu-1': 1.101, 'gpu-1': 0.874}",132.12,735.5459999999999,736.6469999999999,inf,738.8960000000001,738.8960000000001
737,TT2,BESTEFFORT,COMPLETED,gpu-1,736.143,"{'cpu-1': 5.582, 'gpu-1': 1.536}",460.8,736.143,737.679,inf,742.543,742.543
738,TT2,BESTEFFORT,COMPLETED,gpu-1,738.988,"{'cpu-1': 12.508, 'gpu-1': 2.56}",768.0,738.988,741.548,inf,745.388,745.388
739,TT1,BESTEFFORT,COMPLETED,cpu-1,739.406,"{'cpu-1': 1.907, 'gpu-1': 0.952}",228.84,739.406,741.313,inf,743.506,743.506
740,TT1,BESTEFFORT,COMPLETED,cpu-1,741.235,"{'cpu-1': 1.111, 'gpu-1': 1.618}",133.32,741.313,742.424,inf,745.335,745.335
741,TT2,BESTEFFORT,COMPLETED,gpu-1,742.008,"{'cpu-1': 1.603, 'gpu-1': 2.589}",776.7,742.008,744.5970000000001,inf,748.408,748.408
742,TT1,BESTEFFORT,COMPLETED,gpu-1,743.883,"{'cpu-1': 1.344, 'gpu-1': 1.135}",340.5,744.5970000000001,745.7320000000001,inf,747.9830000000001,747.9830000000001
743,TT1,BESTEFFORT,COMPLETED,gpu-1,746.398,"{'cpu-1': 1.461, 'gpu-1': 0.641}",192.3,746.398,747.039,inf,750.498,750.498
744,TT1,BESTEFFORT,COMPLETED,gpu-1,746.467,"{'cpu-1': 1.344, 'gpu-1': 0.946}",283.8,747.039,747.985,inf,750.567,750.567
745,TT2,BESTEFFORT,COMPLETED,gpu-1,751.124,"{'cpu-1': 5.582, 'gpu-1': 2.067}",620.1,751.124,753.191,inf,757.524,757.524
746,TT2,BESTEFFORT,COMPLETED,gpu-1,751.38,"{'cpu-1': 2.54, 'gpu-1': 2.908}",872.4,753.191,756.099,inf,757.78,757.78
747,TT2,BESTEFFORT,COMPLETED,gpu-1,751.771,"{'cpu-1': 3.815, 'gpu-1': 0.894}",268.2,756.099,756.993,inf,758.1709999999999,758.1709999999999
748,TT2,BESTEFFORT,MISSED,cpu-1,752.356,"{'cpu-1': 9.839, 'gpu-1': 0.805}",767.9999999999973,752.356,inf,758.756,758.756,758.756
749,TT1,BESTEFFORT,MISSED,gpu-1,753.128,"{'cpu-1': 1.275, 'gpu-1': 1.129}",70.50000000000409,756.993,inf,757.2280000000001,757.2280000000001,757.2280000000001
750,TT2,BESTEFFORT,COMPLETED,gpu-1,754.926,"{'cpu-1': 3.821, 'gpu-1': 1.394}",418.2,757.2280000000001,758.6220000000001,inf,761.326,761.326
751,TT2,BESTEFFORT,COMPLETED,cpu-1,755.86,"{'cpu-1': 1.95, 'gpu-1': 3.43}",234.0,758.756,760.706,inf,762.26,762.26
752,TT1,BESTEFFORT,COMPLETED,gpu-1,756.568,"{'cpu-1': 1.211, 'gpu-1': 1.174}",352.2,758.6220000000001,759.796,inf,760.668,760.668
753,TT1,BESTEFFORT,MISSED,cpu-1,756.853,"{'cpu-1': 1.522, 'gpu-1': 1.118}",29.63999999999487,760.706,inf,760.953,760.953,760.953
754,TT1,BESTEFFORT,COMPLETED,gpu-1,758.915,"{'cpu-1': 1.959, 'gpu-1': 0.646}",193.8,759.796,760.442,inf,763.015,763.015
755,TT1,BESTEFFORT,COMPLETED,gpu-1,759.422,"{'cpu-1': 1.055, 'gpu-1': 1.238}",371.4,760.442,761.6800000000001,inf,763.522,763.522
756,TT1,BESTEFFORT,COMPLETED,gpu-1,760.194,"{'cpu-1': 1.489, 'gpu-1': 1.191}",357.3,761.6800000000001,762.8710000000001,inf,764.294,764.294
757,TT2,BESTEFFORT,MISSED,cpu-1,760.501,"{'cpu-1': 9.003, 'gpu-1': 0.567}",713.7599999999975,760.953,inf,766.901,766.901,766.901
758,TT1,BESTEFFORT,COMPLETED,gpu-1,760.507,"{'cpu-1': 1.817, 'gpu-1': 1.383}",414.9,762.8710000000001,764.2540000000001,inf,764.607,764.607
759,TT2,BESTEFFORT,COMPLETED,gpu-1,760.731,"{'cpu-1': 9.048, 'gpu-1': 2.507}",752.1,764.2540000000001,766.7610000000001,inf,767.131,767.131
760,TT1,BESTEFFORT,MISSED,cpu-1,760.9,"{'cpu-1': 1.095, 'gpu-1': 1.344}",0.0,766.901,inf,766.901,765.0,765.0
761,TT2,BESTEFFORT,MISSED,cpu-1,761.075,"{'cpu-1': 5.743, 'gpu-1': 3.43}",68.8800000000083,766.901,inf,767.475,767.475,767.475
762,TT1,BESTEFFORT,MISSED,cpu-1,761.187,"{'cpu-1': 1.316, 'gpu-1': 0.726}",0.0,767.475,inf,767.475,765.287,765.287
763,TT2,BESTEFFORT,MISSED,gpu-1,761.442,"{'cpu-1': 5.715, 'gpu-1': 1.09}",324.2999999999711,766.7610000000001,inf,767.842,767.842,767.842
764,TT2,BESTEFFORT,MISSED,cpu-1,761.999,"{'cpu-1': 2.504, 'gpu-1': 0.557}",0.0,768.977,inf,768.977,768.399,768.399
765,TT1,BESTEFFORT,MISSED,gpu-1,762.496,"{'cpu-1': 1.323, 'gpu-1': 0.676}",0.0,767.842,inf,767.842,766.596,766.596
766,TT2,BESTEFFORT,MISSED,gpu-1,763.006,"{'cpu-1': 11.202, 'gpu-1': 1.293}",0.0,770.424,inf,770.424,769.406,769.406
767,TT2,BESTEFFORT,MISSED,gpu-1,764.024,"{'cpu-1': 5.649, 'gpu-1': 3.424}",774.5999999999981,767.842,inf,770.424,770.424,770.424
768,TT1,BESTEFFORT,MISSED,cpu-1,764.402,"{'cpu-1': 1.291, 'gpu-1': 1.111}",0.0,770.265,inf,770.265,768.5020000000001,768.5020000000001
769,TT1,BESTEFFORT,MISSED,cpu-1,764.877,"{'cpu-1': 1.507, 'gpu-1': 0.856}",180.23999999999432,767.475,inf,768.977,768.977,768.977
770,TT1,BESTEFFORT,MISSED,gpu-1,765.257,"{'cpu-1': 2.018, 'gpu-1': 0.618}",0.0,770.424,inf,770.424,769.357,769.357
771,TT1,BESTEFFORT,COMPLETED,cpu-1,766.496,"{'cpu-1': 1.288, 'gpu-1': 0.861}",154.56,768.977,770.265,inf,770.596,770.596
772,TT2,BESTEFFORT,COMPLETED,gpu-1,768.209,"{'cpu-1': 5.386, 'gpu-1': 1.502}",450.6,770.424,771.9259999999999,inf,774.6089999999999,774.6089999999999
773,TT1,BESTEFFORT,COMPLETED,cpu-1,769.586,"{'cpu-1': 1.134, 'gpu-1': 0.811}",136.07999999999998,770.265,771.399,inf,773.686,773.686
774,TT1,BESTEFFORT,COMPLETED,cpu-1,770.411,"{'cpu-1': 1.038, 'gpu-1': 0.611}",124.56,771.399,772.437,inf,774.511,774.511
775,TT2,BESTEFFORT,COMPLETED,gpu-1,771.187,"{'cpu-1': 7.605, 'gpu-1': 0.771}",231.3,771.9259999999999,772.6969999999999,inf,777.587,777.587
776,TT2,BESTEFFORT,COMPLETED,gpu-1,772.216,"{'cpu-1': 3.742, 'gpu-1': 2.384}",715.1999999999999,772.6969999999999,775.0809999999999,inf,778.616,778.616
777,TT2,BESTEFFORT,COMPLETED,gpu-1,772.853,"{'cpu-1': 1.44, 'gpu-1': 1.092}",327.6,775.0809999999999,776.1729999999999,inf,779.2529999999999,779.2529999999999
778,TT2,BESTEFFORT,COMPLETED,gpu-1,773.121,"{'cpu-1': 8.437, 'gpu-1': 1.262}",378.6,776.1729999999999,777.4349999999998,inf,779.521,779.521
779,TT2,BESTEFFORT,MISSED,cpu-1,774.586,"{'cpu-1': 6.608, 'gpu-1': 1.927}",767.9999999999973,774.586,inf,780.986,780.986,780.986
780,TT2,BESTEFFORT,COMPLETED,gpu-1,775.814,"{'cpu-1': 9.048, 'gpu-1': 0.988}",296.4,777.4349999999998,778.4229999999999,inf,782.2139999999999,782.2139999999999
781,TT1,BESTEFFORT,MISSED,cpu-1,776.198,"{'cpu-1': 1.341, 'gpu-1': 0.892}",0.0,780.986,inf,780.986,780.298,780.298
782,TT2,BESTEFFORT,COMPLETED,gpu-1,776.451,"{'cpu-1': 1.993, 'gpu-1': 2.213}",663.9,778.4229999999999,780.6359999999999,inf,782.851,782.851
783,TT1,BESTEFFORT,MISSED,cpu-1,776.596,"{'cpu-1': 1.3, 'gpu-1': 0.787}",0.0,780.986,inf,780.986,780.696,780.696
784,TT1,BESTEFFORT,MISSED,gpu-1,777.301,"{'cpu-1': 1.331, 'gpu-1': 1.434}",229.50000000006412,780.6359999999999,inf,781.4010000000001,781.4010000000001,781.4010000000001
785,TT1,BESTEFFORT,MISSED,cpu-1,777.71,"{'cpu-1': 1.232, 'gpu-1': 1.215}",98.8800000000083,780.986,inf,781.8100000000001,781.8100000000001,781.8100000000001
786,TT1,BESTEFFORT,MISSED,gpu-1,777.784,"{'cpu-1': 1.09, 'gpu-1': 0.811}",144.89999999998417,781.4010000000001,inf,781.884,781.884,781.884
787,TT2,BESTEFFORT,COMPLETED,gpu-1,778.649,"{'cpu-1': 11.794, 'gpu-1': 1.737}",521.1,781.884,783.621,inf,785.049,785.049
788,TT2,BESTEFFORT,COMPLETED,gpu-1,780.043,"{'cpu-1': 4.023, 'gpu-1': 2.0}",600.0,783.621,785.621,inf,786.443,786.443
789,TT2,BESTEFFORT,COMPLETED,cpu-1,780.104,"{'cpu-1': 3.757, 'gpu-1': 0.617}",450.84000000000003,781.8100000000001,785.567,inf,786.504,786.504
790,TT2,BESTEFFORT,MISSED,cpu-1,780.498,"{'cpu-1': 2.765, 'gpu-1': 1.813}",159.72000000000207,785.567,inf,786.898,786.898,786.898
791,TT2,BESTEFFORT,MISSED,cpu-1,781.129,"{'cpu-1': 1.743, 'gpu-1': 3.169}",75.71999999999662,786.898,inf,787.529,787.529,787.529
792,TT1,BESTEFFORT,MISSED,gpu-1,782.038,"{'cpu-1': 1.537, 'gpu-1': 0.933}",155.10000000001583,785.621,inf,786.138,786.138,786.138
793,TT1,BESTEFFORT,COMPLETED,gpu-1,782.767,"{'cpu-1': 0.987, 'gpu-1': 0.607}",182.1,786.138,786.745,inf,786.8670000000001,786.8670000000001
794,TT2,BESTEFFORT,MISSED,cpu-1,783.619,"{'cpu-1': 4.161, 'gpu-1': 3.433}",298.8000000000011,787.529,inf,790.019,790.019,790.019
795,TT1,BESTEFFORT,COMPLETED,gpu-1,784.443,"{'cpu-1': 1.038, 'gpu-1': 0.849}",254.7,786.745,787.594,inf,788.543,788.543
796,TT2,BESTEFFORT,MISSED,cpu-1,785.076,"{'cpu-1': 4.841, 'gpu-1': 2.139}",174.83999999999924,790.019,inf,791.476,791.476,791.476
797,TT2,BESTEFFORT,COMPLETED,gpu-1,785.85,"{'cpu-1': 3.743, 'gpu-1': 1.375}",412.5,787.594,788.969,inf,792.25,792.25
798,TT1,BESTEFFORT,COMPLETED,gpu-1,786.739,"{'cpu-1': 1.115, 'gpu-1': 0.753}",225.9,788.969,789.7220000000001,inf,790.839,790.839
799,TT2,BESTEFFORT,COMPLETED,gpu-1,786.889,"{'cpu-1': 3.169, 'gpu-1': 1.389}",416.7,789.7220000000001,791.1110000000001,inf,793.289,793.289
800,TT1,BESTEFFORT,MISSED,cpu-1,787.23,"{'cpu-1': 1.524, 'gpu-1': 0.844}",0.0,791.476,inf,791.476,791.33,791.33
801,TT2,BESTEFFORT,COMPLETED,gpu-1,787.723,"{'cpu-1': 6.334, 'gpu-1': 1.563}",468.9,791.1110000000001,792.6740000000001,inf,794.1229999999999,794.1229999999999
802,TT2,BESTEFFORT,MISSED,cpu-1,787.822,"{'cpu-1': 7.34, 'gpu-1': 1.991}",329.5199999999977,791.476,inf,794.222,794.222,794.222
803,TT2,BESTEFFORT,COMPLETED,gpu-1,789.739,"{'cpu-1': 5.814, 'gpu-1': 1.011}",303.29999999999995,792.6740000000001,793.6850000000001,inf,796.139,796.139
804,TT1,BESTEFFORT,COMPLETED,gpu-1,791.63,"{'cpu-1': 1.864, 'gpu-1': 0.827}",248.1,793.6850000000001,794.5120000000001,inf,795.73,795.73
805,TT1,BESTEFFORT,COMPLETED,cpu-1,792.089,"{'cpu-1': 1.13, 'gpu-1': 0.641}",135.6,794.222,795.352,inf,796.1890000000001,796.1890000000001
806,TT1,BESTEFFORT,COMPLETED,gpu-1,793.303,"{'cpu-1': 1.86, 'gpu-1': 0.788}",236.4,794.5120000000001,795.3000000000001,inf,797.403,797.403
807,TT2,BESTEFFORT,COMPLETED,gpu-1,793.379,"{'cpu-1': 7.878, 'gpu-1': 1.232}",369.6,795.3000000000001,796.532,inf,799.779,799.779
808,TT1,BESTEFFORT,COMPLETED,cpu-1,795.068,"{'cpu-1': 1.286, 'gpu-1': 0.902}",154.32,795.352,796.6379999999999,inf,799.168,799.168
809,TT1,BESTEFFORT,COMPLETED,gpu-1,796.19,"{'cpu-1': 1.892, 'gpu-1': 0.87}",261.0,796.532,797.402,inf,800.2900000000001,800.2900000000001
810,TT1,BESTEFFORT,COMPLETED,gpu-1,798.652,"{'cpu-1': 1.323, 'gpu-1': 0.946}",283.8,798.652,799.5980000000001,inf,802.7520000000001,802.7520000000001
811,TT1,BESTEFFORT,COMPLETED,cpu-1,799.461,"{'cpu-1': 1.747, 'gpu-1': 1.344}",209.64000000000001,799.461,801.208,inf,803.561,803.561
812,TT1,BESTEFFORT,COMPLETED,gpu-1,799.472,"{'cpu-1': 1.237, 'gpu-1': 0.957}",287.09999999999997,799.5980000000001,800.5550000000001,inf,803.572,803.572
813,TT1,BESTEFFORT,COMPLETED,gpu-1,799.722,"{'cpu-1': 1.318, 'gpu-1': 0.811}",243.3,800.5550000000001,801.3660000000001,inf,803.822,803.822
814,TT1,BESTEFFORT,COMPLETED,cpu-1,800.443,"{'cpu-1': 1.436, 'gpu-1': 0.833}",172.32,801.208,802.644,inf,804.543,804.543
815,TT1,BESTEFFORT,COMPLETED,gpu-1,800.803,"{'cpu-1': 1.221, 'gpu-1': 0.954}",286.2,801.3660000000001,802.32,inf,804.903,804.903
816,TT2,BESTEFFORT,COMPLETED,gpu-1,802.111,"{'cpu-1': 6.979, 'gpu-1': 0.731}",219.29999999999998,802.32,803.051,inf,808.511,808.511
817,TT1,BESTEFFORT,COMPLETED,gpu-1,804.066,"{'cpu-1': 1.248, 'gpu-1': 0.87}",261.0,804.066,804.936,inf,808.166,808.166
818,TT2,BESTEFFORT,COMPLETED,gpu-1,804.08,"{'cpu-1': 10.601, 'gpu-1': 0.636}",190.8,804.936,805.572,inf,810.48,810.48
819,TT2,BESTEFFORT,COMPLETED,gpu-1,804.557,"{'cpu-1': 3.435, 'gpu-1': 0.567}",170.1,805.572,806.139,inf,810.957,810.957
820,TT2,BESTEFFORT,COMPLETED,gpu-1,807.425,"{'cpu-1': 7.115, 'gpu-1': 0.729}",218.7,807.425,808.154,inf,813.8249999999999,813.8249999999999
821,TT2,BESTEFFORT,COMPLETED,gpu-1,808.374,"{'cpu-1': 1.898, 'gpu-1': 1.242}",372.6,808.374,809.616,inf,814.774,814.774
822,TT2,BESTEFFORT,COMPLETED,cpu-1,808.523,"{'cpu-1': 4.612, 'gpu-1': 0.727}",553.44,808.523,813.135,inf,814.923,814.923
823,TT1,BESTEFFORT,MISSED,cpu-1,808.982,"{'cpu-1': 1.065, 'gpu-1': 0.908}",0.0,813.135,inf,813.135,813.082,813.082
824,TT1,BESTEFFORT,MISSED,cpu-1,809.21,"{'cpu-1': 1.764, 'gpu-1': 1.243}",21.000000000008185,813.135,inf,813.3100000000001,813.3100000000001,813.3100000000001
825,TT2,BESTEFFORT,COMPLETED,gpu-1,810.119,"{'cpu-1': 5.973, 'gpu-1': 1.639}",491.7,810.119,811.758,inf,816.519,816.519
826,TT2,BESTEFFORT,COMPLETED,gpu-1,813.254,"{'cpu-1': 5.97, 'gpu-1': 1.776}",532.8,813.254,815.03,inf,819.654,819.654
827,TT1,BESTEFFORT,COMPLETED,gpu-1,817.206,"{'cpu-1': 1.381, 'gpu-1': 0.928}",278.40000000000003,817.206,818.134,inf,821.306,821.306
828,TT1,BESTEFFORT,COMPLETED,gpu-1,819.385,"{'cpu-1': 1.957, 'gpu-1': 0.879}",263.7,819.385,820.264,inf,823.485,823.485
829,TT2,BESTEFFORT,COMPLETED,gpu-1,820.429,"{'cpu-1': 8.464, 'gpu-1': 2.379}",713.7,820.429,822.808,inf,826.829,826.829
830,TT1,BESTEFFORT,COMPLETED,cpu-1,820.473,"{'cpu-1': 1.207, 'gpu-1': 0.884}",144.84,820.473,821.68,inf,824.573,824.573
831,TT1,BESTEFFORT,COMPLETED,cpu-1,820.745,"{'cpu-1': 0.964, 'gpu-1': 0.79}",115.67999999999999,821.68,822.644,inf,824.845,824.845
832,TT2,BESTEFFORT,COMPLETED,gpu-1,820.86,"{'cpu-1': 6.769, 'gpu-1': 0.939}",281.7,822.808,823.747,inf,827.26,827.26
833,TT1,BESTEFFORT,COMPLETED,cpu-1,821.452,"{'cpu-1': 1.237, 'gpu-1': 1.224}",148.44,822.644,823.881,inf,825.552,825.552
834,TT1,BESTEFFORT,COMPLETED,gpu-1,821.599,"{'cpu-1': 1.253, 'gpu-1': 0.879}",263.7,823.747,824.626,inf,825.6990000000001,825.6990000000001
835,TT1,BESTEFFORT,COMPLETED,gpu-1,821.771,"{'cpu-1': 1.87, 'gpu-1': 1.199}",359.70000000000005,824.626,825.8249999999999,inf,825.871,825.871
836,TT2,BESTEFFORT,COMPLETED,cpu-1,823.871,"{'cpu-1': 4.214, 'gpu-1': 2.992}",505.68000000000006,823.881,828.095,inf,830.271,830.271
837,TT2,BESTEFFORT,COMPLETED,gpu-1,825.191,"{'cpu-1': 5.61, 'gpu-1': 2.039}",611.7,825.8249999999999,827.8639999999999,inf,831.591,831.591
838,TT2,BESTEFFORT,COMPLETED,gpu-1,826.888,"{'cpu-1': 2.286, 'gpu-1': 1.793}",537.9,827.8639999999999,829.6569999999999,inf,833.288,833.288
839,TT1,BESTEFFORT,COMPLETED,cpu-1,828.876,"{'cpu-1': 1.774, 'gpu-1': 0.859}",212.88,828.876,830.65,inf,832.976,832.976
840,TT1,BESTEFFORT,COMPLETED,cpu-1,829.514,"{'cpu-1': 1.019, 'gpu-1': 0.986}",122.27999999999999,830.65,831.669,inf,833.614,833.614
841,TT2,BESTEFFORT,COMPLETED,gpu-1,832.265,"{'cpu-1': 3.297, 'gpu-1': 0.656}",196.8,832.265,832.9209999999999,inf,838.665,838.665
842,TT2,BESTEFFORT,COMPLETED,gpu-1,833.542,"{'cpu-1': 5.206, 'gpu-1': 3.424}",1027.2,833.542,836.966,inf,839.942,839.942
843,TT2,BESTEFFORT,COMPLETED,gpu-1,833.725,"{'cpu-1': 5.89, 'gpu-1': 0.754}",226.2,836.966,837.72,inf,840.125,840.125
844,TT2,BESTEFFORT,COMPLETED,gpu-1,837.773,"{'cpu-1': 4.339, 'gpu-1': 0.805}",241.50000000000003,837.773,838.578,inf,844.173,844.173
845,TT2,BESTEFFORT,COMPLETED,gpu-1,837.981,"{'cpu-1': 8.71, 'gpu-1': 1.172}",351.59999999999997,838.578,839.75,inf,844.381,844.381
846,TT1,BESTEFFORT,COMPLETED,gpu-1,839.683,"{'cpu-1': 2.204, 'gpu-1': 0.925}",277.5,839.75,840.675,inf,843.783,843.783
847,TT1,BESTEFFORT,COMPLETED,gpu-1,840.451,"{'cpu-1': 1.281, 'gpu-1': 0.637}",191.1,840.675,841.3119999999999,inf,844.551,844.551
848,TT2,BESTEFFORT,COMPLETED,cpu-1,840.701,"{'cpu-1': 2.0, 'gpu-1': 1.455}",240.0,840.701,842.701,inf,847.101,847.101
849,TT1,BESTEFFORT,COMPLETED,gpu-1,840.903,"{'cpu-1': 2.279, 'gpu-1': 0.926}",277.8,841.3119999999999,842.2379999999999,inf,845.003,845.003
850,TT1,BESTEFFORT,COMPLETED,cpu-1,843.412,"{'cpu-1': 1.757, 'gpu-1': 0.886}",210.83999999999997,843.412,845.169,inf,847.5120000000001,847.5120000000001
851,TT2,BESTEFFORT,COMPLETED,gpu-1,843.52,"{'cpu-1': 3.185, 'gpu-1': 2.603}",780.9000000000001,843.52,846.1229999999999,inf,849.92,849.92
852,TT2,BESTEFFORT,COMPLETED,gpu-1,844.513,"{'cpu-1': 2.193, 'gpu-1': 2.27}",681.0,846.1229999999999,848.3929999999999,inf,850.913,850.913
853,TT1,BESTEFFORT,COMPLETED,cpu-1,844.599,"{'cpu-1': 1.286, 'gpu-1': 0.953}",154.32,845.169,846.4549999999999,inf,848.6990000000001,848.6990000000001
854,TT2,BESTEFFORT,MISSED,gpu-1,845.124,"{'cpu-1': 12.172, 'gpu-1': 3.424}",939.3000000000256,848.3929999999999,inf,851.524,851.524,851.524
855,TT1,BESTEFFORT,MISSED,gpu-1,845.756,"{'cpu-1': 1.424, 'gpu-1': 1.005}",0.0,851.524,inf,851.524,849.856,849.856
856,TT2,BESTEFFORT,COMPLETED,gpu-1,846.631,"{'cpu-1': 5.338, 'gpu-1': 0.703}",210.89999999999998,851.524,852.227,inf,853.031,853.031
857,TT1,BESTEFFORT,COMPLETED,cpu-1,846.721,"{'cpu-1': 1.269, 'gpu-1': 1.116}",152.28,846.721,847.99,inf,850.821,850.821
858,TT2,BESTEFFORT,MISSED,cpu-1,846.744,"{'cpu-1': 8.71, 'gpu-1': 0.811}",618.4799999999996,847.99,inf,853.144,853.144,853.144
859,TT2,BESTEFFORT,COMPLETED,gpu-1,850.565,"{'cpu-1': 7.833, 'gpu-1': 2.985}",895.5,852.227,855.212,inf,856.965,856.965
860,TT2,BESTEFFORT,COMPLETED,cpu-1,850.782,"{'cpu-1': 3.748, 'gpu-1': 0.743}",449.76000000000005,853.144,856.892,inf,857.182,857.182
861,TT2,BESTEFFORT,MISSED,cpu-1,851.08,"{'cpu-1': 5.775, 'gpu-1': 1.626}",70.55999999999585,856.892,inf,857.48,857.48,857.48
862,TT2,BESTEFFORT,MISSED,gpu-1,851.642,"{'cpu-1': 10.867, 'gpu-1': 3.142}",849.0000000000123,855.212,inf,858.042,858.042,858.042
863,TT2,BESTEFFORT,COMPLETED,gpu-1,855.195,"{'cpu-1': 4.422, 'gpu-1': 1.279}",383.7,858.042,859.321,inf,861.595,861.595
864,TT2,BESTEFFORT,MISSED,cpu-1,855.627,"{'cpu-1': 7.287, 'gpu-1': 0.614}",545.6399999999894,857.48,inf,862.0269999999999,862.0269999999999,862.0269999999999
865,TT1,BESTEFFORT,MISSED,cpu-1,856.097,"{'cpu-1': 1.293, 'gpu-1': 1.174}",0.0,862.0269999999999,inf,862.0269999999999,860.197,860.197
866,TT1,BESTEFFORT,COMPLETED,gpu-1,859.566,"{'cpu-1': 1.437, 'gpu-1': 0.904}",271.2,859.566,860.47,inf,863.666,863.666
867,TT2,BESTEFFORT,COMPLETED,gpu-1,860.799,"{'cpu-1': 13.016, 'gpu-1': 1.08}",324.0,860.799,861.879,inf,867.199,867.199
868,TT1,BESTEFFORT,COMPLETED,cpu-1,861.812,"{'cpu-1': 1.758, 'gpu-1': 0.866}",210.96,862.0269999999999,863.785,inf,865.912,865.912
869,TT1,BESTEFFORT,COMPLETED,gpu-1,862.878,"{'cpu-1': 2.34, 'gpu-1': 0.862}",258.6,862.878,863.74,inf,866.9780000000001,866.9780000000001
870,TT1,BESTEFFORT,COMPLETED,gpu-1,863.653,"{'cpu-1': 1.316, 'gpu-1': 0.839}",251.7,863.74,864.5790000000001,inf,867.753,867.753
871,TT1,BESTEFFORT,COMPLETED,cpu-1,864.321,"{'cpu-1': 1.046, 'gpu-1': 0.865}",125.52000000000001,864.321,865.3670000000001,inf,868.421,868.421
872,TT2,BESTEFFORT,COMPLETED,gpu-1,865.47,"{'cpu-1': 8.906, 'gpu-1': 1.232}",369.6,865.47,866.702,inf,871.87,871.87
873,TT2,BESTEFFORT,COMPLETED,gpu-1,866.658,"{'cpu-1': 6.358, 'gpu-1': 0.916}",274.8,866.702,867.618,inf,873.058,873.058
874,TT2,BESTEFFORT,COMPLETED,gpu-1,868.071,"{'cpu-1': 3.188, 'gpu-1': 1.128}",338.4,868.071,869.1990000000001,inf,874.471,874.471
875,TT2,BESTEFFORT,COMPLETED,gpu-1,869.326,"{'cpu-1': 3.903, 'gpu-1': 0.822}",246.6,869.326,870.148,inf,875.726,875.726
876,TT2,BESTEFFORT,COMPLETED,gpu-1,870.95,"{'cpu-1': 7.758, 'gpu-1': 2.291}",687.3,870.95,873.2410000000001,inf,877.35,877.35
877,TT1,BESTEFFORT,COMPLETED,cpu-1,871.361,"{'cpu-1': 2.103, 'gpu-1': 0.621}",252.36,871.361,873.4639999999999,inf,875.461,875.461
878,TT1,BESTEFFORT,COMPLETED,gpu-1,871.968,"{'cpu-1': 1.244, 'gpu-1': 0.732}",219.6,873.2410000000001,873.9730000000001,inf,876.068,876.068
879,TT2,BESTEFFORT,COMPLETED,gpu-1,874.343,"{'cpu-1': 7.372, 'gpu-1': 0.661}",198.3,874.343,875.0039999999999,inf,880.7429999999999,880.7429999999999
880,TT1,BESTEFFORT,COMPLETED,cpu-1,874.431,"{'cpu-1': 2.426, 'gpu-1': 1.174}",291.12,874.431,876.8570000000001,inf,878.5310000000001,878.5310000000001
881,TT2,BESTEFFORT,COMPLETED,gpu-1,876.181,"{'cpu-1': 1.898, 'gpu-1': 1.54}",462.0,876.181,877.721,inf,882.581,882.581
882,TT2,BESTEFFORT,COMPLETED,gpu-1,878.04,"{'cpu-1': 5.064, 'gpu-1': 3.294}",988.2,878.04,881.334,inf,884.4399999999999,884.4399999999999
883,TT2,BESTEFFORT,COMPLETED,gpu-1,879.453,"{'cpu-1': 3.379, 'gpu-1': 2.265}",679.5,881.334,883.5989999999999,inf,885.853,885.853
884,TT1,BESTEFFORT,COMPLETED,gpu-1,880.509,"{'cpu-1': 2.006, 'gpu-1': 0.752}",225.6,883.5989999999999,884.3509999999999,inf,884.609,884.609
885,TT1,BESTEFFORT,MISSED,gpu-1,881.326,"{'cpu-1': 2.277, 'gpu-1': 1.401}",322.50000000004775,884.3509999999999,inf,885.426,885.426,885.426
886,TT2,BESTEFFORT,COMPLETED,gpu-1,882.064,"{'cpu-1': 2.481, 'gpu-1': 1.279}",383.7,885.426,886.705,inf,888.4639999999999,888.4639999999999
887,TT1,BESTEFFORT,COMPLETED,cpu-1,882.603,"{'cpu-1': 1.224, 'gpu-1': 0.924}",146.88,882.603,883.827,inf,886.703,886.703
888,TT1,BESTEFFORT,COMPLETED,cpu-1,884.772,"{'cpu-1': 2.397, 'gpu-1': 0.919}",287.64,884.772,887.1690000000001,inf,888.8720000000001,888.8720000000001
889,TT1,BESTEFFORT,COMPLETED,cpu-1,886.625,"{'cpu-1': 1.747, 'gpu-1': 0.942}",209.64000000000001,887.1690000000001,888.916,inf,890.725,890.725
890,TT1,BESTEFFORT,COMPLETED,gpu-1,887.185,"{'cpu-1': 1.032, 'gpu-1': 1.237}",371.1,887.185,888.4219999999999,inf,891.285,891.285
891,TT1,BESTEFFORT,COMPLETED,cpu-1,888.607,"{'cpu-1': 1.117, 'gpu-1': 1.178}",134.04,888.916,890.033,inf,892.707,892.707
892,TT1,BESTEFFORT,COMPLETED,gpu-1,890.45,"{'cpu-1': 2.105, 'gpu-1': 1.142}",342.59999999999997,890.45,891.5920000000001,inf,894.5500000000001,894.5500000000001
893,TT1,BESTEFFORT,COMPLETED,gpu-1,891.517,"{'cpu-1': 1.961, 'gpu-1': 0.588}",176.39999999999998,891.5920000000001,892.1800000000001,inf,895.6170000000001,895.6170000000001
894,TT2,BESTEFFORT,COMPLETED,gpu-1,891.519,"{'cpu-1': 1.532, 'gpu-1': 1.867}",560.1,892.1800000000001,894.047,inf,897.919,897.919
895,TT2,BESTEFFORT,COMPLETED,cpu-1,892.739,"{'cpu-1': 2.421, 'gpu-1': 0.553}",290.52,892.739,895.1600000000001,inf,899.139,899.139
896,TT1,BESTEFFORT,COMPLETED,gpu-1,892.741,"{'cpu-1': 1.201, 'gpu-1': 0.726}",217.79999999999998,894.047,894.773,inf,896.841,896.841
897,TT1,BESTEFFORT,COMPLETED,cpu-1,893.884,"{'cpu-1': 1.105, 'gpu-1': 0.843}",132.6,895.1600000000001,896.2650000000001,inf,897.984,897.984
898,TT2,BESTEFFORT,COMPLETED,gpu-1,894.668,"{'cpu-1': 6.769, 'gpu-1': 1.01}",303.0,894.773,895.783,inf,901.068,901.068
899,TT2,BESTEFFORT,COMPLETED,gpu-1,895.94,"{'cpu-1': 3.074, 'gpu-1': 1.145}",343.5,895.94,897.085,inf,902.34,902.34
900,TT2,BESTEFFORT,COMPLETED,gpu-1,896.051,"{'cpu-1': 9.003, 'gpu-1': 1.989}",596.7,897.085,899.0740000000001,inf,902.451,902.451
901,TT2,BESTEFFORT,COMPLETED,cpu-1,896.086,"{'cpu-1': 2.485, 'gpu-1': 2.579}",298.2,896.2650000000001,898.7500000000001,inf,902.486,902.486
902,TT1,BESTEFFORT,COMPLETED,cpu-1,896.481,"{'cpu-1': 1.305, 'gpu-1': 1.449}",156.6,898.7500000000001,900.0550000000001,inf,900.581,900.581
903,TT2,BESTEFFORT,COMPLETED,gpu-1,898.132,"{'cpu-1': 3.873, 'gpu-1': 1.604}",481.20000000000005,899.0740000000001,900.6780000000001,inf,904.5319999999999,904.5319999999999
904,TT2,BESTEFFORT,COMPLETED,gpu-1,898.569,"{'cpu-1': 2.369, 'gpu-1': 1.336}",400.8,900.6780000000001,902.0140000000001,inf,904.9689999999999,904.9689999999999
905,TT1,BESTEFFORT,COMPLETED,cpu-1,898.706,"{'cpu-1': 1.442, 'gpu-1': 0.905}",173.04,900.0550000000001,901.4970000000001,inf,902.806,902.806
906,TT1,BESTEFFORT,COMPLETED,cpu-1,901.648,"{'cpu-1': 2.043, 'gpu-1': 1.237}",245.16000000000003,901.648,903.691,inf,905.748,905.748
907,TT2,BESTEFFORT,COMPLETED,gpu-1,901.836,"{'cpu-1': 6.348, 'gpu-1': 2.899}",869.7,902.0140000000001,904.9130000000001,inf,908.236,908.236
908,TT1,BESTEFFORT,COMPLETED,gpu-1,902.855,"{'cpu-1': 1.819, 'gpu-1': 0.856}",256.8,904.9130000000001,905.7690000000001,inf,906.955,906.955
909,TT1,BESTEFFORT,COMPLETED,cpu-1,903.104,"{'cpu-1': 1.488, 'gpu-1': 0.879}",178.56,903.691,905.1790000000001,inf,907.2040000000001,907.2040000000001
910,TT1,BESTEFFORT,COMPLETED,gpu-1,903.649,"{'cpu-1': 1.105, 'gpu-1': 0.872}",261.6,905.7690000000001,906.6410000000001,inf,907.749,907.749
911,TT1,BESTEFFORT,MISSED,gpu-1,903.924,"{'cpu-1': 1.281, 'gpu-1': 1.388}",414.89999999997735,906.6410000000001,inf,908.024,908.024,908.024
912,TT1,BESTEFFORT,COMPLETED,cpu-1,905.933,"{'cpu-1': 1.499, 'gpu-1': 0.756}",179.88000000000002,905.933,907.432,inf,910.033,910.033
913,TT2,BESTEFFORT,COMPLETED,cpu-1,906.257,"{'cpu-1': 1.973, 'gpu-1': 0.656}",236.76000000000002,907.432,909.405,inf,912.6569999999999,912.6569999999999
914,TT1,BESTEFFORT,COMPLETED,gpu-1,906.441,"{'cpu-1': 2.027, 'gpu-1': 0.935}",280.5,908.024,908.959,inf,910.541,910.541
915,TT2,BESTEFFORT,COMPLETED,gpu-1,907.978,"{'cpu-1': 2.992, 'gpu-1': 1.956}",586.8,908.959,910.915,inf,914.3779999999999,914.3779999999999
916,TT1,BESTEFFORT,COMPLETED,cpu-1,908.257,"{'cpu-1': 1.541, 'gpu-1': 0.904}",184.92,909.405,910.946,inf,912.357,912.357
917,TT1,BESTEFFORT,COMPLETED,gpu-1,908.608,"{'cpu-1': 1.309, 'gpu-1': 1.329}",398.7,910.915,912.2439999999999,inf,912.708,912.708
918,TT1,BESTEFFORT,COMPLETED,cpu-1,910.192,"{'cpu-1': 1.269, 'gpu-1': 1.135}",152.28,910.946,912.215,inf,914.292,914.292
919,TT1,BESTEFFORT,COMPLETED,gpu-1,910.489,"{'cpu-1': 1.749, 'gpu-1': 0.928}",278.40000000000003,912.2439999999999,913.1719999999999,inf,914.589,914.589
920,TT1,BESTEFFORT,COMPLETED,gpu-1,910.558,"{'cpu-1': 1.343, 'gpu-1': 1.242}",372.6,913.1719999999999,914.4139999999999,inf,914.658,914.658
921,TT1,BESTEFFORT,COMPLETED,cpu-1,911.149,"{'cpu-1': 1.405, 'gpu-1': 0.735}",168.6,912.215,913.62,inf,915.249,915.249
922,TT1,BESTEFFORT,COMPLETED,gpu-1,914.01,"{'cpu-1': 1.038, 'gpu-1': 1.191}",357.3,914.4139999999999,915.6049999999999,inf,918.11,918.11
923,TT2,BESTEFFORT,COMPLETED,gpu-1,915.446,"{'cpu-1': 5.775, 'gpu-1': 2.173}",651.9,915.6049999999999,917.7779999999999,inf,921.846,921.846
924,TT2,BESTEFFORT,COMPLETED,gpu-1,915.477,"{'cpu-1': 7.853, 'gpu-1': 2.899}",869.7,917.7779999999999,920.6769999999999,inf,921.877,921.877
925,TT2,BESTEFFORT,MISSED,cpu-1,915.953,"{'cpu-1': 11.972, 'gpu-1': 0.669}",767.9999999999973,915.953,inf,922.353,922.353,922.353
926,TT2,BESTEFFORT,COMPLETED,gpu-1,916.217,"{'cpu-1': 1.926, 'gpu-1': 1.891}",567.3,920.6769999999999,922.5679999999999,inf,922.617,922.617
927,TT2,BESTEFFORT,MISSED,gpu-1,916.412,"{'cpu-1': 6.145, 'gpu-1': 0.905}",73.20000000004256,922.5679999999999,inf,922.812,922.812,922.812
928,TT1,BESTEFFORT,MISSED,cpu-1,916.864,"{'cpu-1': 1.189, 'gpu-1': 0.613}",0.0,922.353,inf,922.353,920.964,920.964
929,TT2,BESTEFFORT,MISSED,cpu-1,920.628,"{'cpu-1': 11.869, 'gpu-1': 0.66}",561.0000000000082,922.353,inf,927.028,927.028,927.028
930,TT1,BESTEFFORT,MISSED,cpu-1,921.073,"{'cpu-1': 1.298, 'gpu-1': 0.93}",0.0,927.028,inf,927.028,925.173,925.173
931,TT1,BESTEFFORT,COMPLETED,gpu-1,921.384,"{'cpu-1': 1.29, 'gpu-1': 1.4}",420.0,922.812,924.212,inf,925.484,925.484
932,TT1,BESTEFFORT,COMPLETED,gpu-1,922.638,"{'cpu-1': 1.255, 'gpu-1': 1.11}",333.00000000000006,924.212,925.322,inf,926.738,926.738
933,TT2,BESTEFFORT,COMPLETED,gpu-1,922.999,"{'cpu-1': 3.169, 'gpu-1': 1.217}",365.1,925.322,926.539,inf,929.399,929.399
934,TT2,BESTEFFORT,COMPLETED,gpu-1,923.262,"{'cpu-1': 6.635, 'gpu-1': 1.295}",388.5,926.539,927.834,inf,929.6619999999999,929.6619999999999
935,TT2,BESTEFFORT,COMPLETED,gpu-1,927.257,"{'cpu-1': 12.036, 'gpu-1': 1.466}",439.8,927.834,929.3,inf,933.6569999999999,933.6569999999999
936,TT2,BESTEFFORT,COMPLETED,gpu-1,928.286,"{'cpu-1': 3.24, 'gpu-1': 1.236}",370.8,929.3,930.536,inf,934.6859999999999,934.6859999999999
937,TT1,BESTEFFORT,COMPLETED,cpu-1,933.287,"{'cpu-1': 1.311, 'gpu-1': 1.233}",157.32,933.287,934.5980000000001,inf,937.3870000000001,937.3870000000001
938,TT2,BESTEFFORT,COMPLETED,gpu-1,933.618,"{'cpu-1': 5.624, 'gpu-1': 0.738}",221.4,933.618,934.3560000000001,inf,940.018,940.018
939,TT2,BESTEFFORT,COMPLETED,gpu-1,934.92,"{'cpu-1': 12.348, 'gpu-1': 1.194}",358.2,934.92,936.1139999999999,inf,941.3199999999999,941.3199999999999
940,TT1,BESTEFFORT,COMPLETED,gpu-1,937.969,"{'cpu-1': 1.777, 'gpu-1': 0.783}",234.9,937.969,938.7520000000001,inf,942.0690000000001,942.0690000000001
941,TT2,BESTEFFORT,COMPLETED,gpu-1,938.435,"{'cpu-1': 6.309, 'gpu-1': 2.458}",737.4000000000001,938.7520000000001,941.21,inf,944.8349999999999,944.8349999999999
942,TT2,BESTEFFORT,COMPLETED,gpu-1,939.432,"{'cpu-1': 2.365, 'gpu-1': 0.682}",204.60000000000002,941.21,941.892,inf,945.832,945.832
943,TT1,BESTEFFORT,COMPLETED,cpu-1,939.44,"{'cpu-1': 1.967, 'gpu-1': 0.89}",236.04000000000002,939.44,941.407,inf,943.5400000000001,943.5400000000001
944,TT1,BESTEFFORT,COMPLETED,cpu-1,939.805,"{'cpu-1': 0.976, 'gpu-1': 0.611}",117.12,941.407,942.383,inf,943.905,943.905
945,TT1,BESTEFFORT,COMPLETED,gpu-1,940.307,"{'cpu-1': 1.319, 'gpu-1': 0.91}",273.0,941.892,942.802,inf,944.407,944.407
946,TT1,BESTEFFORT,COMPLETED,cpu-1,941.531,"{'cpu-1': 1.005, 'gpu-1': 1.213}",120.6,942.383,943.388,inf,945.631,945.631
947,TT2,BESTEFFORT,COMPLETED,gpu-1,942.862,"{'cpu-1': 1.591, 'gpu-1': 1.279}",383.7,942.862,944.141,inf,949.262,949.262
948,TT1,BESTEFFORT,COMPLETED,gpu-1,943.269,"{'cpu-1': 1.054, 'gpu-1': 0.587}",176.1,944.141,944.728,inf,947.369,947.369
949,TT1,BESTEFFORT,COMPLETED,gpu-1,946.551,"{'cpu-1': 2.027, 'gpu-1': 1.171}",351.3,946.551,947.7220000000001,inf,950.6510000000001,950.6510000000001
950,TT1,BESTEFFORT,COMPLETED,gpu-1,947.997,"{'cpu-1': 1.105, 'gpu-1': 0.879}",263.7,947.997,948.876,inf,952.097,952.097
951,TT1,BESTEFFORT,COMPLETED,gpu-1,949.662,"{'cpu-1': 1.289, 'gpu-1': 1.041}",312.29999999999995,949.662,950.7030000000001,inf,953.7620000000001,953.7620000000001
952,TT2,BESTEFFORT,COMPLETED,gpu-1,950.533,"{'cpu-1': 2.043, 'gpu-1': 0.557}",167.10000000000002,950.7030000000001,951.2600000000001,inf,956.933,956.933
953,TT2,BESTEFFORT,COMPLETED,gpu-1,950.887,"{'cpu-1': 11.548, 'gpu-1': 0.699}",209.7,951.2600000000001,951.9590000000001,inf,957.2869999999999,957.2869999999999
954,TT2,BESTEFFORT,COMPLETED,gpu-1,951.087,"{'cpu-1': 5.062, 'gpu-1': 1.605}",481.5,951.9590000000001,953.5640000000001,inf,957.487,957.487
955,TT2,BESTEFFORT,COMPLETED,gpu-1,952.006,"{'cpu-1': 3.133, 'gpu-1': 1.737}",521.1,953.5640000000001,955.301,inf,958.406,958.406
956,TT2,BESTEFFORT,COMPLETED,gpu-1,952.091,"{'cpu-1': 2.346, 'gpu-1': 0.819}",245.7,955.301,956.12,inf,958.491,958.491
957,TT2,BESTEFFORT,COMPLETED,gpu-1,952.1,"{'cpu-1': 12.172, 'gpu-1': 1.335}",400.5,956.12,957.455,inf,958.5,958.5
958,TT1,BESTEFFORT,COMPLETED,cpu-1,953.711,"{'cpu-1': 1.08, 'gpu-1': 0.785}",129.60000000000002,953.711,954.791,inf,957.811,957.811
959,TT2,BESTEFFORT,COMPLETED,gpu-1,955.917,"{'cpu-1': 3.381, 'gpu-1': 1.275}",382.5,957.455,958.73,inf,962.317,962.317
960,TT2,BESTEFFORT,COMPLETED,cpu-1,956.78,"{'cpu-1': 4.516, 'gpu-1': 0.894}",541.92,956.78,961.2959999999999,inf,963.18,963.18
961,TT2,BESTEFFORT,COMPLETED,gpu-1,956.81,"{'cpu-1': 5.824, 'gpu-1': 1.241}",372.3,958.73,959.971,inf,963.2099999999999,963.2099999999999
962,TT1,BESTEFFORT,MISSED,cpu-1,956.969,"{'cpu-1': 1.218, 'gpu-1': 1.151}",0.0,961.2959999999999,inf,961.2959999999999,961.0690000000001,961.0690000000001
963,TT2,BESTEFFORT,COMPLETED,gpu-1,957.276,"{'cpu-1': 2.578, 'gpu-1': 2.908}",872.4,959.971,962.879,inf,963.6759999999999,963.6759999999999
964,TT2,BESTEFFORT,MISSED,gpu-1,957.921,"{'cpu-1': 6.215, 'gpu-1': 2.278}",432.6000000000022,962.879,inf,964.321,964.321,964.321
965,TT2,BESTEFFORT,COMPLETED,cpu-1,958.0,"{'cpu-1': 1.926, 'gpu-1': 0.673}",231.12,961.2959999999999,963.222,inf,964.4,964.4
966,TT2,BESTEFFORT,MISSED,gpu-1,959.349,"{'cpu-1': 10.999, 'gpu-1': 2.59}",428.3999999999992,964.321,inf,965.749,965.749,965.749
967,TT1,BESTEFFORT,MISSED,cpu-1,959.564,"{'cpu-1': 1.288, 'gpu-1': 1.401}",53.04000000000087,963.222,inf,963.664,963.664,963.664
968,TT2,BESTEFFORT,MISSED,gpu-1,960.015,"{'cpu-1': 2.395, 'gpu-1': 1.014}",199.799999999982,965.749,inf,966.415,966.415,966.415
969,TT1,BESTEFFORT,MISSED,cpu-1,960.041,"{'cpu-1': 1.987, 'gpu-1': 0.946}",57.240000000010696,963.664,inf,964.1410000000001,964.1410000000001,964.1410000000001
970,TT1,BESTEFFORT,COMPLETED,cpu-1,962.632,"{'cpu-1': 1.799, 'gpu-1': 0.619}",215.88,964.1410000000001,965.94,inf,966.732,966.732
971,TT1,BESTEFFORT,COMPLETED,gpu-1,964.94,"{'cpu-1': 1.934, 'gpu-1': 0.919}",275.7,966.415,967.334,inf,969.0400000000001,969.0400000000001
972,TT2,BESTEFFORT,COMPLETED,gpu-1,965.02,"{'cpu-1': 2.794, 'gpu-1': 2.845}",853.5000000000001,967.334,970.179,inf,971.42,971.42
973,TT2,BESTEFFORT,COMPLETED,cpu-1,965.416,"{'cpu-1': 1.969, 'gpu-1': 2.838}",236.28,965.94,967.9090000000001,inf,971.816,971.816
974,TT2,BESTEFFORT,COMPLETED,cpu-1,965.43,"{'cpu-1': 3.815, 'gpu-1': 3.127}",457.8,967.9090000000001,971.7240000000002,inf,971.8299999999999,971.8299999999999
975,TT1,BESTEFFORT,COMPLETED,gpu-1,972.264,"{'cpu-1': 1.212, 'gpu-1': 1.174}",352.2,972.264,973.438,inf,976.364,976.364
976,TT1,BESTEFFORT,COMPLETED,cpu-1,972.673,"{'cpu-1': 1.499, 'gpu-1': 1.222}",179.88000000000002,972.673,974.172,inf,976.773,976.773
977,TT1,BESTEFFORT,COMPLETED,gpu-1,976.736,"{'cpu-1': 1.785, 'gpu-1': 0.901}",270.3,976.736,977.637,inf,980.836,980.836
978,TT1,BESTEFFORT,COMPLETED,gpu-1,979.785,"{'cpu-1': 1.812, 'gpu-1': 0.96}",288.0,979.785,980.745,inf,983.885,983.885
979,TT1,BESTEFFORT,COMPLETED,gpu-1,989.581,"{'cpu-1': 1.523, 'gpu-1': 1.339}",401.7,989.581,990.9200000000001,inf,993.681,993.681
980,TT1,BESTEFFORT,COMPLETED,gpu-1,990.48,"{'cpu-1': 1.983, 'gpu-1': 0.841}",252.29999999999998,990.9200000000001,991.7610000000001,inf,994.58,994.58
981,TT1,BESTEFFORT,COMPLETED,gpu-1,992.675,"{'cpu-1': 1.109, 'gpu-1': 0.895}",268.5,992.675,993.5699999999999,inf,996.775,996.775
982,TT1,BESTEFFORT,COMPLETED,gpu-1,994.149,"{'cpu-1': 1.442, 'gpu-1': 0.597}",179.1,994.149,994.746,inf,998.249,998.249
983,TT1,BESTEFFORT,COMPLETED,cpu-1,994.293,"{'cpu-1': 1.86, 'gpu-1': 0.849}",223.20000000000002,994.293,996.153,inf,998.393,998.393
984,TT1,BESTEFFORT,COMPLETED,gpu-1,994.675,"{'cpu-1': 1.292, 'gpu-1': 0.948}",284.4,994.746,995.694,inf,998.775,998.775
985,TT1,BESTEFFORT,COMPLETED,gpu-1,995.767,"{'cpu-1': 2.146, 'gpu-1': 0.619}",185.7,995.767,996.3860000000001,inf,999.8670000000001,999.8670000000001
986,TT1,BESTEFFORT,COMPLETED,cpu-1,996.898,"{'cpu-1': 1.461, 'gpu-1': 0.957}",175.32000000000002,996.898,998.359,inf,1000.998,1000.998
987,TT1,BESTEFFORT,COMPLETED,gpu-1,999.495,"{'cpu-1': 1.293, 'gpu-1': 0.883}",264.9,999.495,1000.378,inf,1003.595,1003.595
988,TT1,BESTEFFORT,COMPLETED,gpu-1,1000.226,"{'cpu-1': 1.499, 'gpu-1': 1.134}",340.2,1000.378,1001.5120000000001,inf,1004.326,1004.326
989,TT1,BESTEFFORT,COMPLETED,gpu-1,1001.785,"{'cpu-1': 0.996, 'gpu-1': 1.459}",437.70000000000005,1001.785,1003.2439999999999,inf,1005.885,1005.885
990,TT1,BESTEFFORT,COMPLETED,gpu-1,1002.436,"{'cpu-1': 1.516, 'gpu-1': 0.753}",225.9,1003.2439999999999,1003.997,inf,1006.5360000000001,1006.5360000000001
991,TT1,BESTEFFORT,COMPLETED,gpu-1,1009.936,"{'cpu-1': 2.459, 'gpu-1': 0.63}",189.0,1009.936,1010.566,inf,1014.0360000000001,1014.0360000000001
992,TT1,BESTEFFORT,COMPLETED,gpu-1,1013.484,"{'cpu-1': 1.456, 'gpu-1': 0.872}",261.6,1013.484,1014.356,inf,1017.5840000000001,1017.5840000000001
993,TT1,BESTEFFORT,COMPLETED,gpu-1,1014.1,"{'cpu-1': 1.181, 'gpu-1': 1.344}",403.20000000000005,1014.356,1015.7,inf,1018.2,1018.2
994,TT1,BESTEFFORT,COMPLETED,gpu-1,1014.869,"{'cpu-1': 1.907, 'gpu-1': 0.848}",254.4,1015.7,1016.548,inf,1018.969,1018.969
995,TT1,BESTEFFORT,COMPLETED,gpu-1,1017.012,"{'cpu-1': 1.051, 'gpu-1': 0.931}",279.3,1017.012,1017.943,inf,1021.112,1021.112
996,TT1,BESTEFFORT,COMPLETED,gpu-1,1017.605,"{'cpu-1': 0.994, 'gpu-1': 0.946}",283.8,1017.943,1018.889,inf,1021.705,1021.705
997,TT1,BESTEFFORT,COMPLETED,gpu-1,1020.172,"{'cpu-1': 1.216, 'gpu-1': 0.88}",264.0,1020.172,1021.052,inf,1024.272,1024.272
998,TT1,BESTEFFORT,COMPLETED,gpu-1,1023.657,"{'cpu-1': 1.216, 'gpu-1': 1.109}",332.7,1023.657,1024.766,inf,1027.757,1027.757
999,TT1,BESTEFFORT,COMPLETED,gpu-1,1026.604,"{'cpu-1': 1.104, 'gpu-1': 0.617}",185.1,1026.604,1027.221,inf,1030.704,1030.704
